1 0.09375 0.09609375 0.053125 0.14765625
1 0.13828125 0.10703125 0.03984375 0.15859375
1 0.17421875 0.1234375 0.03515625 0.17109375
1 0.2078125 0.14609375 0.0328125 0.1765625
1 0.2375 0.14453125 0.0390625 0.1671875
1 0.27265625 0.14296875 0.0359375 0.16953125
1 0.3078125 0.14140625 0.0375 0.1640625
1 0.3421875 0.1390625 0.0390625 0.1609375
1 0.375 0.14765625 0.040625 0.14921875
1 0.41953125 0.15859375 0.04765625 0.1484375
1 0.465625 0.1625 0.0359375 0.1578125
1 0.5 0.15625 0.03515625 0.1515625
1 0.53515625 0.16484375 0.0359375 0.1515625
1 0.57109375 0.1578125 0.03671875 0.14609375
1 0.60546875 0.14765625 0.03984375 0.1640625
1 0.63671875 0.15078125 0.0328125 0.15546875
1 0.66328125 0.1484375 0.02890625 0.14140625
1 0.68984375 0.16484375 0.03359375 0.13984375
1 0.71796875 0.1546875 0.0359375 0.15234375
1 0.75 0.14453125 0.0375 0.1421875
1 0.78828125 0.15625 0.03671875 0.14375
1 0.82890625 0.15859375 0.04375 0.15546875
1 0.075 0.22890625 0.05703125 0.13203125
1 0.11796875 0.24375 0.0390625 0.140625
1 0.15234375 0.253125 0.04765625 0.1515625
1 0.19921875 0.275 0.0421875 0.13671875
1 0.234375 0.2734375 0.05078125 0.15390625
1 0.28046875 0.28203125 0.0453125 0.1453125
1 0.31875 0.28515625 0.04140625 0.1484375
1 0.35546875 0.2921875 0.0359375 0.146875
1 0.3859375 0.2953125 0.03984375 0.15234375
1 0.425 0.2921875 0.04453125 0.14140625
1 0.46953125 0.29609375 0.040625 0.1171875
1 0.50703125 0.29296875 0.04375 0.14140625
1 0.54375 0.3015625 0.04453125 0.13515625
1 0.58203125 0.29453125 0.0421875 0.14296875
1 0.61328125 0.29453125 0.04765625 0.14453125
1 0.65546875 0.296875 0.04140625 0.15703125
1 0.6984375 0.3078125 0.04453125 0.1484375
1 0.73828125 0.30859375 0.04140625 0.1578125
1 0.775 0.3046875 0.046875 0.15234375
1 0.8109375 0.3 0.0359375 0.15546875
1 0.84453125 0.3125 0.0453125 0.15703125
1 0.07734375 0.365625 0.0546875 0.13359375
1 0.125 0.371875 0.0453125 0.12265625
1 0.1734375 0.384375 0.05703125 0.128125
1 0.22265625 0.40078125 0.04453125 0.12578125
1 0.26640625 0.40625 0.0359375 0.12421875
1 0.30078125 0.41484375 0.0453125 0.13125
1 0.34375 0.41484375 0.05078125 0.1375
1 0.38515625 0.42578125 0.04453125 0.134375
1 0.42578125 0.415625 0.0453125 0.121875
1 0.46796875 0.43125 0.040625 0.14296875
1 0.50234375 0.4328125 0.0359375 0.14296875
1 0.54609375 0.43984375 0.0484375 0.1484375
1 0.5796875 0.43125 0.04609375 0.146875
1 0.628125 0.4359375 0.053125 0.1609375
1 0.67265625 0.434375 0.04765625 0.140625
1 0.71875 0.43515625 0.04609375 0.15546875
1 0.75859375 0.45 0.034375 0.13359375
1 0.80078125 0.44609375 0.046875 0.14609375
1 0.86484375 0.4546875 0.065625 0.1375
1 0.8703125 0.5921875 0.0640625 0.146875
1 0.81796875 0.5640625 0.05234375 0.1265625
1 0.7625 0.56328125 0.05 0.13984375
1 0.7125 0.56875 0.05859375 0.13984375
1 0.66484375 0.5703125 0.04921875 0.1328125
1 0.609375 0.5890625 0.053125 0.14375
1 0.565625 0.57890625 0.040625 0.12421875
1 0.53671875 0.578125 0.0359375 0.1421875
1 0.50625 0.56796875 0.03671875 0.14140625
1 0.46875 0.56875 0.04453125 0.14609375
1 0.4265625 0.55859375 0.0421875 0.14375
1 0.39609375 0.5453125 0.0375 0.140625
1 0.3625 0.55078125 0.0328125 0.14765625
1 0.32734375 0.5421875 0.0375 0.15390625
1 0.290625 0.5390625 0.04140625 0.13671875
1 0.2515625 0.5234375 0.0390625 0.1421875
1 0.2171875 0.5234375 0.03984375 0.13984375
1 0.18359375 0.51796875 0.03671875 0.13359375
1 0.1546875 0.51796875 0.0359375 0.153125
1 0.11640625 0.51015625 0.04453125 0.1359375
1 0.07109375 0.4953125 0.0578125 0.12578125
1 0.0625 0.63828125 0.04921875 0.18203125
1 0.1046875 0.64140625 0.0390625 0.1921875
1 0.1375 0.65859375 0.03828125 0.190625
1 0.17578125 0.6703125 0.04453125 0.19140625
1 0.21171875 0.66796875 0.034375 0.17578125
1 0.2453125 0.67734375 0.0375 0.1828125
1 0.284375 0.6828125 0.03359375 0.1765625
1 0.31796875 0.6890625 0.03046875 0.1828125
1 0.346875 0.6984375 0.03125 0.20078125
1 0.378125 0.69921875 0.03359375 0.19765625
1 0.41328125 0.7125 0.03359375 0.19453125
1 0.44765625 0.7203125 0.0359375 0.18984375
1 0.4796875 0.7171875 0.0375 0.1734375
1 0.51953125 0.72265625 0.03828125 0.1859375
1 0.571875 0.71953125 0.04921875 0.1515625
1 0.615625 0.71875 0.04609375 0.15625
1 0.66015625 0.725 0.053125 0.1984375
1 0.7125 0.7109375 0.0515625 0.15390625
1 0.76171875 0.71796875 0.04765625 0.19453125
1 0.81875 0.725 0.053125 0.178125
1 0.86640625 0.7546875 0.04921875 0.18125
1 0.05390625 0.83125 0.05234375 0.184375
1 0.0984375 0.85 0.040625 0.2046875
1 0.13515625 0.85703125 0.04296875 0.228125
1 0.1703125 0.85625 0.03359375 0.209375
1 0.1984375 0.84921875 0.03671875 0.1984375
1 0.23046875 0.8671875 0.02890625 0.221875
1 0.259375 0.86875 0.0375 0.2046875
1 0.2953125 0.8765625 0.03671875 0.203125
1 0.33046875 0.8859375 0.0359375 0.19140625
1 0.37578125 0.88515625 0.0296875 0.19140625
1 0.40703125 0.89375 0.05 0.190625
1 0.45390625 0.8953125 0.04140625 0.209375
1 0.4890625 0.90078125 0.034375 0.19765625
1 0.52578125 0.9046875 0.034375 0.1859375
1 0.5609375 0.90703125 0.034375 0.1859375
1 0.603125 0.90234375 0.040625 0.1828125
1 0.6421875 0.90859375 0.03125 0.1828125
1 0.6765625 0.91015625 0.0328125 0.17578125
1 0.7125 0.90859375 0.0375 0.1828125
1 0.753125 0.9109375 0.03359375 0.178125
1 0.790625 0.9140625 0.0421875 0.171875
1 0.82109375 0.90078125 0.04296875 0.1953125
1 0.86875 0.89765625 0.0703125 0.19140625