1 0.8513670572797881 0.031230256639299393 0.07851588544042372 0.062460513278598785
1 0.8059863795866911 0.04306263612779461 0.06615224082661797 0.08612527225558922
1 0.7723017259958949 0.058787630077670405 0.06789654800821018 0.11757526015534081
1 0.7401795724050988 0.07450353366846658 0.06651585518980241 0.14900706733693317
1 0.7081483224050988 0.07460352761834238 0.0712033551898024 0.14920705523668476
1 0.6721971868664793 0.07704727156821818 0.06810562626704134 0.15409454313643636
1 0.6354693465073996 0.07871885587717359 0.06968630698520073 0.15743771175434718
1 0.6010852561483201 0.08038134982704939 0.06970448770335977 0.16076269965409878
1 0.5682136688143025 0.08887860929501915 0.07124880698520072 0.1613465661585828
1 0.5235687893258073 0.10866893452878826 0.07750789734428025 0.16294542759490124
1 0.4766256116327102 0.12066039530117678 0.0666158491396784 0.17069429508134398
1 0.4399068616327102 0.1208740187395478 0.06501698770335977 0.1644352047222643
1 0.405440958041914 0.1366990066392994 0.06501698770335995 0.1644352047222643
1 0.36716879840099365 0.13535922043675003 0.06654312626704142 0.15819429508134392
1 0.3296869791191529 0.13245238905466084 0.07290221057599684 0.17698065651766243
1 0.298386982144215 0.1412279462362532 0.06346357806243948 0.1659886143631847
1 0.27024834660559555 0.1437353226996863 0.05713176483072289 0.1518897529268662
1 0.2459023315784809 0.1657512232654204 0.060247674471643364 0.15034543364502548
1 0.21467960265571975 0.16124553044701276 0.06501698770335987 0.1644352047222643
1 0.17955971409203825 0.15520006352630417 0.06496244554888211 0.15506020472226437
1 0.142727334603543 0.17494493696467517 0.06339994554888215 0.1550511143631847
1 0.1004852924490653 0.18456537665982484 0.0759817587805987 0.1691863372358217
1 0.8914829971713296 0.1159031549655383 0.08366699375348433 0.14735678903121974
1 0.8507216417851353 0.13957700430160833 0.06650676483072289 0.15194429508134394
1 0.8162557381943392 0.15540199220135992 0.0775260780624393 0.16607042759490126
1 0.7723284761922866 0.18612527225558922 0.06961358411256366 0.14883747579950315
1 0.735577909935508 0.19180764569396022 0.08066016842151917 0.16765110831306052
1 0.6893841659856321 0.20926331128680897 0.07436471662612103 0.159802246876742
1 0.6502580334720749 0.22042807026379937 0.07124880698520072 0.16134656615858275
1 0.614243265419898 0.2339183985226306 0.06498062626704133 0.15818520472226433
1 0.5821574732654204 0.24347975088376278 0.06814198770335977 0.16445338544042354
1 0.5415097473677214 0.24762235021983284 0.07276585518980241 0.15354315651766245
1 0.4961290696746243 0.2596047206331418 0.06481699980360815 0.13006020472226432
1 0.45704384377692514 0.26373822961013216 0.07121244554888229 0.15509656615858275
1 0.4202387353656688 0.2787956030485032 0.07116699375348397 0.14728406615858275
1 0.37960919018612904 0.2798132023845733 0.06964994554888211 0.15508747579950316
1 0.34755066910889015 0.28468705474570544 0.07591812626704142 0.15824883723582167
1 0.3045228317748726 0.29509328962039494 0.07286584913967831 0.17073065651766245
1 0.2622217022863774 0.3148699793155446 0.07438289734428025 0.16292724687674198
1 0.22155125049097935 0.32291882865161464 0.07286584913967839 0.17073065651766245
1 0.18247511495235988 0.3254898376286051 0.07752607806243947 0.1660704275949012
1 0.14418022941374048 0.32805630142605574 0.06659766842151908 0.16756929508134394
1 0.11203989510478504 0.34699265378718785 0.07599993949875797 0.17231133723582168
1 0.9140932744950845 0.257954299579344 0.08211358411256384 0.14891019867214011
1 0.866350666083828 0.27307530553127235 0.06953177088084708 0.13477497579950323
1 0.8185716962362533 0.29444631148320066 0.08207722267624504 0.14266019867214014
1 0.7707609101318997 0.32128606743512905 0.06954995159900648 0.13789997579950314
1 0.7253665969001831 0.33561218784843794 0.060165861239926774 0.13628293364502558
1 0.6909052384889268 0.35065592574818955 0.07114881303532491 0.14415906615858276
1 0.6471097866935287 0.35872295580241886 0.07744426483072289 0.1520079275949012
1 0.6063757023845733 0.3777093051384889 0.07116699375348397 0.14728406615858275
1 0.5626438831027325 0.3748388351927182 0.06953177088084708 0.13477497579950323
1 0.5218779825369985 0.39929393452878825 0.0680874455488821 0.15507838544042354
1 0.4866762807416004 0.4073109676080796 0.06339994554888229 0.1550511143631848
1 0.44205867233034396 0.42241379284184877 0.07750789734428025 0.16294542759490122
1 0.4061348078689634 0.4202791211006799 0.07592721662612104 0.1598113372358217
1 0.3568387898167867 0.43384671741168795 0.08540221057599684 0.17705337939029936
1 0.3114899283804682 0.44036033782499684 0.0758908551898025 0.1535613372358217
1 0.2637791362259905 0.45001259377692515 0.0775442587805987 0.1691954275949012
1 0.22458482601933602 0.4728961027539157 0.060220403394404445 0.14565793364502538
1 0.1800353953011768 0.47628017798768474 0.07748971662612099 0.1598204275949012
1 0.11585017545360195 0.497746632709949 0.09307835518980254 0.1536613311856975
1 0.1337684075978169 0.6406062984009937 0.09470448770335986 0.16460792154477702
1 0.18399566657480734 0.6012529069104459 0.07894313231716561 0.1410795179539809
1 0.24030475390882486 0.5907694039835796 0.07901585518980259 0.1535795179539809
1 0.29423372980652396 0.5865495365953328 0.08840903590796181 0.15675906010845858
1 0.3427075912428424 0.5800177354638647 0.07584540339440445 0.1457488372358217
1 0.4035950942679046 0.5882569614597596 0.08216812626704133 0.15828519867214014
1 0.4466683833973201 0.5700382265850701 0.0648533612399266 0.13631020472226432
1 0.4771734948336386 0.5636109645830176 0.0633999455488821 0.1550511143631848
1 0.5061751936039747 0.5470365429400447 0.0633908551898024 0.15348861436318478
1 0.5460507598607532 0.5413359887835144 0.07436471662612103 0.159802246876742
1 0.5867893893492484 0.5215683894474443 0.06964994554888229 0.15508747579950324
1 0.616581428478664 0.5034269226249315 0.06494426483072288 0.15193520472226432
1 0.6509609736582039 0.50244568472518 0.06186471662612085 0.1597295240041051
1 0.686989377249 0.48661160646634877 0.06815107806243947 0.16601588544042353
1 0.7237672145830175 0.4762417330279778 0.06961358411256366 0.14883747579950324
1 0.7621848199692118 0.4525815192305271 0.06652494554888229 0.155069295081344
1 0.7973774314055303 0.4461269861512357 0.06650676483072289 0.15194429508134402
1 0.8310348139190877 0.43499404343102394 0.06178290339440444 0.14566702400410508
1 0.8607541301758662 0.4293525766085112 0.0665885780624393 0.16600679508134383
1 0.8999075337666624 0.4135003176315208 0.07117608411256385 0.14884656615858277
1 0.943008093973317 0.3905940827568313 0.082059041958086 0.13953519867214012
1 0.9656047357584523 0.5349889773706369 0.06364538524403188 0.1972386143631848
1 0.9342820128858154 0.5476707845522293 0.07620901775758923 0.2082488372358217
1 0.9036814526791609 0.5705042965542819 0.07619083703942983 0.20512383723582167
1 0.8652865731906656 0.5902582603517326 0.08244083703942984 0.20516019867214014
1 0.8285450972929667 0.5943781337901035 0.06827834308955402 0.18789088544042354
1 0.7948558985226306 0.6109798265103153 0.07301129488495235 0.19573065651766247
1 0.7557206756499937 0.6237070854873058 0.06671584308955403 0.187881795081344
1 0.7228354527773567 0.6363979830279778 0.06518970452587265 0.1941227047222643
1 0.6930615943661003 0.6514144498504905 0.06999537919390768 0.21446247579950323
1 0.6617706877502421 0.6586275070320828 0.07153060811666875 0.20978406615858275
1 0.6280633082617468 0.6783541997522946 0.07151242739850953 0.20665906615858276
1 0.5943831998504905 0.6933933924725064 0.07305674668035031 0.20354315651766247
1 0.559213314311871 0.6959416755517978 0.0713942527304745 0.18634656615858275
1 0.5200735462596943 0.7094501845287883 0.0746010659621911 0.200427246876742
1 0.4653542300029157 0.7152370970965749 0.07908857806243948 0.1660795179539809
1 0.4200008233870573 0.7225319675098838 0.07755334913967822 0.17075792759490122
1 0.3745974197962612 0.7384205879231927 0.09343287919390768 0.2145988311856975
1 0.31916048605303987 0.7332745456705191 0.08066016842151917 0.16765110831306043
1 0.26906503728270387 0.7499716871610669 0.08560219847574838 0.21142837939029918
1 0.21115254333282812 0.7674955304470128 0.08862720452587265 0.19425906010845856
1 0.16638948917629784 0.8075983556807819 0.08552038524403183 0.19736587939029954
1 0.9863298053348807 0.7325179623435224 0.019904475603111392 0.19854658430895533
1 0.9666349288714475 0.7607565918320176 0.05909424063022613 0.22064884328594586
1 0.9407718656397309 0.7749690827568312 0.08735559601642037 0.24424996974937904
1 0.9047980042034125 0.7814281610156625 0.07316583098930565 0.2222931565176623
1 0.8743428897420319 0.779261673017715 0.07466469847574828 0.21136474687674217
1 0.8437332391762979 0.8036576850197676 0.07323855386194253 0.23479315651766228
1 0.8140048325604395 0.8108616518422803 0.0778351502711466 0.2191954275949012
1 0.7787622241491832 0.8259099349215717 0.07469196955298721 0.21605224687674215
1 0.744296320558387 0.8417349228213233 0.07305674668035031 0.20354315651766228
1 0.697375868762989 0.8498201335937118 0.06680674668035032 0.20350679508134384
1 0.6660395103517326 0.8648456907753042 0.08869992739850954 0.20675906010845857
1 0.6183378085563345 0.8729354467272324 0.08253174063022613 0.22078519867214014
1 0.5823275856836976 0.8856445249860638 0.07151242739850953 0.20665906615858276
1 0.5455406579906004 0.8975768984244347 0.06989538524403187 0.19727497579950323
1 0.5087946369133615 0.9024780218628058 0.06984993344863391 0.18946247579950323
1 0.46346850137474205 0.9050853922761147 0.07607266237139498 0.1848113372358217
1 0.4259275947588838 0.9123348108940256 0.0666158491396784 0.1706942950813442
1 0.3899582785021051 0.9180126391528567 0.06655221662612103 0.15975679508134383
1 0.35323952850210516 0.9182262625912276 0.07123971662612102 0.15978406615858276
1 0.3102298718862469 0.9255074974659173 0.06647040339440444 0.14569429508134418
1 0.27347930562946826 0.9311898709042883 0.07421927088084708 0.13480224687674217
1 0.23916339296348577 0.9212336088040398 0.08058744554888211 0.15515110831306062
1 0.1907077122453265 0.9246404099355079 0.10867608411256366 0.14906473477649343