1 0.09130002939864215 0.07378918949601646 0.15451043758467106 0.06066001834240007
1 0.09908155189987936 0.11880617280296904 0.16323034034363304 0.04843280298213615
1 0.11434470375433019 0.15502481763011952 0.1770471788782438 0.044154479941740286
1 0.13519943634147563 0.18874058808409067 0.18009029172311405 0.042682908154985634
1 0.13047763681644547 0.219300266297336 0.17252345318850332 0.04714308762187223
1 0.1262504822484612 0.25530596245727005 0.17400406603337357 0.045626051728494946
1 0.1235858276804769 0.2912661945105814 0.16775406603337353 0.045444195302004255
1 0.11865931026762236 0.32573212272382673 0.16627345318850328 0.046961231195381536
1 0.12471123643233269 0.35909855219071335 0.15385534034363305 0.048160018342400066
1 0.13249275893356988 0.40411553549766593 0.15426477611928183 0.05597251834239998
1 0.13316114427967735 0.4508996072844205 0.16150406603337353 0.045262338875513564
1 0.12432837686682278 0.48547919576422255 0.15517217887824378 0.0435179824490227
1 0.1302574722988385 0.5211893752311092 0.15525406603337358 0.0450804824490227
1 0.12052062415328932 0.5581354457642226 0.15056656603337357 0.04494409012915455
1 0.10852191316286992 0.5935872124572701 0.16948034034363305 0.04861465940862679
1 0.10844667006027486 0.6247917483506473 0.15977779172311407 0.04209187476889085
1 0.10466989484550422 0.6522036945105814 0.1454696302577248 0.03699519780928675
1 0.11968406320829843 0.6782888213910432 0.14259029172311405 0.041591769596041314
1 0.10723165083839803 0.707513320137402 0.15681656603337352 0.04512594655564541
1 0.0938342141582381 0.7398855509370721 0.1459609531885033 0.04637019780928675
1 0.10428703527999432 0.7785843380840907 0.14900406603337357 0.04489862602253201
1 0.10289827566905589 0.8199678560307794 0.16026911465389254 0.05146687476889085
1 0.22809734452750458 0.0534275622198432 0.13904921189493055 0.06333037727617326
1 0.24064825418387148 0.09674565320692771 0.146042840343633 0.04793269780928666
1 0.2466182931934521 0.13167458267381432 0.1573897761192818 0.056063446555645415
1 0.2659957349619947 0.1786943351810968 0.1415191146538925 0.0509213054894186
1 0.26254983039401036 0.21467729928771945 0.1606785504295413 0.05927937476889076
1 0.26712446574011783 0.2613477108079174 0.151057888964152 0.05431909012915472
1 0.268202286861874 0.300319282594672 0.15237472749876285 0.04967705423577744
1 0.2725279387163248 0.3368561761681813 0.15204717887824382 0.04342705423577744
1 0.27401519561372983 0.36801524795493595 0.156980340343633 0.048250946555645415
1 0.26723957315792113 0.40799539027480397 0.14628850180902225 0.05262019780928675
1 0.2687710956591583 0.4531942300082473 0.12096095318850324 0.04564277210332364
1 0.2628586103584794 0.49158914027480394 0.1462066146538926 0.05105769780928675
1 0.2679245686353654 0.5288845517950019 0.14003850180902228 0.052438341382795885
1 0.25884613975712156 0.5681516402748039 0.14768722749876284 0.049540661915909466
1 0.25720839665452655 0.5994016402748039 0.15113977611928178 0.05588159012915472
1 0.2565599434660232 0.6415436761681812 0.16174972749876276 0.04994983887551356
1 0.26438240954482534 0.6857794094751339 0.15253850180902226 0.05280205423577726
1 0.26225334351145174 0.726404409475134 0.16174972749876276 0.04994983887551356
1 0.2556414953659026 0.7632595517950019 0.15887038896415212 0.05454641066226813
1 0.24824839722035338 0.8001374261681813 0.15994156603337356 0.045216874768890844
1 0.25816562980749885 0.8341714453685112 0.16355788896415202 0.05468280298213628
1 0.3669141830621153 0.05406875673042457 0.1389673247398008 0.06176787727617326
1 0.369844431253093 0.1023471323572452 0.12910100180902226 0.052120092636437174
1 0.3789837358665058 0.15122490155757506 0.13592421189493056 0.06323944906292792
1 0.3919474033247889 0.20155151049134826 0.1305816146538925 0.05060305674305985
1 0.3943011194035909 0.24594636817148025 0.12860967887824373 0.04274509263643722
1 0.4010524084131715 0.28085256558505545 0.13847600180902225 0.052392877276173255
1 0.3980192616471034 0.3238440476383668 0.1450535504295413 0.058824733702664035
1 0.4059645584586001 0.36573603094531937 0.14003850180902228 0.052438341382795975
1 0.3936382988476616 0.40743779763836685 0.12910100180902226 0.05212009263643722
1 0.4054489020815934 0.44999737067876266 0.14760534034363318 0.047978161915909465
1 0.40516894109117396 0.48510815657214 0.14735967887824372 0.04329066191590929
1 0.4090851571699761 0.5294575501456492 0.15434666327441154 0.05753501834239998
1 0.39716833333468643 0.5633468168386967 0.15418288896415203 0.05441001834239998
1 0.39923544437053443 0.6132104245188287 0.16701043758467105 0.061023731195381535
1 0.39455791044933647 0.6578098706787626 0.14645227611928177 0.05574519780928675
1 0.3921012957954439 0.7046848706787626 0.1619953889641521 0.054637338875513565
1 0.40399378618450543 0.7456819437191585 0.13790279172311415 0.04145537727617317
1 0.3970543894184373 0.7887870860390266 0.15262038896415203 0.05436455423577744
1 0.40150951605811747 0.8526222655059132 0.14579053482570908 0.07288723370266367
1 0.5409028867049038 0.8571469779631833 0.1551655348257091 0.07316001834239998
1 0.5156439371344451 0.8032778318823915 0.13255355042954128 0.05846102084968265
1 0.5185918747191163 0.7470278318823915 0.14653416327441154 0.05730769780928675
1 0.5275032072608331 0.6960647254559008 0.14702548620519007 0.06668269780928675
1 0.5330848219147257 0.6490987972426554 0.13863977611928177 0.05551787727617317
1 0.5563862030769616 0.5914765138565605 0.1514673247398008 0.06213159012915472
1 0.5485227934205946 0.548022030549608 0.12721095318850323 0.045824628529814504
1 0.5500786493680601 0.5183345305496079 0.14587906603337367 0.04480769780928675
1 0.5415191988930902 0.4881612972426554 0.14587906603337367 0.04480769780928675
1 0.5459101277713339 0.4490306010827214 0.15097600180902226 0.05275659012915472
1 0.5380057745374021 0.4063573677757688 0.1493316146538925 0.05114862602253201
1 0.5263622676399973 0.3754938126820616 0.14587906603337367 0.04480769780928666
1 0.5343728414752869 0.34171820625557087 0.15188340456798421 0.04030205423577744
1 0.5276624960432711 0.3060307588419956 0.15837906603337348 0.04517141066226813
1 0.5272840377663852 0.26859895500192965 0.14143722749876275 0.0493588054894186
1 0.5145284102221938 0.2291871140148451 0.14596095318850325 0.04637019780928666
1 0.5163299276350484 0.19481211401484513 0.14448034034363316 0.04788723370266399
1 0.5134439450479029 0.16057350633471318 0.13642217887824373 0.04297241316955058
1 0.5157810509953682 0.13086327428140182 0.15837906603337365 0.04517141066226813
1 0.510837923451177 0.09122411276120389 0.14003850180902228 0.05243834138279595
1 0.4991501509499397 0.04632078972080801 0.13288109905006032 0.06471102084968253
1 0.6440089495704587 0.035865359858210016 0.18872166327441153 0.05853522868809905
1 0.6448820528043905 0.07874318164496466 0.19752345318850323 0.04787051332783512
1 0.6595277289691008 0.1118595585254265 0.19596095318850323 0.047825049221212446
1 0.6684180500908571 0.15060380977906773 0.1962066146538927 0.05251254922121244
1 0.6641908955228727 0.18660950593900177 0.18009029172311414 0.042682908154985676
1 0.6709421845324532 0.22151570335257703 0.18806656603337366 0.04603522868809904
1 0.6735825056542095 0.26044181103270897 0.18165279172311416 0.04272837226160835
1 0.6780719318189199 0.2938537046062183 0.18773901741285465 0.03978522868809904
1 0.6858091887163248 0.32483091996648217 0.20492651741285464 0.04028533386094857
1 0.6841714456137298 0.35608091996648217 0.20196529172311414 0.04331940564770313
1 0.6948289846233104 0.3908734571135007 0.19884029172311415 0.04322847743445788
1 0.7007990236328909 0.42580238658038727 0.1958790660333735 0.046262549221212444
1 0.6943509497976013 0.4595325289002554 0.17712906603337347 0.04571697994174038
1 0.6977315773417926 0.49921715452707593 0.19127345318850325 0.047688656901344474
1 0.6902599140673811 0.552478546846944 0.15747166327441153 0.057625946555645416
1 0.6863636301461831 0.5970552609535666 0.16355788896415202 0.054682802982136104
1 0.6894576526474203 0.6422086365803873 0.20607293758467105 0.06216033386094857
1 0.6718706829505736 0.6949842955933028 0.16076043758467104 0.060841874768890844
1 0.6762406004088567 0.7455609571135007 0.20113977611928177 0.05733644154108042
1 0.6786795256690559 0.8032143327403214 0.18576043758467103 0.06156930047485361
1 0.7065688302824686 0.8515465326611791 0.18872166327441153 0.05853522868809904
1 0.8403483610358478 0.02817384646386787 0.19201043758467123 0.05634769292773574
1 0.856723633537085 0.07023904519759136 0.21166784034363317 0.04984219028743926
1 0.861049285391536 0.10677593877110063 0.23378850180902228 0.055166187780156806
1 0.8576033808235517 0.14275890287772333 0.21446529172311415 0.043683118500684605
1 0.8490572184536512 0.17186974135752536 0.20369156603337366 0.046489869754325855
1 0.8645660317734913 0.2034008861846759 0.22680151741285465 0.040921831353666074
1 0.8645726758260259 0.23304292207805322 0.2115040660333733 0.04671719028743926
1 0.870460827680477 0.2695343515449398 0.2083790660333733 0.04662626207419392
1 0.8763899231124925 0.3052445310118264 0.19579717887824372 0.04470004922121244
1 0.8724117520361648 0.35138374511844905 0.19555151741285465 0.040012549221212446
1 0.879326815356005 0.3831649425320244 0.19809666327441136 0.05880801332783516
1 0.8730048942796774 0.429372352798581 0.20862472749876276 0.051313762074194004
1 0.8773305461341281 0.4659092463720903 0.19571529172311414 0.04313754922121245
1 0.8792715044110141 0.5032955861055337 0.18634029172311414 0.042864764581476325
1 0.8789505998430298 0.5391876219989109 0.18321529172311415 0.042773836368230886
1 0.8736146466545266 0.5814660502121562 0.18831222749876275 0.05072272868809904
1 0.874651524198718 0.6212188719989109 0.18000840456798423 0.04112040815498563
1 0.8736312567858633 0.6555711399455996 0.17696529172311415 0.042591979941740375
1 0.8693222150627491 0.6931393361055336 0.1802540660333733 0.04580790815498563
1 0.8679743990293757 0.7337416040522223 0.17696529172311415 0.042591979941740375
1 0.8690931637286969 0.7719319258389769 0.16964411465389234 0.05173965940862679
1 0.8541741706261018 0.8035683707452698 0.1962066146538927 0.05251254922121262
1 0.8508544188170795 0.8520286027985812 0.19924308344622793 0.08068301332783534