1 0.14649401033908221 0.007952821834667011 0.14611302067816445 0.015905643669334023
1 0.1482577175350113 0.02910111891256769 0.16214043507002257 0.05820223782513538
1 0.15625430810555188 0.06451469318286669 0.18586903349844602 0.06881600405718977
1 0.1744799232831983 0.10329082102388812 0.19680653349844598 0.06900691882984215
1 0.16894055272886838 0.13544480194916467 0.1891395827126577 0.07199555113509044
1 0.163619505995856 0.1722862828744412 0.18906680810555185 0.07043305113509044
1 0.15755359656639661 0.2099226505691929 0.18437930810555186 0.07035123051823948
1 0.15141491252983133 0.24599651826394459 0.1828895827126577 0.07188645697928911
1 0.15546886579681898 0.28267435795551904 0.16882708271265773 0.07164099512873605
1 0.1632300159206535 0.33179765056919286 0.16919095574818704 0.07945349512873605
1 0.1616525533480409 0.38186583441656874 0.17805653349844602 0.06867963636243815
1 0.1500087320079227 0.4172539094976466 0.1685359842842343 0.06539099512873606
1 0.15573434718556917 0.4562482256502708 0.17017125889134016 0.06698076866768651
1 0.1433820504525568 0.4932124375008238 0.16548375889134018 0.06689894805083547
1 0.12861322911243858 0.5286550596598023 0.18608735731976359 0.07350350405718978
1 0.1285789958616616 0.5614948331987527 0.17315070967712845 0.0639103157455871
1 0.12285768878956702 0.5897425641240293 0.15879711124870505 0.05741485389503396
1 0.13681318093168418 0.6207743758124266 0.15752570967712845 0.06363758035608366
1 0.12331576116314254 0.6499397244324548 0.17329625889134012 0.0670353157455871
1 0.1091826406088126 0.6822437098219581 0.15767125889134012 0.06676258035608366
1 0.11587144230422368 0.7251306392051071 0.16384848428423432 0.065309174511885
1 0.1171278813031877 0.7688942759745823 0.16584763192686944 0.07471144805083547
1 0.2793792849461881 0.008369833198752731 0.14938356989237614 0.016739666397505463
1 0.28966396753501134 0.027860172890327224 0.16057793507002263 0.05572034578065445
1 0.296025283498446 0.060511211446811264 0.17231595574818695 0.07950804220663672
1 0.31334337014004515 0.11337711282678302 0.15632708271265772 0.07142280681713334
1 0.3088399607105857 0.1509862069825844 0.17558650496239867 0.08268758928453739
1 0.31198638544152607 0.20175382021310923 0.16592040653397522 0.07627394805083529
1 0.31078991252983135 0.2432146172910099 0.1672645827126577 0.07161372158978577
1 0.3134269150110307 0.2830447305215347 0.16541098428423434 0.06533644805083538
1 0.31421031906380664 0.3166521172910099 0.17195208271265772 0.07169554220663672
1 0.3051649588485589 0.3574680320636623 0.16272263192686945 0.07465690097293472
1 0.30507722166884055 0.4059464423720877 0.13416098428423434 0.06479097727182861
1 0.29674033684648693 0.44518622037526506 0.1610873573197636 0.07306712743398443
1 0.30097622663123924 0.4857703100668395 0.15483735731976359 0.07295803327818291
1 0.28955072911243857 0.5258458851479174 0.16101458271265773 0.07150462743398442
1 0.28639149586166157 0.5587402057647683 0.16599318114108108 0.0778364480508353
1 0.2830332094677315 0.6041481631510945 0.1767123573197636 0.07333986282348767
1 0.28994033498446015 0.6517225925342436 0.16904540653397532 0.07632849512873605
1 0.28565524937631825 0.6940191866900449 0.17827485731976359 0.07336713636243815
1 0.27728197725041176 0.7324777146932221 0.17536818114108116 0.07800008928453739
1 0.2681274551245053 0.7709498794658745 0.17485875889134012 0.06706258928453739
1 0.2769416829985988 0.809108398540598 0.17849318114108118 0.07805463636243815
1 0.424456344499482 0.018834000407037095 0.152037688998964 0.03766800081407419
1 0.4268386358558109 0.048845234174982696 0.14070208271265763 0.07115007142762991
1 0.4340368598009629 0.10266966355813167 0.14916955417661057 0.08534893912238162
1 0.445958971049668 0.15719352232442962 0.14382708271265782 0.07120461850553061
1 0.44665248386994955 0.20565829586337997 0.14182793507002261 0.061802344966580235
1 0.4523053244404901 0.24309011201600414 0.15171235731976368 0.07290348620028234
1 0.4473845380465599 0.2885253429412807 0.1582534557481871 0.07926258035608366
1 0.4542188889561828 0.33453727232442965 0.15320208271265762 0.07136825973923262
1 0.438178666044488 0.37625716802235853 0.1407748573197635 0.07271257142762995
1 0.4498096788647695 0.4245310267886565 0.16250430810555194 0.06996940097293472
1 0.4468323821317572 0.4613315974055075 0.1606507096771285 0.06369212743398442
1 0.44905200764848596 0.5089878474055075 0.1692637303552928 0.08101599512873606
1 0.43580929900481474 0.5436219460255358 0.16911818114108107 0.07789099512873605
1 0.435903498342861 0.5960066063339612 0.1835445541766104 0.0859489569792892
1 0.4287117365560366 0.6430452475676633 0.16130568114108107 0.07775462743398442
1 0.4239728866798712 0.6923867284929399 0.17693068114108107 0.07802736282348768
1 0.4346771002859411 0.737549224028713 0.15120293507002244 0.06196598620028233
1 0.4249960392849051 0.7815037755708405 0.1674829065339752 0.07630122158978576
1 0.42823450930111573 0.8510350255708407 0.16210620181924557 0.09494212743398407
1 0.574148476836127 0.8781997232179342 0.17304370181924558 0.09513304220663663
1 0.5502165171589987 0.8176304159937636 0.14887845574818712 0.07909893912238175
1 0.556044832088976 0.7581054115295368 0.1598887303552928 0.08085235389503395
1 0.5676693827509298 0.7055161996789836 0.1618151033908221 0.08869212743398443
1 0.5763144826270953 0.6561065349063313 0.15349318114108107 0.07761825973923261
1 0.6026008467712843 0.5993519744357501 0.16628427956950453 0.08408644805083547
1 0.5964385839510028 0.5509826582831259 0.1420462588913402 0.06648984496658024
1 0.5988529545053327 0.5188832244357501 0.16072348428423416 0.06525462743398443
1 0.5910746877561097 0.48617981859155146 0.16072348428423436 0.06525462743398443
1 0.5969586606678045 0.4446372008967997 0.16741013192686935 0.07473872158978576
1 0.5909419470617345 0.39939288474417556 0.16257708271265764 0.07153190097293471
1 0.5807107684018529 0.3643866392084024 0.15923375889134023 0.06678985389503396
1 0.5900472270455239 0.32982072443575006 0.16526543507002245 0.06221144805083538
1 0.5851028618678775 0.29081277151365076 0.1733690334984459 0.0685978157455871
1 0.5863721093866782 0.25091447443575005 0.15461903349844608 0.068270533278183
1 0.5741417830841613 0.20656050243892726 0.16079625889134022 0.06681712743398434
1 0.5779367171207266 0.17052754505260106 0.15781680810555193 0.06988758035608367
1 0.5769713765501859 0.13301390828312593 0.1512757096771285 0.06352848620028233
1 0.5802397717116218 0.10246333766627488 0.1732962588913402 0.06703531574558705
1 0.5759311073197637 0.0603167479747004 0.15639985731976366 0.0729853068171333
1 0.5647003548385643 0.02617316761532145 0.1450257096771285 0.0523463352306429
1 0.7184803263025169 0.03251091944204544 0.20291098428423435 0.06502183888409088
1 0.7177740049623986 0.06722349269969463 0.2159204065339754 0.07714670129724625
1 0.7328382328364922 0.10527291761861675 0.21272263192686935 0.07552965421934554
1 0.7410895345319034 0.1481325734628154 0.2145762303552928 0.08180692775829587
1 0.734242375102444 0.18578257792704225 0.19687930810555193 0.07056941882984216
1 0.7406764656729845 0.22320075731019123 0.20483735731976366 0.07383078652459388
1 0.7410788800648426 0.2654155308491416 0.19687930810555193 0.07056941882984216
1 0.7451328333318303 0.30209337054071606 0.20291098428423418 0.0659910129856435
1 0.7506037373846062 0.3356189366933402 0.22187930810555176 0.0710057954530476
1 0.7482257541338292 0.36849962054071606 0.21882708271265763 0.07251374837514693
1 0.7578576193114757 0.40742575284596433 0.21577485731976367 0.07402170129724617
1 0.7627655971855691 0.44565245576806367 0.21264985731976366 0.07396715421934559
1 0.7549552512383452 0.4794098470017657 0.19538958271265763 0.07210464529089186
1 0.7554304402373091 0.523187120540716 0.20647263192686935 0.07542056006354425
1 0.7462588014860142 0.5780791720828435 0.1723887303552928 0.08107054220663663
1 0.7406295396991898 0.6250905397775954 0.17856595574818696 0.07961713636243814
1 0.7413230525194714 0.6735553133165457 0.22446065260503384 0.0929080689919978
1 0.7203598891610706 0.7270894164008007 0.17565927956950453 0.0842500892845374
1 0.7220893631062226 0.7810093031702758 0.21955482878371627 0.08813874837514693
1 0.723401460086904 0.8427553267092263 0.2024401033908223 0.08940123944669302
1 0.7494588459427148 0.8985962236249712 0.2069820541766104 0.08635806006354443
1 0.911992731803035 0.057537026791951794 0.17601453639393014 0.05935918344033875
1 0.913319791356329 0.09189839002247663 0.17336041728734203 0.08120690990138842
1 0.9087243366415991 0.1326188474088028 0.18255132671680166 0.08764782467404082
1 0.912868181141081 0.17006430033090214 0.17426363771783784 0.0750387305182394
1 0.9104345399085869 0.19980634740880282 0.17913092018282625 0.07514782467404083
1 0.911307835193857 0.23496259740880282 0.1773843296122859 0.07046032467404081
1 0.9150878066578099 0.2669393003309021 0.16982438668438035 0.07816373051823948
1 0.9168151265501858 0.30598816356142694 0.16636974689962827 0.0750114569792891
1 0.9232299464425621 0.34417395617510077 0.1535401071148758 0.07013304220663671
1 0.9205244774598087 0.3926796400224766 0.15895104508038252 0.06401940990138844
1 0.9226691743166555 0.4278086164835263 0.15466165136668905 0.08427736282348768
1 0.9152398180303493 0.4748336209477532 0.16952036393930142 0.0783273717519414
1 0.9201649125298313 0.5138279371003773 0.15967017494033725 0.06881600405718977
1 0.923863551073984 0.5544529371003774 0.15227289785203196 0.06706258928453739
1 0.9232107336628073 0.5928023709477531 0.15357853267438556 0.0654728157455871
1 0.9179068035551833 0.6374972621814552 0.1641863928896335 0.07339440990138826
1 0.9205791163135476 0.6797256724898807 0.15884176737290473 0.062265995128736054
1 0.9202623429470413 0.7172938563372565 0.15947531410591723 0.06377394805083547
1 0.916021125928759 0.7557114740320083 0.16795774814248218 0.06854326866768652
1 0.9136968203021517 0.7987756814183344 0.16533820967712848 0.06377394805083547
1 0.913208822783351 0.83866034172676 0.15952485731976368 0.07303985389503395
1 0.8958779276219154 0.8694563741941639 0.18786818114108145 0.07821827759614024
1 0.8888317150493027 0.919620015427866 0.19542812406898663 0.1064523717519414