1 0.11340947704447757 0.8957158745946107 0.13625176051544957 0.06794325081077872
1 0.12045069312327965 0.8510209833609086 0.15426477611928183 0.05420803327818291
1 0.13188948213286025 0.8156329082798306 0.1791010018090223 0.05151940990138826
1 0.15516985187513543 0.7823840316566251 0.1852691146538926 0.05006600405718977
1 0.1543133587725404 0.7511203948871501 0.17778416327441154 0.05617963636243815
1 0.1532112042045561 0.7151692581176748 0.17918288896415208 0.05308190990138843
1 0.1536715496365718 0.6791908478092493 0.17293288896415207 0.0529728157455871
1 0.1510478386461524 0.6440482345787245 0.17145227611928182 0.05450804220663663
1 0.16022476481086273 0.6102635698060721 0.15903416327441153 0.05585235389503396
1 0.17273473088966482 0.5654732211860439 0.1594435990500603 0.06366485389503396
1 0.17735030981333713 0.5192567402607674 0.16660100180902232 0.05130122158978558
1 0.17156065524535283 0.48338742410814317 0.16026911465389254 0.04962962743398443
1 0.18061475067736854 0.4472590093354908 0.16035100180902226 0.05119212743398442
1 0.17404384610938425 0.41140332995234186 0.1541010018090223 0.05108303327818291
1 0.16430699796383508 0.37482094764709356 0.1745772761192818 0.05456258928453739
1 0.16809706128367516 0.3426942402607674 0.16331222749876279 0.048121674511885
1 0.1658827860689045 0.3153641270302425 0.14892217887824383 0.04162621266133195
1 0.18332259158682845 0.2900368445628384 0.14760534034363304 0.046286439122381576
1 0.17395423563936319 0.26048571225759015 0.16035100180902231 0.05119212743398434
1 0.16355896822650864 0.226260716721817 0.15089411465389255 0.04946598620028233
1 0.17717773292582972 0.1877067313323136 0.1508941146538926 0.04946598620028233
1 0.1789139733148913 0.14623229748493777 0.16544793758467105 0.059086448050835384
1 0.23840283299194284 0.9232487650175336 0.1426655348257091 0.07117734496658024
1 0.25485999264830983 0.8791714825501297 0.14949538896415202 0.05256371266133186
1 0.26477722523545527 0.8445919310080022 0.16256859905006033 0.0637194009729349
1 0.28736155415912756 0.7980618043847967 0.14653416327441154 0.05563416558343128
1 0.2869997060135784 0.7613157808458463 0.16429487336031984 0.066871674511885
1 0.2970840349372507 0.7150038425342435 0.1561548247398008 0.06048530681713338
1 0.30054654963657185 0.6766271351479174 0.15903416327441153 0.05585235389503396
1 0.30795625791345776 0.6389634939142154 0.15410100180902225 0.05108303327818291
1 0.31256851481086273 0.607604399758414 0.16207727611928177 0.05434440097293454
1 0.309699142355054 0.5677742865278891 0.14982293758467105 0.05881371266133186
1 0.3151369148562913 0.5223254188331374 0.12605788896415202 0.05215460957707681
1 0.3123084859780475 0.4832765556026127 0.15122166327441153 0.05571598620028233
1 0.3213216378324983 0.4463668908299603 0.14357293758467105 0.0587046185055307
1 0.31528632179912475 0.4058100746773361 0.15278416327441152 0.05574325973923262
1 0.3159923286965297 0.3745191643689106 0.15475609905006033 0.0635830332781829
1 0.31925012550802645 0.3322362069825844 0.1669285504295413 0.05755122158978567
1 0.33101978516439334 0.28824074513203135 0.1592798247398008 0.060539853895033954
1 0.3320157191310198 0.24756119805413065 0.16840916327441152 0.05601599512873605
1 0.3284879274079057 0.21008847159308094 0.1624048247398008 0.06059440097293471
1 0.3249601356847917 0.17261574513203132 0.16347600180902236 0.051246674511885006
1 0.3380433118495021 0.13876289651200308 0.1670923247398008 0.060676221589785674
1 0.37939632519002675 0.9278253965120029 0.14406426051544957 0.06807961850553071
1 0.38627376695856935 0.8800055052783012 0.13107293758467103 0.05848643019392767
1 0.39931932157198213 0.8305140198887976 0.13797803482570908 0.07109552434972918
1 0.417833626185395 0.780927077112968 0.13419793758467105 0.05854097727182861
1 0.42487484226419703 0.736232185879266 0.1321441146538925 0.04913870373287814
1 0.4339698812737776 0.7008850211066135 0.14044793758467106 0.05865007142762977
1 0.4348429845077094 0.657861724028713 0.14702548620519007 0.06500916558343128
1 0.446735474896771 0.6162100121781598 0.1434910504295413 0.057142118505530706
1 0.43745232813070284 0.5733639931034364 0.13107293758467103 0.05848643019392785
1 0.45316918136463463 0.5300815974055075 0.15262038896415203 0.0526182597392328
1 0.4560551639517801 0.4956247767886565 0.15089411465389269 0.04946598620028233
1 0.4630963800305822 0.4509298855549545 0.1594435990500603 0.06366485389503396
1 0.45582611261772765 0.4166503429412806 0.1561548247398008 0.06048530681713338
1 0.46179947365357554 0.36650033847705377 0.17218926051544958 0.0685705422066368
1 0.4602059961548128 0.3211742017075786 0.14998671189493057 0.061938712661331954
1 0.4616556315009202 0.27423101786020276 0.1655298247398008 0.060648948050835386
1 0.4783175090451115 0.2340599853927987 0.14135534034363317 0.046177344966580235
1 0.4744621687014785 0.19033725893174905 0.15623671189493055 0.06204780681713329
1 0.48516729534115866 0.12602929708119598 0.14932497060135788 0.07909893912238161
1 0.6259560696514181 0.1266996785756654 0.15869997060135788 0.07926258035608366
1 0.5958867893482649 0.17961617289362253 0.13608798620519008 0.0648182508107789
1 0.5941472269329359 0.23594799351047352 0.15006859905006031 0.06350121266133195
1 0.5984529466297827 0.2882644699715232 0.1504780348257091 0.07131371266133195
1 0.6002101984388049 0.3367156067409984 0.14217421189493057 0.061802344966580235
1 0.6188650231786057 0.39425537135149497 0.15335737336031982 0.06668075973923263
1 0.6070953635222388 0.438250833202048 0.13387038896415202 0.05229097727182861
1 0.605567163047269 0.4687741302799487 0.15089411465389252 0.04946598620028233
1 0.5938417689947342 0.49869345536102666 0.1493316146538925 0.04943871266133186
1 0.595107697872978 0.5377695921305017 0.1561548247398008 0.06048530681713338
1 0.5832561510614813 0.5802025539810549 0.15278416327441172 0.055743259739232796
1 0.5692279505865114 0.6109440393705582 0.1477691146538927 0.04941143912238157
1 0.5741544679993661 0.6452644922926576 0.15549972749876276 0.04798530681713338
1 0.5642781789897855 0.6806252938347851 0.1619953889641522 0.05278190097293471
1 0.5608156642904644 0.7190020012211112 0.14645227611928177 0.05407166558343128
1 0.5440718995911433 0.7576105336885154 0.15262038896415203 0.05261825973923262
1 0.5435706105815628 0.7928076939969408 0.14949538896415202 0.05256371266133204
1 0.5375186844168524 0.8265378116916926 0.1415191146538925 0.04930234496658024
1 0.5367307903643177 0.8562662220001179 0.16191350180902225 0.05121940097293489
1 0.5278814128201264 0.8963008867727705 0.14669793758467103 0.058759165583431285
1 0.5122464467413242 0.9411457824706992 0.1348530348257091 0.0710409772718286
1 0.6593228426028813 0.9573457065788424 0.19398237336031982 0.0673898717519414
1 0.662580639414378 0.9150627491925164 0.20286605042954128 0.05817851298564349
1 0.6803922591566531 0.8819093299556371 0.2013035504295413 0.05815123944669302
1 0.6939700802784093 0.8425740945661337 0.20311171189493055 0.0628660129856435
1 0.6920866757104251 0.8066365945661337 0.18526911465389267 0.05006600405718977
1 0.7020039082975705 0.7720570430240061 0.1916828889641522 0.05330009821299111
1 0.7085504794193268 0.7328445385597793 0.18526911465389267 0.05006600405718977
1 0.7161649055840371 0.6990871473260774 0.19135534034363316 0.04705009821299111
1 0.7255874932141367 0.6699899825534249 0.21018722749876276 0.04893988068039512
1 0.7270338065339768 0.6379041854755243 0.20722600180902226 0.05201033360249454
1 0.7408163455435574 0.6024752000860208 0.20410100180902227 0.05195578652459378
1 0.750733578130703 0.5678956485438933 0.19957727611928178 0.05499896590774291
1 0.7474105042954131 0.5343291720828436 0.182307888964152 0.05313645697928919
1 0.7530939382620396 0.49356780438809195 0.19488977611928177 0.05491714529089187
1 0.751091024987628 0.4404291676186167 0.16256859905006033 0.06371940097293471
1 0.7510191039113003 0.3942945073101912 0.1655298247398008 0.060648948050835386
1 0.7580603199901025 0.3495996160764892 0.2098530348257091 0.07235010714144482
1 0.745078963138126 0.2958706440796664 0.16429487336031984 0.066871674511885
1 0.7533960741739738 0.24567972930701404 0.20648237336031983 0.06760806006354425
1 0.7620440558566083 0.18688142776488648 0.1893767605154494 0.06887055113509044
1 0.7931811912027157 0.13942004667745417 0.19390048620519007 0.06582737175194149
1 0.8552085526887895 0.96487401421005 0.19439845318850324 0.045542145290891865
1 0.8769673660086296 0.932433661125795 0.21544793758467123 0.05995920129724617
1 0.8820151373802428 0.894770019892093 0.23596972523951437 0.06508307792045187
1 0.8848374197175314 0.8587916095836675 0.2198078889641522 0.05379102191409757
1 0.877812813770066 0.8291995669699936 0.20738977611928178 0.05513533360249454
1 0.8906393252478273 0.7983626241941641 0.2187213495043455 0.04932171022569989
1 0.8963996633301823 0.7686069403467882 0.20720067333963535 0.05680692775829588
1 0.9005565578349728 0.7324921623436109 0.19888688433005441 0.055244427758295876
1 0.9086197023397631 0.6971313608014834 0.18276059532047384 0.0550262394466932
1 0.9086451571679465 0.650215450493058 0.182709685664107 0.0487762394466932
1 0.9130493741512596 0.6187745357204055 0.17390125169748066 0.0675262394466932
1 0.9099088854018783 0.5703370357204055 0.18018222919624344 0.06141260714144483
1 0.9161212638505807 0.5350444180256538 0.16775747229883856 0.053381918829842154
1 0.921409089777806 0.4966404371003773 0.15718182044438792 0.05006600405718977
1 0.9228111374938142 0.4614432767919518 0.15437772501237176 0.05154668344033873
1 0.9215828301668678 0.41691202679195183 0.15683433966626445 0.056234183440338724
1 0.9261508214604405 0.3777540694056256 0.1476983570791191 0.04666826866768634
1 0.9275528691764483 0.3425569090972001 0.1448942616471033 0.04814894805083538
1 0.9264883361597616 0.3042756590972001 0.14702332768047696 0.052836448050835386
1 0.9286306902982044 0.2651586120192994 0.14273861940359112 0.04960235389503396
1 0.9321717701263881 0.22523304140244843 0.13565645974722393 0.05725121266133195
1 0.9188119549975255 0.19341997971405114 0.162376090004949 0.059250089284537386
1 0.9179554618949306 0.14496884294457596 0.16408907621013888 0.08734781574558706