1 0.04621044961943915 0.15416187754419133 0.08338018577927471 0.09480124491161734
1 0.0605886260071737 0.1996005303031533 0.10793451680591395 0.0851739393936934
1 0.07920863342154752 0.23385602159672603 0.14224584980971958 0.08541295680654795
1 0.09763763984733814 0.2634240128902988 0.17655718281352517 0.0856519742194024
1 0.09900648026551756 0.2970177628902988 0.17674818380210836 0.0903394742194024
1 0.10450440517037736 0.3358755450024744 0.18443334980971962 0.08762390999505118
1 0.10759491307904274 0.37329365784734464 0.1875583498097196 0.0877876843053107
1 0.11459167098770813 0.4105070528043905 0.18605951680591398 0.08926829715018095
1 0.13314801140588756 0.44320004409796326 0.17505834980971957 0.08713258706427265
1 0.1569011877936221 0.48814737392614677 0.17537668479069154 0.09494508706427282
1 0.17371861467564825 0.5358069459524141 0.18280718281352515 0.08597952283992143
1 0.1760597060824108 0.5740472523748492 0.1748673488211364 0.08244508706427282
1 0.19471154699488183 0.6090839936684219 0.17493101581733078 0.08400758706427283
1 0.19714813889593602 0.6496680500908572 0.1701798488211364 0.08219942559888338
1 0.196427897298893 0.6896346308235517 0.18924818380210837 0.09099457146044046
1 0.20710807072087803 0.7211745578927731 0.17786501482874764 0.07948386137453234
1 0.21222399364857147 0.7506573400049488 0.16198534684397004 0.07241498982323477
1 0.23746141558768175 0.7743880891004377 0.16061384783255317 0.07702060266810484
1 0.23407908900966676 0.8066650005658269 0.17649351581733078 0.08408947421940241
1 0.23173268041642933 0.8451509684536512 0.1639298488211364 0.08187187697836436
1 0.25516752182319197 0.8822857982818348 0.1670548488211364 0.08203565128862422
1 0.2686689477166349 0.9254216446183616 0.18149935079830276 0.09214763568479185
1 0.1379231057412186 0.09924864823640622 0.1600063527754691 0.10037621551297518
1 0.16548703163466158 0.1416475101767653 0.16555601581733076 0.0835162641334942
1 0.1848564555509382 0.17508080789277317 0.17856535178688593 0.09667136137453225
1 0.22107779844057554 0.2185917904799186 0.15936968281352523 0.08475121551297518
1 0.22888763984733815 0.2565454918593996 0.18025518577927463 0.09987824852966191
1 0.2511738167293643 0.30391845884271285 0.16899935079830275 0.09149253844375371
1 0.26529732513232124 0.34310711160167484 0.173559516805914 0.08861319990914289
1 0.28170091653908386 0.3806104336279422 0.170116181824942 0.08063692559888347
1 0.29394358996106884 0.41206847354203396 0.17662084980971962 0.0872144742194024
1 0.30119501585451186 0.4555318684990798 0.16581068380210837 0.08976626413349428
1 0.3179806092384408 0.5024101905253471 0.138866181824942 0.07899918249628843
1 0.32510470113949497 0.542748585482393 0.1656833498097196 0.0866412641334943
1 0.3438520425462575 0.5801290767759657 0.161059516805914 0.08795810266810503
1 0.3471335514435061 0.622234689620836 0.16724584980971952 0.08672315128862387
1 0.35553364186168557 0.655459947422752 0.17062551779449714 0.09313692559888338
1 0.3690987347513229 0.700158293759279 0.18299818380210836 0.09066702283992142
1 0.3935376606447658 0.7427209300098976 0.17368685079830276 0.09173819990914289
1 0.40466350304011167 0.785198357079119 0.18456068380210838 0.09074890999505118
1 0.4102250949411658 0.8256186391912946 0.1800641847906915 0.09519074852966192
1 0.41575485334412277 0.8652576713034703 0.17961851581733085 0.08425324852966191
1 0.4382174437623022 0.8977459447092186 0.18312551779449712 0.09379202283992143
1 0.28436968281352515 0.06182281207664466 0.15987901878308025 0.09725121551297518
1 0.30440761018984286 0.11166235979265252 0.14686968281352525 0.08409611827193716
1 0.33066370406806345 0.16039310888814134 0.15525518577927463 0.09856805404758591
1 0.3623248809500896 0.20727475294067607 0.1500583498097196 0.08582239258219664
1 0.3806411408359213 0.25328993781181375 0.14498884783255325 0.07620173111680746
1 0.39926114825029513 0.2875454291053864 0.156372016805914 0.08771244120271567
1 0.4105461581361268 0.3339291061746079 0.1628766847906915 0.0942899898232347
1 0.4333270835352782 0.37422987958035625 0.159497016805914 0.08787621551297527
1 0.4336427599230127 0.420405516735486 0.14530718281352506 0.08401423111680746
1 0.4619561023183586 0.46198218509828026 0.16874468281352523 0.0852425384437538
1 0.4727954432308296 0.4974283621675017 0.16536501482874755 0.0788287641334943
1 0.4926423696185641 0.5425804098835096 0.17537668479069152 0.09494508706427282
1 0.49260787752722945 0.5801622970386393 0.17375051779449713 0.09330069990914289
1 0.5111151384016445 0.6308649819097769 0.18982118676785795 0.10505707146044045
1 0.5217143987817677 0.6796333525565632 0.16593801779449713 0.09289126413349429
1 0.5354386591618912 0.7282379488930901 0.18156301779449713 0.09371013568479185
1 0.5620621675648481 0.7667715044110142 0.1543001808363588 0.07513055404758599
1 0.5694090939525827 0.81257864936806 0.17375051779449713 0.09330069990914289
1 0.5955842747889415 0.8785378420411136 0.16826452174882983 0.11172315128862387
1 0.7453150193517339 0.8448544815710927 0.17770318874502422 0.1137769742194024
1 0.7003089254735134 0.7971063783371608 0.15356535178688588 0.09536116689245625
1 0.6845764961200294 0.7376461691557636 0.1660653517868859 0.09601626413349429
1 0.6760663177551285 0.6825049677762827 0.16957235376405233 0.1055550384437538
1 0.6654033903788108 0.6321740971294963 0.15812551779449713 0.0924818283578455
1 0.6705737100367435 0.5669209113538476 0.17244268577927463 0.09946881275401313
1 0.6468523671471061 0.522754831525664 0.1466786818249421 0.07940861827193721
1 0.6385796107213155 0.4926545737237481 0.1654286818249421 0.08039126413349429
1 0.6185881042955248 0.463168469585305 0.16386618182494211 0.08030937697836435
1 0.6098696788963736 0.42213071178338896 0.17212435079830274 0.09165631275401331
1 0.587056919999125 0.3810486883776406 0.16887201680591382 0.08836753844375363
1 0.5646898300752371 0.3509041649718922 0.16386618182494211 0.08030937697836445
1 0.5616629891627661 0.315048552127022 0.16998884783255316 0.07751192559888347
1 0.5430111482502952 0.2800118108334492 0.17655718281352506 0.08565197421940249
1 0.5288876398473381 0.24082315807448723 0.16093218281352523 0.08483310266810493
1 0.5015465484405756 0.20389304613412818 0.16555601581733087 0.0835162641334942
1 0.4922378740300074 0.1675837319097769 0.16399351581733085 0.08343437697836445
1 0.4775241166156336 0.1331235227283798 0.15442751482874756 0.07825555404758591
1 0.4684064431936485 0.10150170850402858 0.17649351581733086 0.08408947421940245
1 0.4496272682887887 0.06333996721045584 0.161059516805914 0.08795810266810493
1 0.4228445923953458 0.03387927578059754 0.15193918479069152 0.06775855156119508
1 0.5720169214448186 0.010414120308102095 0.20965884288963732 0.02082824061620419
1 0.5877201758934429 0.0312417370539304 0.2207528517868859 0.0624834741078608
1 0.6147747658173308 0.04575959944654508 0.2175641847906915 0.09151919889309015
1 0.6382414407221906 0.08085725859488561 0.22257001977166357 0.10521420171816524
1 0.6460831156270503 0.11959220997436662 0.19999468281352506 0.08688028154634875
1 0.664671289543327 0.15306645126793933 0.21112318380210837 0.092140991632257
1 0.6811703814443811 0.1929135232942067 0.20155718281352525 0.0869621687014785
1 0.6974466388587549 0.22729184532047403 0.20774351581733086 0.08572721732199753
1 0.7150307282883512 0.25533828019161164 0.22668451680591417 0.09139736318355451
1 0.7257745687065306 0.28844070726083315 0.22524935079830294 0.09444047602842484
1 0.7482689926228072 0.3217102306665815 0.22206068380210836 0.09271420171816533
1 0.7661395835352782 0.35678791553771905 0.21587435079830275 0.09394915309764632
1 0.7715101744477493 0.39252069764989467 0.198559516805914 0.08992339439121899
1 0.7880410998469006 0.4331490196761621 0.21437551779449712 0.09542976594251655
1 0.7997399452079959 0.48968894674538355 0.1801278517868859 0.09675324852966191
1 0.811088622090022 0.537635123814605 0.1816266847906917 0.09527263568479186
1 0.8293730484777566 0.5828690586857427 0.23076452174883003 0.11499863749381412
1 0.8286673943331435 0.6424078329960021 0.18025518577927463 0.09987824852966191
1 0.8502678217094612 0.6921654935568803 0.22582235376405216 0.10850297602842467
1 0.8730633345610425 0.7520384605401935 0.2086985207602467 0.10916471732199753
1 0.9063898752843269 0.7943178137741254 0.18722024943134627 0.10612160447712729
1 0.8054342579086654 0.019239164406065334 0.21711851581733085 0.03847832881213067
1 0.8199888478325532 0.03515409147528682 0.20630834980971963 0.07030818295057364
1 0.8266991042583438 0.05610516282418565 0.20956068380210838 0.09205910447712724
1 0.8390054446765234 0.08912570273827738 0.20142984882113665 0.0838371687014785
1 0.8527151176042167 0.11815810549723937 0.19068334980971963 0.08795145861557022
1 0.8667749590109792 0.15578425825620135 0.18124468281352507 0.08589763568479172
1 0.8838324664253531 0.1901216367049038 0.16536501482874755 0.0788287641334942
1 0.8968073103035735 0.23954842661899556 0.16361151384016423 0.07405937697836444
1 0.9106443172236558 0.27170582937795756 0.15812551779449713 0.09248182835784542
1 0.9180768265966055 0.32294078075743854 0.163846346806789 0.08664126413349411
1 0.9294832060452297 0.3589225463612708 0.14103358790954063 0.07496677973732649
1 0.9396699602467082 0.3965077555426679 0.12066007950658353 0.07126856965141819
1 0.9459186309500897 0.4345024004997137 0.10816273809982065 0.0706953595655099
1 0.9491218853987139 0.4796920697670191 0.10175622920257225 0.07669969810012063
1 0.9594518903416297 0.5206069968362407 0.08109621931674056 0.06477955223856355
1 0.9656528107978651 0.5570391417932864 0.06869437840426969 0.06576884215265544
1 0.9687605647521981 0.5967600610605919 0.0624788704956039 0.07021068068726599
1 0.9759337361970166 0.6401825124400728 0.04813252760596676 0.06643058344622813
1 0.9844465731551548 0.6780543266644241 0.03110685368969044 0.07342421189493056
1 0.9749906601132932 0.7153053431727675 0.05001867977341377 0.07917624491161739
1 0.9788478305695287 0.7667040688625079 0.042304338860942536 0.11009869629109836