1 0.9938939099736175 0.9345968147838406 0.01221218005276512 0.05181703005422946
1 0.9822197999921507 0.8939081822702833 0.03556040001569869 0.05506929508134384
1 0.9667212855641806 0.855540573859027 0.06655742887163889 0.05367951190385654
1 0.9504688029873757 0.8195121702682308 0.09906239402524868 0.05386131908544911
1 0.9514311022617363 0.7874900106273104 0.09713779547652734 0.05853063836728971
1 0.9491865559826007 0.7476371702682308 0.10162688803479866 0.056986319085449114
1 0.9485317915546304 0.7101371702682309 0.10293641689073922 0.056986319085449114
1 0.9486582771266601 0.6726417154477706 0.10268344574667979 0.056977228726369414
1 0.9440699808475245 0.6359002395500716 0.1118600383049511 0.061710180521767556
1 0.9337946797590652 0.5881894473955939 0.13241064048186962 0.06963176483072289
1 0.9267807879264331 0.5389343359592754 0.14643842414713362 0.05876698770335977
1 0.9292783053496283 0.5006712666774347 0.1414433893007434 0.05404312626704133
1 0.92194199314491 0.46234456488203657 0.1561160137101801 0.0572317587805987
1 0.9247755718657743 0.42329570042065595 0.15044885626845145 0.05717721662612103
1 0.9229352915122213 0.38655876970249675 0.15412941697555738 0.06029312626704142
1 0.9212177794889127 0.3513843389843375 0.1575644410221745 0.05247153590796181
1 0.9220139315731636 0.3224871793434171 0.14851191106992587 0.04772949375348414
1 0.906942003080043 0.2934991161117006 0.15810516587924894 0.05403403590796181
1 0.9074677927357566 0.2638207064707802 0.16133929328391083 0.05717721662612103
1 0.9116542957309814 0.22713377272755886 0.14409722958157972 0.05551472267624522
1 0.8984896076192138 0.18565934503446171 0.15821429328391085 0.057159035907961765
1 0.88836807395395 0.14185934805952383 0.1679166754978958 0.06658857806243948
1 0.9267522945922643 0.9536417305730811 0.1464954108154714 0.04147949375348396
1 0.9072198662263704 0.9277468510845859 0.15988592068857238 0.06029312626704133
1 0.8926290873704298 0.890169583032409 0.17276786660488846 0.07130334913967858
1 0.8612773944493387 0.8423406162098963 0.15687004809323427 0.06339994554888193
1 0.8567883018910674 0.8032599354917371 0.17600199400955036 0.07444652985783762
1 0.8417882952676454 0.7539639174395605 0.1663541754978958 0.06657948770335978
1 0.8317486071558777 0.7125076704646226 0.16780754809323425 0.06346357806243948
1 0.8186657645976062 0.6733769927715254 0.16602679328391085 0.05720448770335977
1 0.809680144997493 0.6397377909761273 0.17244048439090348 0.06192834913967822
1 0.8081796431833943 0.5967690409761273 0.1616666754978958 0.06655221662612103
1 0.7971404502623033 0.5490582488216497 0.13321429328391082 0.05701359016268785
1 0.7941320121505356 0.50764290846257 0.16312004809323427 0.06343630698520072
1 0.7802406377410988 0.46772643558993304 0.15385417549789615 0.06650676483072289
1 0.7811111677781657 0.4255525711285525 0.16312004809323427 0.06343630698520056
1 0.7768130481780522 0.3919406404103932 0.16646330290255767 0.06970448770335987
1 0.7674182008104575 0.34658268861499514 0.17718254809323425 0.06351812021691713
1 0.7486210715916972 0.3003889446651194 0.1695337392002269 0.06816016842151909
1 0.7424057879264332 0.2566116735878805 0.17718254809323425 0.06351812021691713
1 0.7410144135169963 0.2167679235878805 0.17427580290255767 0.06974993949875792
1 0.7403770072563942 0.17614746876742032 0.17540179328391084 0.057259029857837575
1 0.7219618239539499 0.14089122481754454 0.17890873920022674 0.06821471057599685
1 0.779759554338138 0.9684031464605175 0.14829365626060245 0.04147949375348396
1 0.7668404028868592 0.9339599687674204 0.14129961179556502 0.064871541958086
1 0.746289800709941 0.8822883844584648 0.14954862141421188 0.07741699375348432
1 0.7210516985330228 0.8305895290722706 0.14442461179556504 0.06488972267624504
1 0.7084500056119316 0.7828696465587134 0.14253472958158006 0.05550563231716552
1 0.6938865086071566 0.7460736285065366 0.15067461179556502 0.06492608411256366
1 0.6868081293883963 0.6999480622497579 0.1571974303072194 0.07277494554888211
1 0.6688195320208015 0.654540113479422 0.15379961179556503 0.06494426483072288
1 0.6727059346532066 0.6092594297362006 0.14129961179556502 0.064871541958086
1 0.6500571191367772 0.5646054598886258 0.16144842068857254 0.06030221662612103
1 0.6432788402808367 0.527073643631847 0.16128472958158008 0.05561471662612085
1 0.6291692110620766 0.4809071707592102 0.16964286660488845 0.07128516842151918
1 0.633328432206136 0.44343898701598883 0.1679712392002269 0.06815107806243947
1 0.6205357663268869 0.3902503545024315 0.18397818511654265 0.07917948165323559
1 0.6149380415546303 0.3417901286047324 0.1602133029025577 0.06966812626704133
1 0.6069692849312084 0.29253501716841396 0.1773462392002269 0.06820562021691715
1 0.5859375331171097 0.24945263767991874 0.15185516587924913 0.053997674471643275
1 0.5827654038983495 0.20334979732083913 0.16640873920022675 0.06814198770335986
1 0.563958350995792 0.13450434855050314 0.15930556733052798 0.08840903590796176
1 0.41353176506094247 0.14378337889932005 0.17180556733052796 0.08848175878059869
1 0.4528869309401915 0.19712654751723085 0.1462599303072194 0.07271131303532483
1 0.4620461653310949 0.25810495413308915 0.1603224303072194 0.07279312626704142
1 0.46320192676384037 0.3135691589535493 0.16215774881887376 0.08061471662612103
1 0.46812752894075854 0.3651498396717086 0.1524008029025577 0.06962267447164336
1 0.4570288270339928 0.42757257161953177 0.16511905771188112 0.07594539734428025
1 0.4750719881039185 0.47454302038986784 0.1410813569862416 0.058621541958086
1 0.479315544001701 0.5065924511080271 0.16133929328391083 0.05717721662612103
1 0.49603181804831814 0.5379333546988232 0.16133929328391083 0.05717721662612103
1 0.4998215061600858 0.5793532402374426 0.1679712392002269 0.06815107806243947
1 0.5185640716765152 0.6239844841873184 0.16468254809323427 0.06344539734428026
1 0.5376513775742977 0.656120273316734 0.15977679328391084 0.05716812626704133
1 0.5366171564302383 0.6936066377781146 0.16748016587924913 0.054088578062439475
1 0.5511806534350134 0.7304026558302914 0.1738938569862416 0.05881243949875792
1 0.5603845278444503 0.7702918576256894 0.15681548439090348 0.06183744554888211
1 0.5829242159562179 0.8118208274732643 0.1613938569862416 0.058739716626120854
1 0.5889212448121585 0.8493480985505032 0.15832342068857236 0.06028403590796181
1 0.599551209965768 0.8853401407049809 0.15196429328391084 0.05712267447164336
1 0.6037674840123852 0.91660832142314 0.1738938569862416 0.0588124394987581
1 0.6185219539753184 0.9588730894753169 0.15697917549789597 0.06652494554888193
1 0.638144973212612 0.9828044514026146 0.1403174651536098 0.03439109719477074
1 0.476235250254454 0.9759726684215192 0.2173710384745874 0.04805466315696165
1 0.45343266731482945 0.9508828065924171 0.21473711179556504 0.0652987888348278
1 0.43482651105422726 0.9101578126425414 0.21651786660488845 0.07155787919390769
1 0.4318999184959559 0.8710862222834617 0.1988938569862416 0.05895788524403187
1 0.41658245334234617 0.8350669090517451 0.2052529843909033 0.062119246680350314
1 0.40495298337941305 0.7928203217177276 0.1988938569862416 0.05895788524403187
1 0.39200655007696883 0.7575958940246306 0.2050347295815799 0.055869246680350315
1 0.3776340260303517 0.7262686259724538 0.2254563569862416 0.05911242134838535
1 0.3717734064302383 0.692647604895215 0.22082342068857255 0.0606476502711466
1 0.35252240942546315 0.6558243157657994 0.21769842068857254 0.0606294695529872
1 0.33874016242068805 0.6190328428931624 0.2146279843909033 0.06217378883482816
1 0.3382664472670784 0.5830998880727022 0.1958779843909034 0.06206470452587265
1 0.32585572730414525 0.5408487555591449 0.2100496117955651 0.06527151775758924
1 0.3207118703179036 0.4830180748409857 0.17276786660488846 0.07130334913967822
1 0.3151141455456471 0.43455784894328653 0.17890873920022674 0.06821471057599666
1 0.3017584844757214 0.38761467125018945 0.22627481252120454 0.08254992134838535
1 0.3083060956383143 0.32907091822512735 0.17600199400955016 0.07444652985783762
1 0.29314239790789975 0.2750874001729506 0.22136905771188103 0.07627265027114642
1 0.2769519135169964 0.21406808694123405 0.20272818511654284 0.0792885659621911
1 0.23697918874473983 0.1654078731437834 0.20725199400955016 0.07462833703942992
1 0.25019110542659717 0.9901391866700877 0.22883432813030113 0.019721626659824666
1 0.2369272135939652 0.9681914637974506 0.255362111795565 0.0636170724050988
1 0.2334376258450172 0.9363243611417309 0.2349404843909034 0.062291963502863014
1 0.23622531994723467 0.9043158370394299 0.22405754809323425 0.06379083098930564
1 0.21164198219828667 0.8713669816532356 0.24727679328391075 0.0576771863754999
1 0.20589049000283502 0.8408709605759969 0.23036211179556512 0.06538969242562409
1 0.19205367929572903 0.8025169877033598 0.22879961179556513 0.06538060206654457
1 0.1766816504397885 0.7649351744716433 0.21462798439090336 0.06217378883482798
1 0.17105664381636654 0.7156936985739442 0.21284722958157998 0.05591469847574828
1 0.1565749923650877 0.6812414305217676 0.21673612141421192 0.07780787919390768
1 0.14857895389050033 0.6312050690854492 0.23370536660488855 0.0716578731437835
1 0.13708589318339434 0.5928647317514315 0.22238592068857255 0.06065674063022612
1 0.12556555062512295 0.5537431444174141 0.2098859206885725 0.06058401775758924
1 0.11954123991801699 0.5154346233401752 0.20514385698624168 0.05899424668035032
1 0.11706851514576047 0.4669925781606354 0.20379961179556508 0.06523515632127079
1 0.10939985888515821 0.42633121672431684 0.19097222958157997 0.055787433448633725
1 0.10415679817805223 0.3880272408266178 0.18321429328391084 0.05730448165323567
1 0.10281998747094627 0.34974599082661784 0.18337798439090336 0.061991981653235675
1 0.09738595380568232 0.3059732649289188 0.17545635698624168 0.05882152985783762
1 0.09047126569391464 0.26453519867214015 0.16479167549789592 0.06657039734428025
1 0.10098961424263582 0.23022837636523724 0.18833830290255768 0.06983175273047451
1 0.09762651206571757 0.17865678600615764 0.18630457694917477 0.10106357201231528