1 0.13732358646384674 0.018025914228298724 0.13402217292769344 0.03277874525034734
1 0.13993659190105417 0.04384353181947928 0.14948534684397002 0.06748105357097235
1 0.14781010030401118 0.08383275218420151 0.17285917984777566 0.06646406743868069
1 0.16030744171077377 0.12236857532246541 0.19323534684397004 0.06849934612402793
1 0.15533078163466157 0.1534731049577432 0.18561384783255325 0.07300500816812514
1 0.14823320604522977 0.1899918332062501 0.18704901384016442 0.06991637575930572
1 0.143479380455798 0.2265651128415279 0.18242518083635884 0.071369772985764
1 0.13631813787017177 0.26152134109003483 0.17930018083635885 0.07129703780340294
1 0.14093931228074 0.29831282627239597 0.16686384783255326 0.0725685970739585
1 0.14685107266086334 0.3476224952503474 0.1686810158173308 0.078854964665139
1 0.14569974954288947 0.39598726006798624 0.17448534684397005 0.0680629350298613
1 0.13463225695726327 0.43085256933854177 0.16817167984777565 0.06635496466513899
1 0.13931709836402587 0.4692065545209029 0.16817167984777565 0.06635496466513899
1 0.12675077277459407 0.5055979962002779 0.16348417984777566 0.06624586189159735
1 0.11255828018896788 0.5403905702884723 0.18255251482874763 0.07449477298576408
1 0.11155153710905008 0.5731485189017015 0.17123301285158127 0.06486519984750014
1 0.10644754304054913 0.6011280485369792 0.15535334486680372 0.05825152393569457
1 0.12018904946633976 0.6318877392664237 0.15554434585538685 0.06293902393569457
1 0.10802197189974164 0.658922364741389 0.16511034684397002 0.06784472948277802
1 0.09835781182362945 0.689917791603125 0.14323534684397005 0.06733558320625015
1 0.10401490421897522 0.7329774605810765 0.15098417984777565 0.06595492116215293
1 0.10579758011241817 0.7767274605810764 0.15136618182494202 0.07532992116215294
1 0.26554408695813836 0.023351806705104387 0.14983817391627668 0.037829921162152905
1 0.2743115919010542 0.04697114466100717 0.15736151384016442 0.06922539152687514
1 0.2805589333078168 0.08536149743454884 0.17180601581733076 0.07892769984750014
1 0.2975355276803289 0.13805073955076413 0.1527376808363588 0.07067878875333342
1 0.29203228558899424 0.1753870853904516 0.1734958498097196 0.08208906743868068
1 0.2948508794672148 0.2254052691860419 0.163866181824942 0.07562086189159736
1 0.294162471368269 0.2659757177992711 0.16686384783255326 0.0725685970739585
1 0.29656722977122596 0.30583765159486137 0.16342051285158127 0.06468336189159736
1 0.2963417366913082 0.3386137840036808 0.1699251808363588 0.07107883225631957
1 0.28780899509426516 0.3782211446610072 0.15911501482874763 0.07394925911805572
1 0.28665767197629133 0.42658590947864605 0.13223417984777566 0.06551851006798622
1 0.2788425133830539 0.46464895393156275 0.15911501482874763 0.07394925911805572
1 0.28284160528410807 0.5053285053183336 0.15280134783255317 0.07224128875333342
1 0.2711520301889679 0.5440818807932988 0.1605501808363588 0.07086062670923621
1 0.2678015371090501 0.5767852780197572 0.16399351581733076 0.07874586189159735
1 0.2649285465005902 0.6212074252462154 0.17467634783255317 0.0727504350298613
1 0.270744806386422 0.6681733442241669 0.16699118182494202 0.07569359707395851
1 0.26699506528367056 0.7102335576550349 0.17630251482874765 0.07434930262104196
1 0.25758557319233594 0.7474789845167711 0.17180601581733076 0.07892769984750014
1 0.24895733110100138 0.7847425951740974 0.17292284684397002 0.06802656743868081
1 0.2575165890096668 0.82240624933441 0.17642984882113638 0.0774743026210416
1 0.4089903394295963 0.03839819129812534 0.15235567885919252 0.06130378875333346
1 0.4098644313306504 0.07900500750253507 0.14030134783255316 0.071950348023889
1 0.41668477570316254 0.13145786027607673 0.14862318380210837 0.08463218597979179
1 0.42828812056996624 0.18636356582316008 0.14336268083635878 0.07046058320625015
1 0.4294805474519924 0.23478288202756978 0.13985567885919253 0.061012848023888996
1 0.43335230536065783 0.27233743341434064 0.14974001482874755 0.07373105357097236
1 0.4281355647521979 0.31670502925402816 0.15618101581733085 0.07856402393569457
1 0.43466940764183526 0.3621266320275698 0.15280134783255317 0.07224128875333342
1 0.41916908304098666 0.40313283852458365 0.14030134783255316 0.071950348023889
1 0.42967284292681845 0.45020786027607673 0.1605501808363588 0.07086062670923621
1 0.4280440173373866 0.4868538750937156 0.16029551285158128 0.0646106267092362
1 0.4299540272232184 0.5337288750937156 0.16711851581733086 0.07881859707395851
1 0.416510951139495 0.5677583829775003 0.1654923488211363 0.07721972948277803
1 0.4154869620139099 0.6192481477951393 0.18149935079830276 0.08695840539458341
1 0.4088032218997416 0.6659231260436462 0.15930601581733086 0.07863675911805572
1 0.4037456487817678 0.7141969718833336 0.17493101581733086 0.07900043502986129
1 0.4141539081733079 0.7589282436348267 0.1492943458553869 0.06279355357097245
1 0.4042178340667508 0.8024054867009724 0.1654923488211363 0.07721972948277767
1 0.40545668189930417 0.8711191191097919 0.1600063527754692 0.09582425911805573
1 0.5511339378308031 0.9026081212939936 0.1693813527754692 0.096042464665139
1 0.5276208419754163 0.842742158813056 0.14530718281352506 0.07987195079743045
1 0.5330458296181266 0.7843302467689588 0.15936968281352507 0.08019925911805573
1 0.5457885687437116 0.733113238885174 0.16131418479069168 0.08961062670923621
1 0.5539074748654912 0.6833496282278476 0.14993101581733087 0.07841855357097245
1 0.5805535465005903 0.6285536786646879 0.16262201680591382 0.08339699430041687
1 0.5747054531166613 0.5808065096867365 0.13854784684397004 0.06722648043270851
1 0.5773701966908706 0.5504286786646879 0.16029551285158128 0.0646106267092362
1 0.5697513562726912 0.5166894582999657 0.15723417984777566 0.06610039152687505
1 0.5759403478697342 0.4770275462558685 0.16380251482874755 0.07405836189159735
1 0.5701559214819998 0.43084287727791715 0.16061384783255334 0.0724231267092362
1 0.5601614975657231 0.3962678555264241 0.15729784684397002 0.06766289152687514
1 0.5705114071475437 0.36294686246027824 0.1633568458553869 0.06312086189159735
1 0.5650134822426839 0.32379344348232686 0.17142401384016442 0.06955269984750015
1 0.5665149738397269 0.28402242866468796 0.1542365138401644 0.069152656344514
1 0.5546078814443811 0.24081728932201435 0.15886034684397005 0.06769925911805572
1 0.559361707033813 0.20424400968673656 0.15736151384016459 0.06922539152687515
1 0.5579291996194391 0.16908775968673656 0.1493580128515813 0.06435605357097236
1 0.5605621096955513 0.13792867866468797 0.16973417984777567 0.06639133225631957
1 0.5572806007983028 0.09570481107350741 0.15436384783255316 0.072277656344514
1 0.5476217579086654 0.050210473117604626 0.14524351581733086 0.07830945079743068
1 0.6980992603801234 0.06542051187093809 0.20162084980971962 0.08274368407993074
1 0.6975381862735663 0.10911596048416725 0.2123036818249421 0.0767482572181946
1 0.7115661941822318 0.14690690121361172 0.2091786818249421 0.0766755220358335
1 0.7195352030794803 0.18923987157833394 0.2109958498097196 0.08296188962701408
1 0.7124376274900485 0.22575859982684085 0.1932990138401646 0.07006184612402792
1 0.7186849688968111 0.2641489526003825 0.20286501482874755 0.07496755167111128
1 0.7188096442959624 0.30551883500920196 0.19323534684397004 0.06849934612402801
1 0.7226177352084334 0.3415108863959728 0.19942167984777565 0.06708231648875014
1 0.7286740756266128 0.3752137391695145 0.21986151384016442 0.07068009517409735
1 0.7260729990485979 0.40715407019156313 0.21530134783255334 0.07369599240055572
1 0.7354453404553605 0.4456171581474659 0.21373884783255334 0.07365962480937523
1 0.739348931862123 0.4839529595342367 0.20905134783255316 0.0735505220358336
1 0.7313427722803024 0.5173285039871534 0.19186384783255317 0.07315047853284735
1 0.7330936146756482 0.5602972539871534 0.2060536818249421 0.07660278685347244
1 0.7227901260443547 0.6139125632577089 0.1719333498097196 0.08205269984750015
1 0.7168558024320892 0.6598244753018061 0.17493101581733086 0.07900043502986129
1 0.7180482293141154 0.7082437915062159 0.22237901878308045 0.09415396276527802
1 0.6967435736866275 0.7600420276385075 0.173559516805914 0.08365156743868063
1 0.6981270015572368 0.8131488438429173 0.21743685079830258 0.08779485999173602
1 0.6982662644088181 0.8740317924561463 0.2003766847906915 0.09051981648875014
1 0.723963942773719 0.9300460563238548 0.20337435079830293 0.08746755167111146
1 0.9008595044486242 0.09829148252000075 0.1982809911027516 0.07496755167111128
1 0.9032178419010541 0.14129660011118134 0.19356431619789163 0.08270731648875014
1 0.8977318458553869 0.18177612974645907 0.2045363082892262 0.08924825721819465
1 0.9009669338021083 0.21854943113322994 0.19806613239578325 0.07507665444465292
1 0.898414936767858 0.24738294595086882 0.2031701264642841 0.07678462480937523
1 0.8999920242202878 0.2849011297464591 0.20001595155942448 0.07362325721819456
1 0.9036581936879401 0.31466136492882024 0.19268361262411987 0.07972778685347244
1 0.9060165311403701 0.35219773252000075 0.18796693771925987 0.0765300516711113
1 0.9123447855889942 0.39295001908913274 0.17531042882201148 0.07315047853284744
1 0.9094572075281047 0.43973410011118136 0.18108558494379068 0.06708231648875014
1 0.9107159599995626 0.4741272839067716 0.17856808000087482 0.08892094889756966
1 0.9039539654367699 0.5216016959508688 0.19209206912646018 0.08147212480937523
1 0.9087356366344428 0.5607551149288202 0.18252872673111434 0.07347778685347243
1 0.91112580758497 0.6005624973376397 0.17774838483006014 0.071697081306389
1 0.9107179365393027 0.6371903283596883 0.17856412692139473 0.07006184612402802
1 0.9060768574898297 0.6815215566081951 0.18784628502034054 0.07798344889756947
1 0.9078290291817941 0.7236363214258341 0.18434194163641174 0.0668277433504862
1 0.9074582391999473 0.7594829024478826 0.18386034684397004 0.06828114057694457
1 0.9012055806067097 0.7975823144919799 0.18867518083635879 0.0715152433504862
1 0.8982689230020556 0.8404419617184382 0.18386034684397004 0.06828114057694457
1 0.8975486814050125 0.8802311603316675 0.17949118182494211 0.07598453780340293
1 0.8792271043327059 0.9094640654419106 0.20787084980971962 0.08288915444465275
1 0.8734519482109265 0.9522509244384552 0.21364068874502423 0.09549815112308976