1 0.07506308732495494 0.05818918155536592 0.12418293467536323 0.06981169396136273
1 0.08152162531827342 0.10708044582338956 0.14118862133990878 0.05498721463952716
1 0.09275856997931912 0.14794088627009563 0.1677147586728179 0.05309938296032675
1 0.10560346797422845 0.18482230210969583 0.1958215773392724 0.052846825888232196
1 0.09975290996977412 0.21788951323456635 0.18806362133990878 0.05717045285270288
1 0.09772678596436526 0.25780603784167216 0.18648294000636334 0.05553517824559702
1 0.09413816195895644 0.2977953370558839 0.18335794000636335 0.05538962903138529
1 0.08980465062063848 0.3346960235736486 0.17870680267345423 0.0582963052100677
1 0.09639045794877507 0.37264978784167224 0.1693499840069997 0.05942215756743261
1 0.10595581460854812 0.4229580028954841 0.1678783906747269 0.06716188296032684
1 0.10848992126832117 0.4735937036812724 0.17867044000636337 0.0551713052100677
1 0.0994598192632305 0.5114939640203546 0.1708397586728179 0.05324493217453856
1 0.10679960459104894 0.5517550909848253 0.17085794000636337 0.05480743217453856
1 0.09697007125241282 0.5912542386274605 0.16462612133990878 0.05607883374611511
1 0.088651230625411 0.6293000481807545 0.177302461250822 0.06014990363849115
1 0.08685691862270657 0.6651647735736486 0.17371383724541314 0.051900755995855974
1 0.08248885323841346 0.6949978227878603 0.15982953333863612 0.046485509924797344
1 0.09854056723427729 0.7247024394132489 0.15830339600572702 0.04953773531769166
1 0.08646728123014111 0.7557169989665427 0.17242044000636333 0.05488020678164425
1 0.07675921061427514 0.7922730831269424 0.15351842122855028 0.05593328453190338
1 0.08476787388609616 0.8346596362700958 0.16304544000636334 0.05444355913900907
1 0.08602939427516176 0.8807533862700957 0.17205878855032353 0.06440075599585597
1 0.20259774132718208 0.03645117245688338 0.14921929734245412 0.07290234491376676
1 0.21687786998727332 0.08359794230873288 0.15995680267345422 0.05742300992479745
1 0.22501708664863723 0.12226018196965067 0.17100339067472686 0.06730743217453847
1 0.2470551713080921 0.17432995016661573 0.15528748400699968 0.05876718610347984
1 0.24425688796945594 0.21350161207727453 0.17416475334181775 0.0705779813887502
1 0.25146940396245626 0.2647002390417453 0.16471702800763605 0.06389133374611511
1 0.25331316728995656 0.3075598271310865 0.16780566534054514 0.06091188296032675
1 0.258309202617775 0.34793011600621593 0.16617044000636333 0.05458910835322088
1 0.26181546327977523 0.3821231794884513 0.17245680267345423 0.058005206781644336
1 0.25505638594050273 0.4261642779168747 0.16002952800763595 0.06367300992479752
1 0.2568183332670485 0.476055116006216 0.13341248400699968 0.057748341603997846
1 0.2516399372613215 0.5184609398275335 0.16157384667409058 0.06218328453190338
1 0.2589706319223672 0.5595033167920043 0.1521988466740906 0.0617466368892682
1 0.24988598591664019 0.6020910771310864 0.16155566534054513 0.06062078453190338
1 0.2479234965786404 0.6365388517381924 0.16475339067472694 0.06701633374611511
1 0.24894055657227704 0.6833410771310865 0.17718066534054513 0.06134853060296184
1 0.25852409456559555 0.7320867921848985 0.16784202800763603 0.06403688296032684
1 0.2572246765595504 0.7766544294884513 0.17874316534054513 0.0614213052100677
1 0.2504928712205961 0.8183517779168747 0.17256589067472694 0.06738020678164425
1 0.24378833788196 0.8577053763452982 0.17554544000636332 0.05502575599585598
1 0.25583380454332383 0.8961856794884513 0.17721702800763603 0.06447353060296201
1 0.35564092532622765 0.0360466040122493 0.15232611600890866 0.0720932080244986
1 0.3589290099856825 0.08869420306209988 0.13969884667409058 0.061164440032421295
1 0.37078357264481915 0.143580756205253 0.14611247867599958 0.07551803846084475
1 0.3873256353039559 0.19824898552708858 0.1428238466740906 0.06130998924663302
1 0.39065008263050166 0.24806704900932391 0.14115225867281786 0.05186221463952716
1 0.3987983899586383 0.2859480386702417 0.14907384667409057 0.061601087675056475
1 0.3974626092855022 0.33364067597379465 0.1553965720082724 0.06814218610347993
1 0.4062921692791389 0.3800790283311595 0.1521988466740906 0.0617466368892682
1 0.3932740012730937 0.4251924751880064 0.13969884667409058 0.061164440032421295
1 0.40833537993318486 0.47290222911694785 0.1615374840069997 0.059058284531903385
1 0.40867118726132146 0.5111470918133948 0.1614829400063634 0.05437078453190338
1 0.41356722525464 0.5601111306885244 0.16787839067472685 0.06716188296032684
1 0.40297462324954936 0.5980841656347125 0.1662977093411815 0.0655266083532208
1 0.40547236724223146 0.6518448664205007 0.18201361600890867 0.07406685442427943
1 0.4009843145687772 0.7020268029382655 0.1584852093411815 0.06516273531769165
1 0.4003934212285502 0.7528080529382655 0.17567270934118148 0.06596325599585598
1 0.41391957188895967 0.7982468314743126 0.15205339600572695 0.049246636889268204
1 0.40790538188259634 0.8453765425991833 0.16475339067472686 0.06701633374611475
1 0.41332813120627854 0.9161791941707598 0.15715906667727228 0.08540246071058562
1 0.5670980212046878 0.9207296453708327 0.1696590666772721 0.08598465756743252
1 0.5381105025461874 0.8619561129058442 0.1429329346753633 0.07068498924663302
1 0.5396099152212324 0.8002009756022911 0.15852157200827222 0.06828773531769165
1 0.5488491025620957 0.744331965263209 0.15863066000954512 0.07766273531769166
1 0.5533735179026408 0.6910250287454442 0.15070907200827222 0.06792386228216234
1 0.5775200899109132 0.6289959096388564 0.16170111600890866 0.07312078453190338
1 0.5679456425843675 0.5794689445850445 0.14120680267345415 0.05654971463952716
1 0.5691087005888218 0.5466200572814917 0.1614829400063634 0.05437078453190338
1 0.5585620992600487 0.5135357295312325 0.1614829400063634 0.05437078453190338
1 0.5621779952657759 0.47120268031702073 0.16471702800763593 0.06389133374611511
1 0.5517859352721391 0.42483710256676177 0.1631181653405452 0.06069355913900907
1 0.5396950152769117 0.3902630494236087 0.15833975867281785 0.05266273531769165
1 0.5471535266152296 0.3532168136916324 0.16769657733927232 0.05153688296032675
1 0.5390143099538658 0.3145545740307146 0.17400112133990878 0.05651548138875011
1 0.53793361529282 0.2732210986378204 0.15528748400699968 0.05876718610347993
1 0.5228267832988653 0.22941759470887896 0.16151930267345413 0.057495784531903384
1 0.5240534759707286 0.19109995740532607 0.15837612133990894 0.055787735317691614
1 0.5198023279758193 0.15381828122664362 0.15208975867281788 0.05237163688926816
1 0.5209653859802736 0.1209693939230907 0.1739829400063634 0.0549529813887502
1 0.5144432133195461 0.07754687965506706 0.15532384667409058 0.061892186103479886
1 0.5001812659930003 0.03296224152294461 0.14298747867599956 0.06592448304588922
1 0.6603920599936366 0.026444663979827986 0.2054329346753633 0.05288932795965597
1 0.6614000293205006 0.06367481658711646 0.21778748400699968 0.06167817038771419
1 0.6797136773154099 0.10030152130184618 0.21466248400699967 0.061532621173502465
1 0.6901511906429102 0.14276084905210515 0.21629770934118148 0.06785539578060833
1 0.6857813166375013 0.18278653556986982 0.1989465773392725 0.05299237510244392
1 0.694710873965638 0.22063113792723468 0.20681362133990877 0.05804374813797315
1 0.6981171372931382 0.26341795140947005 0.19894657733927232 0.05299237510244392
1 0.7047120352880476 0.3005904656774937 0.20674089600572695 0.05179374813797324
1 0.7129057959500478 0.33456520533841144 0.22705339600572697 0.052739818030349286
1 0.7132870566120479 0.3689038180348585 0.22240225867281788 0.05564649420903169
1 0.7253325232734118 0.4073841211780117 0.21927725867281786 0.055500944994819966
1 0.7326904899347757 0.4460827481424824 0.21462612133990877 0.05840762117350238
1 0.7260223192632305 0.4823113465709058 0.19585794000636342 0.0559718258882322
1 0.7301916512571853 0.5266242727495882 0.21153748400699968 0.06138707195929065
1 0.7248314419160039 0.5846550965709059 0.17102157200827223 0.06886993217453856
1 0.7219149799093223 0.6339830084815646 0.17723520934118148 0.06603603060296184
1 0.7260115865690955 0.684545934660247 0.22421929734245402 0.07759426881613755
1 0.7081604678946867 0.7423777053384114 0.1741829346753633 0.07214048138875029
1 0.7129837805538234 0.797591744213541 0.22102157200827222 0.07119871960192584
1 0.7184792552116874 0.8621443957851174 0.20232611600890865 0.07501292431665547
1 0.7491019992043695 0.9145951536430005 0.2054329346753633 0.07359597353086755
1 0.8768255819939549 0.021050784741300295 0.20859429734245402 0.04210156948260059
1 0.8887346886537278 0.05386736125321421 0.22093066534054523 0.06338621960192589
1 0.8851369739815464 0.09463791046742592 0.22721702800763593 0.0668023180303493
1 0.8885977813096829 0.13273722394966128 0.21927725867281786 0.055500944994820056
1 0.8874347233052285 0.1655861112532142 0.22087612133990894 0.05869871960192592
1 0.8893512119669106 0.2021956993425554 0.21609771467218158 0.05066789578060833
1 0.8936841759627743 0.23244612552123786 0.2068136213399086 0.058043748137973236
1 0.8978989612905929 0.27285280169992027 0.19743862133990858 0.05760710049533806
1 0.9052478372851841 0.31233267866439096 0.1817954400063634 0.05531685442427943
1 0.9031035346117298 0.3624054532714968 0.18484771467218158 0.04921240363849115
1 0.9073819546069573 0.3973433794501793 0.1757090720082722 0.06908825599585607
1 0.9020853799331849 0.44990545327149684 0.18499316534054486 0.061712403638491155
1 0.9070814152610034 0.4902757421466264 0.17394657733927232 0.05182798138875029
1 0.9105058599220491 0.5315000556288616 0.16300907733927233 0.05131855913900907
1 0.9100422359166401 0.5713438056288617 0.15988407733927232 0.05117300992479734
1 0.9055905459102769 0.6184007421466264 0.16466248400699968 0.05920383374611511
1 0.9082064685710044 0.6620051929324147 0.1551602146721816 0.04782968610347993
1 0.907761025899141 0.7002864429324147 0.15205339600572715 0.049246636889268204
1 0.9049445612269593 0.7410206048430734 0.1552329400063634 0.05407968610347993
1 0.9044173025541415 0.7863331048430734 0.15205339600572715 0.049246636889268204
1 0.9062792472151873 0.8276301929324147 0.14434998400699967 0.05825776385373871
1 0.8902633485439602 0.8619516890034731 0.17249316534054487 0.0611302067816446
1 0.887301433203415 0.915185850914132 0.17599997334499945 0.09408825599585598