0 0.8765346806572276 0.07974006878576725 0.16478975334181775 0.0644090400222717
0 0.8728915126511826 0.12423495611867637 0.15223520934118148 0.059576089353908124
0 0.8676767539783647 0.16949291211804002 0.14275112133990858 0.050092001352635494
0 0.8570296079726376 0.2115622334499946 0.1301965773392723 0.04525905068427196
0 0.8800671186346378 0.2462099534531763 0.17409202800763596 0.05826812802354438
0 0.8499705386298654 0.28102075811581284 0.1380090773392723 0.045349957351999134
0 0.8448921399586382 0.3145599641151765 0.15539657200827223 0.06273745202099903
0 0.8669756779519566 0.3640423434515855 0.15526930267345448 0.05179995202099903
0 0.8508597819462297 0.406048030116131 0.1396806653405452 0.0547431386855445
0 0.8559012706079118 0.4428304147835401 0.13661020934118148 0.059394276018453596
0 0.8555103719366848 0.47642416478354005 0.12707157733927232 0.04522268801718106
0 0.849641632598685 0.510735530116131 0.1458761213399086 0.05012836401972631
0 0.8515763025939125 0.5459190521164492 0.1350113466740904 0.05625109468490823
0 0.8471791565881854 0.5880610987825856 0.13341248400699968 0.05310791335136287
0 0.8483053045830948 0.6255792801161311 0.13016021467218158 0.042134050684271965
0 0.8455797465786403 0.6583645081158128 0.13653748400699967 0.0531442760184536
0 0.8224962352403224 0.6948196287794038 0.13326703333863604 0.040607913351362865
0 0.8291365865690954 0.7284951947803584 0.1427329400063634 0.04852950135263541
0 0.8420269378978684 0.7622434861154946 0.14580339600572714 0.04387836401972649
0 0.802582629893414 0.7946014527768586 0.11611589600572714 0.043532918682362975
0 0.798285481222187 0.8281497494429949 0.11771475867281786 0.04667610001590816
0 0.7971133325509598 0.8617344087762223 0.13021475867281787 0.04682155068427178
0 0.7920531152132784 0.8937111147755861 0.12389203333863605 0.04049882535009033
0 0.6576781152132782 0.8921475200906777 0.11775112133990877 0.049801100015908165
0 0.5311247058800509 0.8898935820734966 0.12721702800763596 0.057722688017181056
0 0.3945059532145509 0.8797089653882703 0.14925566000954502 0.07203972668681721
0 0.24135368121423273 0.8802709447008166 0.1350477093411815 0.05937609468490805
0 0.11400993121423275 0.878789166016863 0.13493862133990878 0.05000109468490806
0 0.10114685188577799 0.8426971246817265 0.12716248400699967 0.05303518801718106
0 0.1282093385582777 0.8000374573519992 0.14598520934118145 0.05950336401972649
0 0.11144000922982293 0.7638999626829992 0.14596702800763603 0.05794086401972631
0 0.11505590523554995 0.7217488253500901 0.13352157200827236 0.06248291335136287
0 0.10771611990773153 0.6810329186823629 0.15223520934118148 0.059576089353908124
0 0.08949337858054943 0.6355022426798176 0.15526930267345423 0.05179995202099903
0 0.08924847792014004 0.5893994020130449 0.16468066534054512 0.055034040022271746
0 0.10534619259232161 0.5489562153484993 0.1380999840069997 0.053162457351999134
0 0.09952345393063955 0.5121647400143174 0.16780566534054514 0.055070402689362655
0 0.09293764660250295 0.4738016740133631 0.15679544000636333 0.048693133354544574
0 0.09422797394177541 0.43006076468013565 0.13973520934118147 0.05943063868554468
0 0.08777852661522964 0.37997894867918125 0.1460397533418178 0.06419086401972632
0 0.09846203528804753 0.33478462734722664 0.15528748400699968 0.05336245202099903
0 0.11772111262731999 0.291252803349772 0.13969884667409058 0.05630563868554459
0 0.11987450596754694 0.24048973468331739 0.1663522533418178 0.0644272213558171
0 0.1220642619748648 0.18660166601686284 0.1647897533418178 0.0644090400222717
0 0.14291311131445542 0.14074427335295364 0.15223520934118148 0.059576089353908124
0 0.1380079826543642 0.0922431386855446 0.14594884667409053 0.05637836401972636
0 0.14711990066040936 0.04781188602004453 0.15532384667409058 0.05648745202099903
0 0.1521710273313183 0.016616430020680868 0.16753294533736343 0.0316329026893626
0 0.3068403459977728 0.0199788820416799 0.16756930800445433 0.03475790268936259
0 0.4379267139958638 0.03556861405949726 0.1553602093411815 0.05961245202099903
0 0.5783517193268639 0.05439243407858729 0.1428602093411815 0.059467001352635475
0 0.720175592655955 0.08729693543122277 0.16787839067472685 0.061320402689362605
0 0.7235273119828189 0.1349986387650864 0.1647352093411815 0.0597215400222717
0 0.7308125533100011 0.1804020454328136 0.16159202800763595 0.05812267735518084
0 0.7186210886378195 0.22089068543122278 0.14434998400699967 0.05323518268618095
0 0.7111898492998197 0.2551838694302683 0.13962612133990876 0.05005563868554459
0 0.7115438379615018 0.291911710097041 0.13184998400699968 0.053089732017817325
0 0.7141506699554566 0.3364793227641319 0.13653748400699967 0.05314427601845369
0 0.7136415926161842 0.3802293227641319 0.13975339067472703 0.0609931386855445
0 0.7171023999443207 0.41855602609799547 0.14598520934118148 0.05950336401972649
0 0.71275979793923 0.45601057276413187 0.15212612133990877 0.05020108935390812
0 0.7256228772676848 0.4921026140992682 0.1459124840069997 0.05325336401972649
0 0.724378003262276 0.5319372734324954 0.13969884667409058 0.05630563868554468
0 0.7208166512571854 0.5694009107654046 0.14594884667409042 0.05637836401972649
0 0.7149388212524128 0.6044935260979954 0.13181362133990876 0.04996473201781733
0 0.7176820132479584 0.6373423887650864 0.12712612133990878 0.049910188017181056
0 0.6860138425764133 0.6729162620941775 0.12400112133990877 0.04987382535009015
0 0.6865041912396862 0.6979253527609501 0.13795453333863605 0.04066245735199914
0 0.6791274959023227 0.7275310367599956 0.11462612133990877 0.04976473734881744
0 0.6881843225652774 0.7549838747612684 0.13337612133990878 0.049982913351362866
0 0.6713780832272775 0.7891679707590413 0.12080339600572695 0.04358746268299925
0 0.6858491158895961 0.8213719434277229 0.12708975867281785 0.046785188017181054
0 0.6729854892186871 0.8524764927593594 0.12872498400699967 0.0530533693507266
0 0.5472769645528689 0.844762895408951 0.13030566534054505 0.05463405068427178
0 0.5703786572247322 0.8067452747453601 0.13977157200827223 0.06255563868554433
0 0.5591508032304592 0.7644214147437692 0.12877952800763595 0.0577408693507266
0 0.5658462459023227 0.726212890077951 0.13651930267345413 0.051581776018453596
0 0.5709700979074134 0.6887674340785873 0.14736589600572697 0.04389654535327185
0 0.5744132712444585 0.6614600467456782 0.13006930800445424 0.034321550684271965
0 0.5780291672501857 0.6193089094127691 0.1443863466740904 0.05636018268618095
0 0.5925280192552763 0.5819725414146781 0.1270352146721816 0.042097688017181056
0 0.5951899425923216 0.5546560634149962 0.13635567067154533 0.0375192760184536
0 0.597915500596776 0.5218708354153143 0.13175907733927233 0.045277232017817325
0 0.585970031269912 0.4740691347469509 0.13335794000636342 0.048420413351362865
0 0.5935467212762753 0.4272759507479053 0.14587612133990877 0.05012836401972649
0 0.5973807932845477 0.3663748134149962 0.1459124840069997 0.053253364019726315
0 0.5746887279599109 0.3020395934118146 0.13806362133990877 0.05003745735199914
0 0.584518261298547 0.26308618141308726 0.1427329400063634 0.04852950135263549
0 0.5850182479710468 0.22011743141308723 0.14271475867281785 0.0469670013526355
0 0.5799858499761374 0.1825537967456782 0.13650112133990877 0.050019276018453684
0 0.5843193613144554 0.14588050007954179 0.14907384667409057 0.05641472668681722
0 0.5840017353198643 0.10602765941276908 0.14596702800763595 0.057940864019726354
0 0.4334750239895005 0.08239816072563365 0.15841248400699967 0.053398814688089914
0 0.2977556999920458 0.062066384707179956 0.13346702800763605 0.057795413351362804
0 0.4392704906508643 0.12153338605981542 0.13958975867281787 0.04693063868554459
0 0.2949119633195461 0.10500786270686177 0.1319227093411815 0.05933973201781737
0 0.43492788864577375 0.15898793272595182 0.13964430267345412 0.05161813868554459
0 0.3006165233131828 0.15195558804104356 0.1428602093411815 0.059467001352635496
0 0.43991483330681935 0.20045781739336088 0.1646806653405452 0.055034040022271656
0 0.28360119863941036 0.2041084340388164 0.16482611600890867 0.06753404002227166
0 0.2767421239656379 0.25637945870463463 0.15232611600890866 0.06738858935390812
0 0.4394688432925019 0.3059356580601336 0.1708579400063634 0.04885676535645347
0 0.27700520595959277 0.30091979937140734 0.1397715720082724 0.06255563868554459
0 0.4404768126193658 0.35361008939367905 0.14289657200827238 0.0625920013526354
0 0.2732529499522749 0.35478968670431643 0.18975339067472685 0.06157494135899881
0 0.4532853479471842 0.39438963072881533 0.1647352093411815 0.05972154002227166
0 0.4558830892743663 0.4397384933959062 0.14745680267345432 0.05170904535327168
0 0.26103421327977516 0.3976220767027256 0.15694089067472686 0.06119313335454448
0 0.29103024860759363 0.4386016127068618 0.13032384667409058 0.05619655068427178
0 0.4553649212683212 0.48426974339590617 0.14896475867281786 0.04703972668681722
0 0.30305753393541207 0.4793720633752253 0.13655566534054514 0.0547067760184536
0 0.46044277259709415 0.5179271280633152 0.14598520934118148 0.05950336401972649
0 0.29626209392904873 0.5261743380410435 0.14896475867281786 0.04703972668681722
0 0.2591797172581398 0.5569970767027257 0.13804544000636332 0.04847495735199914
0 0.4591797172581399 0.5593242873965425 0.11931362133990878 0.04981928134945388
0 0.2603331372533673 0.592171508036271 0.14580339600572706 0.04387836401972649
0 0.41879961791854925 0.6049544133911338 0.15830339600572696 0.044023814688089934
0 0.4434087192473221 0.6388390647278609 0.13014203333863605 0.04057155068427178
0 0.25358315058086756 0.6350675327020893 0.12403748400699968 0.05299882535009015
0 0.43749452657545873 0.6770566800604517 0.12401930267345414 0.05143632535009015
0 0.29215475457514056 0.6777095660407253 0.14901930267345423 0.051727226686817215
0 0.4369581772358681 0.7231504300604518 0.14743862133990876 0.05014654535327186
0 0.2643473805697317 0.7172351427036802 0.13653748400699967 0.0531442760184536
0 0.42252295989818645 0.7550180480585428 0.14898294000636342 0.04860222668681722
0 0.41657240455923217 0.7963606633911338 0.12407384667409058 0.056123825350090153
0 0.4129655992202779 0.8377305507240429 0.1302874840069997 0.05307155068427179
0 0.2512013958864143 0.8397550327020893 0.12102157200827231 0.062337462682999244
0 0.2548082012253686 0.7983851453691801 0.1288340720082723 0.0624283693507266
0 0.2670178472310956 0.756334005370771 0.12867044000636332 0.0483658693507266
0 0.43628075596754695 0.24417145472626997 0.17096702800763594 0.05823176535645347