0 0.04427570007943025 0.252282741597043 0.08249667451188503 0.164184516805914
0 0.0871353559236289 0.24428189920169724 0.07915348620028229 0.15155718281352515
0 0.12999501176782752 0.2362810568063515 0.07120461850553061 0.14342634783255317
0 0.17142853530677787 0.23615638140720013 0.06158415665497752 0.1289818458553869
0 0.1974728380667214 0.20538654247189542 0.08112508928453739 0.17505834980971963
0 0.23688989407307584 0.22410736756703567 0.0632557508107789 0.13529551285158128
0 0.26964784699517513 0.21964536064695342 0.08238758035608366 0.157934516805914
0 0.3097137394466932 0.18595876874589928 0.07298530681713337 0.15599001482874764
0 0.35201033360249456 0.1904897598486507 0.07271257142762995 0.14036501482874764
0 0.38459100852141664 0.1758715029285685 0.07581029788867966 0.1389298488211364
0 0.4164995275961402 0.16753507950658345 0.0615296095770768 0.1258568458553869
0 0.4484898672877146 0.16388615608459842 0.06969666558343128 0.14648768083635888
0 0.48113872605401253 0.1531741491645162 0.0726307508107789 0.1356775148287476
0 0.5208870186676864 0.14608189076155922 0.0710409772718286 0.13405134783255326
0 0.5550847406645092 0.13452496684528262 0.058459156654977563 0.1288545118629981
0 0.5862529200476582 0.1285641269213948 0.06953302434972919 0.13711268083635883
0 0.625547245128736 0.140253702016535 0.05692393019392785 0.13035334486680367
0 0.654989283278183 0.12498152908884155 0.06805234496658023 0.14173651384016445
0 0.6827733640413036 0.10430427315734252 0.06185689204448082 0.1446068458553869
0 0.722340424511885 0.1316188482524827 0.05667846834337489 0.11629084486680367
0 0.7543034906645092 0.1264074248304977 0.05980346834337489 0.11641817885919248
0 0.7854580332781829 0.11966533490660987 0.06314665665497757 0.12904551285158128
0 0.8166534862002823 0.11526699498272204 0.05519778896022594 0.1209146778706093
0 0.8469740060857847 0.23990223905122302 0.06454551542127547 0.11973417984777565
0 0.8755820215070601 0.3560074001159183 0.07408415665497756 0.1294911818249421
0 0.898912201700988 0.48327289566729403 0.09009098620028233 0.15200285178688588
0 0.936550343745469 0.6240278882529202 0.0757830243497292 0.1373673488211363
0 0.9651856327056947 0.7416955493176156 0.06794325081077872 0.13548651384016458
0 0.935839051942574 0.7624364722453091 0.06936938311602744 0.12773768083635878
0 0.8894725665530707 0.7486896486330435 0.07750916558343128 0.14680601581733085
0 0.8609754196373258 0.7733049880626398 0.07591939204448081 0.1451798488211363
0 0.8212544005626021 0.7819597464655967 0.07888075081077872 0.13593218281352523
0 0.7848220227215809 0.7998621708761651 0.0791807597392328 0.15311968281352506
0 0.7477856728837367 0.8279526787848305 0.0713955332781829 0.15436384783255336
0 0.7049942008869139 0.8398597711801761 0.077809174511885 0.16399351581733085
0 0.6642737435005877 0.8360463630812303 0.06956029788867965 0.1386751808363588
0 0.6324743185816656 0.8506327865032153 0.07627394805083547 0.1654923488211363
0 0.5967959172016938 0.8669408774156864 0.06983303327818291 0.1543001808363588
0 0.5571021716659207 0.8771581358186434 0.07586484496658023 0.14205484882113667
0 0.5120896805943744 0.8961919787082806 0.08222393912238157 0.14855951680591417
0 0.4683533173638496 0.8987559046017235 0.07608303327818292 0.15455484882113665
0 0.4236856996690978 0.892757913993264 0.07427507142762994 0.14042868182494175
0 0.3761794541333247 0.9032935073771927 0.08567622158978568 0.16743685079830256
0 0.3255072982891261 0.9116126847535104 0.083895533278183 0.15487318380210838
0 0.2777692276722751 0.9088670281374395 0.08077053327818291 0.15474584980971962
0 0.23422377921440263 0.9223684540308824 0.07583757142762995 0.14049234882113631
0 0.19046014244492745 0.9233698799243253 0.07586484496658027 0.1420548488211363
0 0.1459152556754523 0.9244031393158656 0.08370461850553061 0.14393568380210836
0 0.11704814163414856 0.7934542282511702 0.07942622158978567 0.16718218281352507
0 0.11013784820969583 0.6663014792397532 0.08079780681713329 0.1563083498097196
0 0.09372982385996662 0.5324994822055029 0.07748189204448093 0.14524351581733086
0 0.08897236566286151 0.3943137326997944 0.08096144805083536 0.1656833498097196
0 0.13247690381230845 0.3784685568063515 0.08090690097293471 0.16255834980971962
0 0.17278825811437953 0.3588444649052973 0.07775462743398434 0.16086851581733086
0 0.21268655519228022 0.3603459565023403 0.07120461850553061 0.14342634783255317
0 0.2470342816533299 0.3573827825860637 0.06958757142762995 0.1402376808363588
0 0.2804780271891031 0.34742019216788433 0.06947847727182861 0.13398768083635879
0 0.32089847564697543 0.3340461002668301 0.06953302434972919 0.1371126808363588
0 0.36135983441327346 0.32301575836577595 0.07898984496658024 0.14218218281352524
0 0.3963115328711459 0.3098645009514021 0.07750916558343128 0.14680601581733085
0 0.4313859622542949 0.3037444935370283 0.07134098620028233 0.15123884783255317
0 0.4615001562479405 0.2821904871112377 0.07282166558343128 0.14661501482874764
0 0.4988774253226639 0.2736312292025723 0.07427507142762994 0.140428681824942
0 0.5347058311668625 0.2659168882901013 0.074356892044481 0.14511618182494201
0 0.5682586708584371 0.2622042978719219 0.06788870373287814 0.13236151384016442
0 0.5977688928552599 0.25083837494422845 0.0662443831160271 0.12761034684397005
0 0.6387893591700398 0.2718392830431743 0.06462733603812651 0.12442167984777566
0 0.6613365150142384 0.2646661115983556 0.0601307508107789 0.13516817885919252
0 0.6894478782447633 0.2627388556668565 0.06446369480442442 0.11504667984777565
0 0.7134211663942102 0.24768951722584348 0.06632620373287815 0.13229784684397003
0 0.7494950340889619 0.25403767631337243 0.05673301542127547 0.11941584486680376
0 0.7756893413131323 0.23186158737806778 0.06152960957707698 0.1258568458553869
0 0.8078160486994583 0.23602516395608278 0.06783415665497756 0.1292365138401644
0 0.8301877008902092 0.35316624300555566 0.07098643019392767 0.13092634783255325
0 0.7901257625786064 0.34228975140851264 0.07898984496658024 0.14218218281352524
0 0.7537479318154856 0.36331717581908085 0.07411143019392785 0.13105368182494193
0 0.716275205354436 0.3664076837277463 0.06953302434972919 0.1371126808363588
0 0.6804195259712871 0.37255952464021724 0.06500916558343128 0.14629667984777567
0 0.6546928230491877 0.3767350300774247 0.0537443831160271 0.12710101087441492
0 0.6141769172049891 0.3846403719784789 0.07591939204448099 0.14517984882113638
0 0.5773763465881381 0.3814490463890471 0.05840460957707698 0.12572951186299813
0 0.5516496436660387 0.38562455182625455 0.05385347727182861 0.13335101087441492
0 0.5196865775134146 0.39083597524823954 0.06320120373287814 0.13217051285158127
0 0.4786621570587194 0.414398150647391 0.06632620373287815 0.13229784684397003
0 0.4341990909060952 0.42011891003893115 0.06810689204448099 0.1448615138401644
0 0.3765638689092724 0.4326308388981236 0.07125916558343129 0.14655134783255336
0 0.32406616030513025 0.47073301676873297 0.06640802434972919 0.13698534684397004
0 0.28420877353565505 0.47157527517168984 0.06802507142762995 0.1401740138401646
0 0.2445286647693571 0.48257378357464686 0.06648984496658024 0.14167284684397002
0 0.21118037661991015 0.49800512399282637 0.0663807508107789 0.13542284684397005
0 0.17529742369781082 0.5025944649052972 0.07600121266133195 0.1498673488211363
0 0.14031845170098806 0.5141832223196712 0.07750916558343128 0.14680601581733085
0 0.15376511728441933 0.6574875533463104 0.074602353895034 0.1591786818249421
0 0.16854245778677274 0.7874469673767553 0.0757557508107789 0.1358048488211363
0 0.18867590543386625 0.6419925459319366 0.06643529788867956 0.13854784684397004
0 0.2082634768614962 0.7787922089737982 0.0757557508107789 0.1358048488211363
0 0.22375033481701526 0.6358725385175628 0.07115007142762994 0.14030134783255335
0 0.2509594914719928 0.7614163665784524 0.077481892044481 0.14524351581733086
0 0.26179975973593733 0.6210314471108 0.07783644805083538 0.16555601581733087
0 0.3025901753193686 0.7632216057040375 0.08718417451188501 0.16437551779449713
0 0.35249471793304243 0.755715511825817 0.08861030681713329 0.1566266847906915
0 0.3598145198822071 0.5928016763505536 0.07164099512873605 0.16842634783255334
0 0.3945049399298653 0.7438402529285686 0.07898984496658024 0.14218218281352507
0 0.40335996834007953 0.5793002504571105 0.082169392044481 0.145434516805914
0 0.4443549354656383 0.7332091590503479 0.08603077759614024 0.18774935079830293
0 0.43738041233372515 0.557587076540834 0.080934174511885 0.1641208498097196
0 0.4793497240221224 0.5433680676435854 0.07128643912238157 0.14811384783255335
0 0.4873509590045887 0.7330208166550022 0.08238758035608366 0.157934516805914
0 0.5179600308392557 0.6950287267311144 0.07254893019392802 0.13099001482874756
0 0.5198110827884204 0.5323377257425312 0.06659893912238157 0.14792284684397003
0 0.5527617248329013 0.6732837193167406 0.07265802434972919 0.13724001482874754
0 0.5492667577073425 0.5178468028148377 0.07750916558343128 0.14680601581733085
0 0.5972111542160503 0.6667817099252004 0.06816143912238175 0.1479865138401646
0 0.6336259411476812 0.6926611190127294 0.0663807508107789 0.13542284684397005
0 0.5889877767820659 0.5091920444118807 0.06457278896022593 0.12129667984777566
0 0.6662884366834543 0.6827303620926471 0.06341939204448081 0.14467051285158128
0 0.6402463137136969 0.534466617035563 0.06676258035608366 0.15729784684397002
0 0.6654820929346901 0.5021661115983556 0.05689665665497756 0.12879084486680376
0 0.7076265028360785 0.6771369366934958 0.06775233603812651 0.12454901384016441
0 0.7013650458567894 0.4975767706858846 0.06777960957707681 0.12611151384016442
0 0.7380992069759938 0.6313323467696079 0.07128643912238157 0.14811384783255316
0 0.7441565178536121 0.4856696782905388 0.06969666558343128 0.1464876808363588
0 0.7813406923654972 0.6452065043742621 0.06953302434972919 0.1371126808363588
0 0.7770781120094135 0.4905826713704566 0.06969666558343128 0.1464876808363588
0 0.8176485649315129 0.4858023294694024 0.07087733603812651 0.12467634783255317
0 0.8558343575451868 0.4787737380626398 0.06786143019392768 0.1307990138401644
0 0.8967202305149442 0.6264326466558773 0.0755375624991764 0.1233048488211363
0 0.8577531879012703 0.6334930715607371 0.07723643019392767 0.13118101581733085
0 0.81710091436232 0.6335859134617912 0.06470915665497756 0.12910917984777565
0 0.303096915580136 0.6130942717116488 0.07950804220663672 0.17186968281352505