0 0.19866013192686943 0.0741476666931806 0.1606507096771284 0.06277381468808993
0 0.19913532092583344 0.11787948535963515 0.14956766046291675 0.05952154535327181
0 0.20191787262124455 0.16085732602640787 0.13826628742738745 0.051581776018453686
0 0.21087764970954975 0.2023453920273624 0.12547518899896398 0.04518632535009015
0 0.18651550454811397 0.2325141500238625 0.16980738585581084 0.05819540268936265
0 0.21400695781510165 0.26953289202736236 0.13328768899896398 0.045277232017817325
0 0.21709772456432463 0.3023635733609078 0.1528382096771284 0.06268290802036276
0 0.19339055086684157 0.346594831357408 0.15083906203449332 0.05328972668681722
0 0.20625657795514676 0.38812835069222607 0.13528683664159918 0.05467041335136278
0 0.20000873200792268 0.4216311940244989 0.1338698858558109 0.05777723201781733
0 0.19919324875714572 0.45441642202418076 0.12391268899896399 0.04516814401654479
0 0.20232040280992164 0.4880283533577261 0.1414640620344933 0.05318063868554468
0 0.19919755686269758 0.5215675593570899 0.13216183664159917 0.05463405068427196
0 0.20030844664744984 0.5621834686903171 0.13059933664159917 0.0546158693507266
0 0.1972947626108846 0.5980664246896807 0.12689213978475228 0.04207950668363551
0 0.19875025475300173 0.6293164246896807 0.1320890620344933 0.05307155068427179
0 0.2192104580199894 0.666253350692226 0.1283818651776464 0.040535188017181055
0 0.21054608746565945 0.6981664220241808 0.13975601282028158 0.05003745735199914
0 0.1963401923042237 0.7284533586887262 0.14110018899896398 0.04536813868554468
0 0.23309748366055255 0.7632374386934988 0.11282963978475227 0.04191587468172653
0 0.23540700040977555 0.7960590293602714 0.112975188998964 0.04504087468172653
0 0.23529999255189268 0.8272908480267261 0.12554796360606985 0.046748825350090326
0 0.23831798469400986 0.8585590293602714 0.12049659057054055 0.03888178134945406
0 0.3669524069437508 0.870987398710998 0.11631851282028158 0.04976473734881744
0 0.4885191918899389 0.88255270206077 0.1244948858558109 0.057668144016544784
0 0.6199147411041507 0.8872049340785872 0.14702485731976367 0.07198518268618095
0 0.7659549871752092 0.9045207980983136 0.1338698858558109 0.05777723201781733
0 0.8883030221213973 0.9160951921148583 0.13194351282028158 0.049946550684271784
0 0.9023997553721742 0.8834645054503127 0.12278683664159899 0.054524962682999244
0 0.8777058163732103 0.839450876113904 0.14339043507002244 0.06101132001909022
0 0.8965264369275403 0.8076559834499946 0.14331766046291677 0.05944882001909022
0 0.8954155471427878 0.7670400741167673 0.13089043507002246 0.0608658693507266
0 0.9045336819651414 0.7281048434515854 0.14964043507002245 0.06108404535327185
0 0.9245165421803891 0.6877343821212217 0.15083906203449332 0.05328972668681722
0 0.9230844551267599 0.6432485854550853 0.15383108974648038 0.05652381468808994
0 0.9127742133966729 0.6032684754534945 0.13514128742738726 0.05154541335136287
0 0.9194575141633251 0.5697838134547671 0.16108497167334973 0.05343517735518084
0 0.9260424811816078 0.5323929014560399 0.14791503763678443 0.05018290802036276
0 0.9293730543814981 0.4902417641231307 0.13699488585581107 0.05781359468490823
0 0.9331978556648792 0.44427528345794876 0.13360428867024154 0.06413632001909005
0 0.927564285772503 0.39968039879053974 0.14487142845499398 0.05641472668681722
0 0.9145206881703946 0.35576676678863073 0.13848461124870504 0.05626927601845368
0 0.9138271753501129 0.3073474481221762 0.16228598428423452 0.06435449602163539
0 0.9153682506191725 0.2566116514560398 0.1606507096771285 0.06277381468808993
0 0.8975600124059969 0.20955483812058534 0.14964043507002245 0.06108404535327185
0 0.9047881614963739 0.16357017612185804 0.14324488585581108 0.05788632001909004
0 0.8989169971045159 0.12133722278799441 0.15098461124870505 0.05641472668681726
0 0.8960616708019989 0.0767968821212217 0.16526543507002245 0.06126585868872627
0 0.7472602977664697 0.06725715543440444 0.1635573858558109 0.05812267735518082
0 0.6205351319268695 0.07905662675045069 0.15276543507002263 0.06112040802036271
0 0.48481595574818703 0.082162350731997 0.1401198858558109 0.05784995735199914
0 0.3481528637299044 0.09853114337999785 0.16363016046291676 0.05968517735518082
0 0.3416331900324213 0.1429623960454979 0.16050516046291677 0.059648814688089934
0 0.3327333790313853 0.1865851267106798 0.15723461124870503 0.05648745202099903
0 0.34154760690547886 0.2249481927116343 0.13997433664159917 0.054724957351999136
0 0.3470912855653606 0.2601498960454979 0.13514128742738746 0.05154541335136287
0 0.3455309396181366 0.293707283378407 0.12889128742738745 0.05147268801718106
0 0.3404646040099947 0.3358129673774525 0.1320890620344933 0.05307155068427196
0 0.33930451840185283 0.37796410471036157 0.13714043507002263 0.06093859468490823
0 0.3339470843652875 0.4138197887094071 0.14331766046291666 0.05944882001909004
0 0.33562090032872227 0.4497572887094071 0.1477140620344933 0.05325336401972649
0 0.32159694168505115 0.48395047537395275 0.14160961124870503 0.05630563868554468
0 0.3209997822555917 0.5214232033736346 0.1369948858558109 0.05781359468490823
0 0.32267359821902647 0.5573607033736344 0.14160961124870503 0.05630563868554468
0 0.3266183895753553 0.5917629753739526 0.1288185128202816 0.049910188017181056
0 0.32256874441391953 0.6221680907065437 0.12256851282028158 0.049837462682999246
0 0.35084144768090714 0.6591959233768161 0.12093323821317573 0.0482567813494537
0 0.34962570409104793 0.683387401376498 0.13314213978475226 0.04215223201781733
0 0.3548418970189534 0.7115578547103617 0.11014128742738745 0.05125451201463562
0 0.344360315339753 0.7379839947087709 0.12874573821317573 0.048347688017181055
0 0.3592426066960819 0.772513536043907 0.11595463978475226 0.04195223734881744
0 0.34340143692754016 0.8012197913749072 0.12242296360606986 0.046712462682999244
0 0.35501317906965735 0.8325879700429525 0.12576628742738744 0.05143632535009033
0 0.47547122828386906 0.8371129327259517 0.12747433664159918 0.054579506683635516
0 0.45497463771332847 0.7993947567234064 0.13714043507002263 0.060938594684908406
0 0.46799902253568204 0.7605049793920882 0.1276198858558109 0.05770450668363551
0 0.46316381926869443 0.7237498667249973 0.13357878742738744 0.05152723201781732
0 0.46067236600170675 0.6870220260582245 0.144225188998964 0.04540450135263541
0 0.4578726976809072 0.6604413447246792 0.125038541356329 0.03581132535009015
0 0.4567618078961549 0.6198254353914519 0.1432448858558109 0.05788632001909004
0 0.4457129919327202 0.5837788473901793 0.12220463978475227 0.042024962682999246
0 0.4436945736119206 0.5572072567234064 0.1312885413563288 0.035884050684271786
0 0.4422026941662505 0.5251760067234065 0.128600188998964 0.04522268801718106
0 0.4565348678637336 0.48083566072563366 0.13030823821317572 0.04836586935072642
0 0.45208065425766375 0.4354958887253154 0.14139128742738744 0.05161813868554468
0 0.45013285649119406 0.3769112293920882 0.1414640620344933 0.0531806386855445
0 0.4755288087247244 0.3186447433959062 0.13499573821317573 0.048420413351362865
0 0.46827708085063086 0.28029985872849716 0.13812073821317572 0.04845677601845368
0 0.47103605376232566 0.2389481527291335 0.13804796360606986 0.04689427601845368
0 0.4772111251024439 0.2038828093968607 0.13194351282028158 0.049946550684271875
0 0.47475605913900915 0.167936218730088 0.14473461124870504 0.05634200135263549
0 0.4769157185684686 0.13048167206395161 0.14331766046291677 0.05944882001909004
0 0.6226092082293864 0.12358787675045069 0.15403683664159917 0.05488858935390817
0 0.753568109800963 0.11886510876826806 0.1323073858558109 0.057759050684271916
0 0.6141995487999269 0.1609696980824053 0.13492296360606987 0.04685791335136278
0 0.7538977495857153 0.1594719274347226 0.1307448858558109 0.05774086935072646
0 0.6166546147633617 0.19691628874917805 0.13514128742738746 0.05154541335136278
0 0.7465968258882322 0.20389408943344994 0.14175516046291675 0.05943063868554459
0 0.6106614799410081 0.23588788208145078 0.16028683664159918 0.054961314688089936
0 0.7591546379227255 0.2555747681014953 0.16079625889134022 0.06589881468808993
0 0.763045925350113 0.3055929494350408 0.15000430810555193 0.06889654535327186
0 0.6051991920993359 0.33655095341340535 0.16624573821317573 0.04878404002227175
0 0.761140977045524 0.34851624610117715 0.13870293507002263 0.06095677601845369
0 0.6018045184018528 0.3810185687459963 0.14033820967712848 0.06253745735199914
0 0.7619800390800173 0.40006056476763174 0.18557793507002263 0.061502216024817
0 0.5871448589723934 0.4183276647437692 0.16206766046291676 0.0596669960216353
0 0.5829325479713574 0.4620049394095874 0.14458906203449332 0.05321700135263541
0 0.7717938407754283 0.443120221435359 0.1544007096771285 0.06270108935390831
0 0.7406551567388631 0.47867591343090454 0.12754711124870505 0.05614200668363552
0 0.5810275996667685 0.5049282360757237 0.14437073821317573 0.04852950135263541
0 0.7275943846129567 0.5167844407622229 0.133724336641599 0.054652232017817326
0 0.5738529545053327 0.5352969887412239 0.14331766046291677 0.05944882001909004
0 0.7312309609154736 0.5613338720957683 0.14437073821317573 0.04852950135263541
0 0.7655353403611436 0.5937469301002227 0.1334332382131759 0.04840223201781733
0 0.573401344290085 0.5758947167409056 0.11639128742738744 0.05132723734881743
0 0.7624124944139196 0.6272861360995863 0.14110018899896382 0.04536813868554468
0 0.6099595825032608 0.6231697060789054 0.15367296360606986 0.04707608935390813
0 0.584034937341825 0.6533202827418603 0.1252568651776464 0.04049882535008997
0 0.7667211588057776 0.6695009080999045 0.11958906203449331 0.052926100015908514
0 0.5880525033052597 0.6892850547421784 0.12264128742738745 0.05139996268299925
0 0.7278063620727654 0.7057469434277228 0.14458906203449332 0.05321700135263541
0 0.5862203296077766 0.7337708514083147 0.14302656203449332 0.05319882001908986
0 0.7515735018575176 0.7466264820973592 0.13201628742738727 0.051509050684271786
0 0.5994309590534467 0.7659384614099055 0.1444435128202816 0.050092001352635404
0 0.602849211534646 0.8058003927434509 0.11966183664159917 0.05448860001590816
0 0.6039237140158454 0.8456350520766783 0.12576628742738744 0.05143632535009033
0 0.7593753473904569 0.8638412540976773 0.11846320967712849 0.06228291868236298
0 0.7575195949092576 0.8239975040976774 0.12776543507002244 0.060829506683635515
0 0.7486325924280581 0.7840719380967228 0.1256207382131759 0.048311325350090153
0 0.6118087570293133 0.2772850414146781 0.16660961124870505 0.05659654002227175