0 0.8147158486134376 0.9938999731165825 0.17422843262956 0.012200053766834884
0 0.8221328822986578 0.9739149588485588 0.16235572402541792 0.052170082302882295
0 0.8268106996690978 0.94714502108794 0.15128185633066593 0.08042386228216217
0 0.825238517039538 0.9017961337843869 0.1370829886359143 0.07195639081820956
0 0.8567652065689568 0.8743817632300572 0.18428527110331813 0.09288962903138512
0 0.8341674577867728 0.8319566687305752 0.14492276217486477 0.07388276385373871
0 0.83667880316039 0.7969459679447869 0.16715231818121906 0.09521410835322079
0 0.8702901440697804 0.7547970093011157 0.16383640340856687 0.08413105913900906
0 0.8632492114402208 0.7091934108726923 0.14821140340856687 0.08340331306795061
0 0.8766980568138381 0.674692132336645 0.14667617694751697 0.08489303846084476
0 0.8831292889569304 0.6406446180686214 0.13393071509696383 0.07024834160399784
0 0.885654271100023 0.6064151672828331 0.15437958279171582 0.07900691149637407
0 0.8951968664736405 0.5717319522290212 0.14505912986961605 0.08169526385373889
0 0.9007104809219811 0.5298355506574446 0.14349662986961603 0.08162248924663303
0 0.9102121659871731 0.49280858560363267 0.13702844155801372 0.06883139081820958
0 0.9151081716692161 0.46025079672850316 0.14500458279171582 0.07857026385373889
0 0.9003092861175567 0.4174083252645504 0.14009889448011278 0.0658519400324213
0 0.9145939285690747 0.3860684340320561 0.15122730925276534 0.07729886228216235
0 0.9290171185055307 0.3564365920137734 0.1419657629889386 0.07090331306795061
0 0.9024018457773592 0.3136840117823151 0.1213488944801128 0.06497864474715102
0 0.9064893279204517 0.27952733560363263 0.12452844155801372 0.06824919396136275
0 0.9121529468330195 0.2462246840320561 0.13867276217486477 0.07359166542531544
0 0.9147052025150622 0.21355773324626778 0.1306966209411627 0.06385279238978621
0 0.7790034817360554 0.17601272973161114 0.1261727621748646 0.07300946856846857
0 0.6527313080349494 0.1420293738595896 0.13727390340856652 0.08289389081820957
0 0.5148358417201694 0.11296895843427417 0.1610386858759707 0.10273550992479744
0 0.36183752678536124 0.06837343424145306 0.14511367694751698 0.08482026385373889
0 0.2340983104705813 0.03978605376232568 0.1431966209411626 0.06443498924663302
0 0.21345457386326191 0.06458484656639661 0.13721935633066593 0.07976889081820959
0 0.2307199403401976 0.1145677299410081 0.15610572402541764 0.08845468610347988
0 0.20548416111920442 0.14461694892376148 0.15607845048646726 0.08689218610347989
0 0.19920293344033876 0.1872582131917851 0.14360572402541766 0.08787248924663302
0 0.18347852191409725 0.2255565798171736 0.16235572402541765 0.0887457845319033
0 0.15526774715733094 0.26405399958571524 0.16380912986961632 0.08256855913900915
0 0.14513481655636595 0.30963832733597424 0.17329322402541764 0.08925520678164434
0 0.15138086241645063 0.3544242884608447 0.14656708279171565 0.07864303846084475
0 0.1371371302733581 0.38810792969333907 0.17636367694751698 0.08627575599585606
0 0.1221666952081663 0.4248801836222805 0.16534435633066596 0.0810788337461151
0 0.11433660429877582 0.46822992328319835 0.14982845048646737 0.08660108767505648
0 0.09641844723676117 0.5150128779979279 0.15775004464226872 0.09321496071058562
0 0.09645540340527138 0.5618514906943751 0.163863676947517 0.08569355913900907
0 0.10590826988220707 0.6114705010334573 0.1498284504864673 0.08660108767505648
0 0.09820090989809313 0.6618514906943751 0.1750193652591197 0.09870298138875029
0 0.09289184699187986 0.7154666422659517 0.16249209172016937 0.09655828453190338
0 0.09769812377724107 0.7672110787837163 0.16397277110331837 0.09194355913900924
0 0.0860026931762761 0.8127226319268693 0.145113676947517 0.08482026385373871
0 0.08835612580583597 0.8581079065339754 0.148238676947517 0.08496581306795079
0 0.08991467166592065 0.9026755438375282 0.14982845048646734 0.08660108767505648
0 0.23344252921440262 0.9413656703877141 0.17633640340856668 0.08471325599585597
0 0.36715901013967916 0.9543054912111038 0.1655352711033183 0.09138901757779258
0 0.5127306087597073 0.9664288096557379 0.15295345048646744 0.06714238068852438
0 0.6612090190681329 0.9695945050648426 0.17803527110331832 0.060810989870314816
0 0.6752345628996228 0.9393046341986718 0.1749102711033185 0.09245298138875029
0 0.6932209038090132 0.8964279294839421 0.17016822402541756 0.08910965756743253
0 0.6893458814878788 0.8533136302697304 0.1528716298696164 0.0820591368892682
0 0.6910487033225459 0.8167040421803893 0.14812958279171565 0.0787158130679508
0 0.699015161926688 0.7811668025194715 0.14031708279171565 0.0783519400324213
0 0.7115463896055536 0.7388166366798712 0.14503185633066593 0.08013276385373871
0 0.7201577305149441 0.6955032843225063 0.14988299756436801 0.08972608767505648
0 0.732784415580136 0.6586218684829062 0.15607845048646746 0.08689218610347993
0 0.7368037138758528 0.6205589423042237 0.16065685633066593 0.08086050992479735
0 0.7581059695578956 0.5887652868037057 0.15446140340856668 0.08369441149637388
0 0.7660042443146619 0.549321797142788 0.14982845048646745 0.08660108767505648
0 0.7708184293798537 0.5120765082676584 0.15446140340856687 0.08369441149637406
0 0.7725076144450456 0.4746856701783172 0.13870003571381506 0.07515416542531543
0 0.7828860068965635 0.4431638424280582 0.13557503571381488 0.0750086162111037
0 0.7586984845754292 0.39910347332147034 0.1324227621748646 0.07330056699689198
0 0.764525744721699 0.3751758217498938 0.14484094155801372 0.06919526385373889
0 0.7647751607121673 0.3447434590534467 0.12148526217486441 0.07279114474715102
0 0.7799365105500116 0.31890870512450525 0.14182503571381488 0.07529971463952716
0 0.7699069456152035 0.28097205748187015 0.12603639448011297 0.06519696856846853
0 0.7920722719140973 0.2539022892849051 0.13393071509696403 0.07024834160399784
0 0.7860035040571898 0.21927257816003456 0.13716480925276536 0.07664389081820958
0 0.658277924511885 0.1914664476809072 0.14034435633066594 0.07991444003242129
0 0.6730904468330194 0.23509016914485992 0.14988299756436801 0.08972608767505648
0 0.6526648985373027 0.27238896194893086 0.1388364034085665 0.08296666542531543
0 0.6510166237805364 0.3121235500382721 0.14500458279171563 0.07857026385373889
0 0.6470109622542949 0.3509677262169545 0.1558329886359143 0.07282968610347992
0 0.6443632491859258 0.37816592700274276 0.13530230032431162 0.059383616211103704
0 0.6388769082765353 0.42162482857431927 0.15448867694751697 0.08525691149637407
0 0.645041133519769 0.4617232896991898 0.13387616801906327 0.06712334160399784
0 0.6416258072208751 0.48966635318142515 0.14160684740221222 0.06279971463952716
0 0.6375246883083074 0.5230417793601075 0.1386454886359143 0.07202916542531561
0 0.614069597398917 0.5656637729499667 0.14182503571381488 0.07529971463952734
0 0.6110224638758527 0.6147005864322022 0.15435230925276536 0.07744441149637389
0 0.6019298818949159 0.6751650514860141 0.15440685633066592 0.08056941149637406
0 0.5646713896055537 0.7319758236119206 0.1465125357138149 0.07551803846084475
0 0.5654077751572129 0.7741633236119206 0.15122730925276534 0.07729886228216216
0 0.5559742739393968 0.8150965386657326 0.14961026217486478 0.07410108767505648
0 0.5425527021047298 0.8511603172017796 0.14495003571381487 0.0754452638537387
0 0.5400959038090132 0.8892960179875681 0.157613676947517 0.08540246071058562
0 0.5298266055132965 0.9270678457378271 0.15607845048646746 0.08689218610347993
0 0.3741396672016938 0.9073267723307943 0.16698867694751698 0.0858391083532208
0 0.2340640921206159 0.88753219499482 0.14355117694751698 0.08474748924663303
0 0.3891237390363608 0.8713357684018529 0.1464852621748646 0.07395553846084475
0 0.24114020656895668 0.8457085680303493 0.14201595048646737 0.08623721463952734
0 0.3931294005626023 0.8324915922231704 0.14815685633066603 0.08027831306795079
0 0.2567418871699217 0.8003789514049607 0.15298072402541774 0.0883091368892682
0 0.4064827885498935 0.7925215636871231 0.17482845048646728 0.08776548138875029
0 0.25186742653718464 0.7447282648871962 0.17501936525911974 0.09870298138875011
0 0.2571764894433979 0.6911131133156196 0.16408186525911975 0.09819355913900907
0 0.4312179614402207 0.6890712320079228 0.17784435633066592 0.08166103060296201
0 0.2665554435833132 0.6470548982618076 0.14988299756436801 0.08972608767505648
0 0.4421185052717105 0.6427420415612166 0.15462504464226878 0.09306941149637407
0 0.2757707564895265 0.5936216832079958 0.19842959172016936 0.09823210049533806
0 0.46412019033690227 0.6062972733642515 0.1749102711033185 0.09245298138875029
0 0.47662414447681767 0.5623846075246514 0.1575591298696164 0.08227746071058561
0 0.27262243709049144 0.547418771297337 0.1686875446422687 0.09372438296032684
0 0.3118934427725343 0.5164620237785363 0.14037162986961632 0.0814769400324213
0 0.4867707118472578 0.5175815297743924 0.1558875357138149 0.07595468610347993
0 0.3330866042987758 0.4784183682780183 0.1450591298696163 0.08169526385373889
0 0.499506491068251 0.48695011393479215 0.15607845048646746 0.08689218610347993
0 0.3377371481302656 0.43179807940288883 0.15588753571381497 0.07595468610347993
0 0.3065729228870319 0.3905352245643246 0.14651253571381498 0.07551803846084475
0 0.5065826055165917 0.4451264869703214 0.12617276217486478 0.07300946856846853
0 0.31536154179959963 0.35737812220695975 0.1527079886359143 0.0726841368892682
0 0.47751666842280505 0.389910294042416 0.16526253571381488 0.0763913337461151
0 0.509056994721699 0.3632771734880861 0.13697389448011296 0.06570639081820957
0 0.31925810917003977 0.31228394602827736 0.13094208279171565 0.07791529238978612
0 0.5122814062479405 0.32439661000585074 0.13247730925276535 0.07642556699689199
0 0.3671228648520826 0.28172745884855893 0.15755912986961632 0.0822774607105858
0 0.5216194500794302 0.2779946449520388 0.15596935633066594 0.08064218610347992
0 0.34833590868357245 0.23401555086684156 0.14500458279171563 0.07857026385373889
0 0.5147694322225227 0.24332854652361538 0.15750458279171564 0.07915246071058571
0 0.5171444099013884 0.20050534573782705 0.13250458279171565 0.07798806699689198
0 0.5234529111192044 0.15942658146980343 0.13872730925276536 0.07671666542531544
0 0.3617926623370204 0.11052454693790012 0.13105117694751697 0.08416529238978616
0 0.35706029788867955 0.15245733581302962 0.13732845048646744 0.08601889081820957
0 0.3586052069792891 0.19624372311658256 0.13554776217486458 0.07344611621110371
0 0.41275037945928394 0.7490990494190994 0.18113299756436801 0.09118157981717356