0 0.0953125 0.171875 0.05390625 0.153125
0 0.13828125 0.17265625 0.04921875 0.14140625
0 0.18125 0.17578125 0.0421875 0.13359375
0 0.22109375 0.184375 0.0375 0.12109375
0 0.253125 0.1609375 0.046875 0.1640625
0 0.2875 0.18828125 0.03671875 0.12890625
0 0.31953125 0.19140625 0.053125 0.14609375
0 0.365625 0.16796875 0.04296875 0.14609375
0 0.40625 0.18125 0.04609375 0.1296875
0 0.43984375 0.175 0.05 0.12734375
0 0.47265625 0.17421875 0.03671875 0.11875
0 0.5046875 0.178125 0.0421875 0.1375
0 0.53828125 0.175 0.04609375 0.12578125
0 0.57890625 0.1765625 0.0453125 0.125
0 0.6140625 0.17421875 0.03359375 0.121875
0 0.6453125 0.175 0.04375 0.128125
0 0.68046875 0.1953125 0.03203125 0.12421875
0 0.7125 0.1875 0.03984375 0.134375
0 0.74375 0.17421875 0.034375 0.13671875
0 0.77578125 0.209375 0.034375 0.1078125
0 0.80859375 0.21171875 0.0375 0.10859375
0 0.83984375 0.2125 0.0390625 0.121875
0 0.8703125 0.21484375 0.03203125 0.115625
0 0.87421875 0.34296875 0.0421875 0.11015625
0 0.878125 0.4625 0.04921875 0.11875
0 0.87421875 0.5921875 0.0625 0.13828125
0 0.88203125 0.7375 0.04921875 0.12578125
0 0.8859375 0.85859375 0.0421875 0.12578125
0 0.85234375 0.87109375 0.0453125 0.11796875
0 0.8109375 0.84765625 0.05078125 0.13515625
0 0.778125 0.865625 0.0484375 0.13515625
0 0.7375 0.8640625 0.05234375 0.1234375
0 0.69921875 0.87265625 0.05 0.1421875
0 0.65703125 0.8921875 0.0421875 0.1453125
0 0.61328125 0.89453125 0.0453125 0.15390625
0 0.57421875 0.88125 0.04375 0.12890625
0 0.53984375 0.88828125 0.04375 0.15703125
0 0.503125 0.89609375 0.03984375 0.146875
0 0.46171875 0.89609375 0.05 0.1296875
0 0.41484375 0.9046875 0.0546875 0.1359375
0 0.371875 0.896875 0.0453125 0.14453125
0 0.3296875 0.88046875 0.0484375 0.13125
0 0.28125 0.88046875 0.0546875 0.15546875
0 0.23046875 0.88125 0.05234375 0.153125
0 0.18515625 0.86328125 0.05078125 0.14296875
0 0.1390625 0.8703125 0.0484375 0.13671875
0 0.09765625 0.86328125 0.046875 0.1453125
0 0.053125 0.8609375 0.0515625 0.1578125
0 0.05390625 0.71328125 0.04765625 0.15703125
0 0.07265625 0.5890625 0.0515625 0.14453125
0 0.08515625 0.4546875 0.04921875 0.1328125
0 0.109375 0.31953125 0.04921875 0.15625
0 0.1546875 0.3140625 0.04921875 0.153125
0 0.19765625 0.3046875 0.046875 0.15078125
0 0.2359375 0.31484375 0.04453125 0.134375
0 0.26953125 0.31953125 0.0421875 0.13125
0 0.30390625 0.31796875 0.04375 0.1234375
0 0.3453125 0.31328125 0.04453125 0.12734375
0 0.38671875 0.3125 0.05234375 0.1296875
0 0.4234375 0.3078125 0.05 0.13515625
0 0.45859375 0.31015625 0.0421875 0.1421875
0 0.49296875 0.29609375 0.0453125 0.1375
0 0.53046875 0.2953125 0.0484375 0.1296875
0 0.56640625 0.296875 0.046875 0.13515625
0 0.6 0.30078125 0.0421875 0.12265625
0 0.63125 0.296875 0.0421875 0.11796875
0 0.665625 0.32578125 0.040625 0.115625
0 0.6890625 0.32421875 0.0328125 0.12890625
0 0.7171875 0.3296875 0.04296875 0.10546875
0 0.74375 0.31953125 0.040625 0.12421875
0 0.77734375 0.334375 0.03515625 0.11171875
0 0.80625 0.31875 0.0375 0.11875
0 0.83671875 0.33046875 0.04375 0.1203125
0 0.834375 0.44921875 0.0453125 0.121875
0 0.79765625 0.42890625 0.053125 0.1296875
0 0.75859375 0.44140625 0.04921875 0.1203125
0 0.72265625 0.43671875 0.04296875 0.128125
0 0.68515625 0.434375 0.03515625 0.13828125
0 0.66015625 0.43203125 0.0265625 0.12109375
0 0.61953125 0.4296875 0.04765625 0.13515625
0 0.584375 0.41796875 0.034375 0.11796875
0 0.5578125 0.4171875 0.02890625 0.1265625
0 0.5265625 0.41484375 0.0375 0.1234375
0 0.48203125 0.42890625 0.03984375 0.125
0 0.4375 0.42421875 0.04140625 0.1375
0 0.3796875 0.42265625 0.04375 0.1359375
0 0.3203125 0.446875 0.040625 0.12890625
0 0.28203125 0.43984375 0.03984375 0.13203125
0 0.24140625 0.44140625 0.03828125 0.13359375
0 0.20625 0.44765625 0.04140625 0.12734375
0 0.1703125 0.44453125 0.046875 0.13984375
0 0.13359375 0.44765625 0.0484375 0.1375
0 0.1171875 0.590625 0.04453125 0.1484375
0 0.1046875 0.7203125 0.04921875 0.125
0 0.1546875 0.58359375 0.0390625 0.13046875
0 0.14453125 0.72109375 0.05 0.1234375
0 0.18984375 0.58515625 0.04296875 0.13125
0 0.18984375 0.7140625 0.05 0.134375
0 0.2296875 0.5796875 0.0453125 0.1546875
0 0.23984375 0.72734375 0.05546875 0.153125
0 0.2890625 0.73125 0.0578125 0.1421875
0 0.3296875 0.575 0.0390625 0.16015625
0 0.33203125 0.7296875 0.053125 0.13125
0 0.37421875 0.571875 0.0546875 0.1328125
0 0.3828125 0.73046875 0.04921875 0.17734375
0 0.4125 0.5578125 0.0484375 0.15390625
0 0.45546875 0.55390625 0.04296875 0.13828125
0 0.42421875 0.740625 0.0515625 0.146875
0 0.46171875 0.71015625 0.0484375 0.12109375
0 0.49765625 0.55234375 0.03828125 0.1390625
0 0.5 0.696875 0.04609375 0.128125
0 0.52890625 0.5453125 0.04921875 0.13515625
0 0.54453125 0.70078125 0.03828125 0.13984375
0 0.57421875 0.734375 0.03984375 0.12890625
0 0.56875 0.54609375 0.0421875 0.1109375
0 0.6078125 0.73203125 0.0359375 0.13671875
0 0.61328125 0.58125 0.0359375 0.1484375
0 0.64453125 0.55625 0.0328125 0.12109375
0 0.64921875 0.73671875 0.04453125 0.11484375
0 0.68046875 0.56015625 0.04296875 0.11640625
0 0.6875 0.6984375 0.04296875 0.13828125
0 0.725 0.55859375 0.0421875 0.1375
0 0.7265625 0.72265625 0.04375 0.1265625
0 0.75546875 0.57109375 0.03984375 0.13828125
0 0.7953125 0.575 0.04609375 0.11484375
0 0.83359375 0.57734375 0.04453125 0.12109375
0 0.84296875 0.73046875 0.053125 0.11171875
0 0.803125 0.72890625 0.053125 0.11953125
0 0.7640625 0.71953125 0.03984375 0.11953125
0 0.2703125 0.58125 0.04765625 0.1609375