0 0.7230380795453047 0.006992592846852161 0.16795115909060954 0.013985185693704322
0 0.7335625223211343 0.02692302615954641 0.15613299756436802 0.05384605231909282
0 0.7413574314117438 0.05225997353537652 0.14659435633066592 0.08020553846084474
0 0.7421210905023534 0.09600997353537652 0.1323954886359143 0.07173806699689203
0 0.7746159906645091 0.12108059408970644 0.17965231818121907 0.09579630521006774
0 0.7550262394466932 0.1634329139820826 0.14023526217486443 0.07366444003242134
0 0.7602864837646502 0.19602709016076503 0.16405459172016937 0.09663105913900916
0 0.7953978693163095 0.23661354880443616 0.16071140340856668 0.08398550992479743
0 0.792255278406919 0.2805454853222008 0.1435239034085667 0.08318498924663302
0 0.8076717727248763 0.3126666265546952 0.1420432240254179 0.08779971463952715
0 0.8160570170428333 0.34511525351916583 0.1323954886359143 0.07173806699689197
0 0.8205496481302657 0.3785270670014012 0.1513091298696164 0.08198636228216234
0 0.8320871659871731 0.41239264475166026 0.1403989034085665 0.0830394400324213
0 0.8406087779998819 0.4526537717161309 0.1403716298696164 0.0814769400324213
0 0.8521735693957397 0.4880818494663899 0.13393071509696383 0.07024834160399784
0 0.8582014269442217 0.5198583883415194 0.14352390340856652 0.08318498924663302
0 0.8471781521874554 0.5602479478948134 0.13546594155801372 0.06875861621110371
0 0.8633486229664623 0.5907702018237548 0.14815685633066594 0.08027831306795061
0 0.8849469334370437 0.6186939946278257 0.14804776217486476 0.07402831306795062
0 0.8567497954497523 0.660665324859284 0.11825116801906325 0.06639559553293921
0 0.8628049265371847 0.6940043637344135 0.11986821509696384 0.06959337014004525
0 0.8703952840856666 0.7257081280024372 0.13401253571381488 0.07493584160399784
0 0.8748470048646734 0.7567761914846726 0.12606366801906327 0.0667594685684687
0 0.7465407727215808 0.7971550965709058 0.12307503571381488 0.07442641935425698
0 0.6260061302700628 0.8348263786216098 0.1325864034085667 0.0826755669968918
0 0.4952197804322186 0.8675019456185018 0.15637845941492118 0.10407968610347992
0 0.3498487792144026 0.9157126213828995 0.14045345048646735 0.08616444003242166
0 0.2277516367628846 0.9534566780407093 0.13875458279171565 0.07827916542531525
0 0.20690730275335295 0.9239339979330854 0.13253185633066603 0.07955056699689216
0 0.21935670981536762 0.8756591637726856 0.14988299756436801 0.08972608767505648
0 0.19305726257531114 0.8471724447899323 0.1498557240254177 0.08816358767505647
0 0.1845220137931271 0.8061300678254615 0.13894549756436803 0.08921666542531526
0 0.16591233562779412 0.770248225807179 0.15772277110331837 0.09165246071058561
0 0.13633788392351082 0.7333133060386373 0.1591489034085667 0.08391273531769165
0 0.12462308806342612 0.6892914782883782 0.16391822402541764 0.08881855913900907
0 0.12623045251176696 0.6469948163777195 0.14352390340856663 0.08318498924663302
0 0.11081395819380979 0.6148736751452251 0.1701682240254177 0.08910965756743253
0 0.09378041679795199 0.5797003085198366 0.157531856330666 0.08071496071058562
0 0.0821065312462928 0.5380222307695777 0.14360572402541766 0.08787248924663302
0 0.07347582507778261 0.49151110380510693 0.1311875446422687 0.09197779238978612
0 0.07268489244822275 0.44619860380510695 0.13107845048646732 0.08572779238978612
0 0.07189395981866288 0.4008861038051069 0.13107845048646732 0.08572779238978612
0 0.07181609334172717 0.351630966501554 0.13283186525911972 0.09673806699689198
0 0.06387117978689079 0.29961470223353037 0.11874209172016936 0.0945205955329393
0 0.06456092654047992 0.2495419276264245 0.12181254464226869 0.09154114474715103
0 0.05284613068039522 0.20552009987616549 0.09985572402541767 0.08583480024766903
0 0.052850084820310526 0.16095246257261256 0.10144549756436802 0.0874700748547749
0 0.05212733603812651 0.11954621257261255 0.1014182240254177 0.08590757485477489
0 0.16557618141174385 0.07907741625388497 0.17170345048646732 0.08761993217453845
0 0.2958267431001412 0.06050073656054587 0.15931254464226868 0.09328773531769159
0 0.43456196063273705 0.039659601531049936 0.14829322402541772 0.07931920306209987
0 0.5781892297074606 0.034631749380827456 0.17183981818121907 0.06926349876165491
0 0.5945915255675451 0.06535078660332712 0.1686875446422686 0.09372438296032674
0 0.6140642743497292 0.10588374131805682 0.1670977711033185 0.09208910835322089
0 0.6140057731319132 0.14732637862160977 0.1482114034085665 0.08340331306795061
0 0.6177580645277712 0.18311832940739806 0.14503185633066593 0.08013276385373888
0 0.6285006956152033 0.21623904446120998 0.13565685633066593 0.0796961162111037
0 0.6432859443973873 0.25699032299725727 0.1419341298696164 0.08154971463952716
0 0.6549598299490466 0.29866840074751627 0.14519549756436803 0.08950776385373889
0 0.6688683713449044 0.33398731658711645 0.14988299756436801 0.08972608767505648
0 0.6749644127407622 0.36967010546224593 0.1560239034085667 0.08376718610347993
0 0.6981797702892442 0.40064612365921104 0.15136367694751698 0.08511136228216235
0 0.7082093352240524 0.43770947601657595 0.14357845048646728 0.08630998924663302
0 0.7158951501588605 0.47488199028459954 0.14982845048646745 0.08660108767505648
0 0.7196338047852431 0.5098926910703878 0.13562958279171564 0.0781336162111037
0 0.7318707520252996 0.5390343815170938 0.12935230925276536 0.07628001778268043
0 0.7115270243464339 0.5829855887130229 0.12776253571381488 0.07464474317557439
0 0.718967377430689 0.6060956029810466 0.14018071509696384 0.0705394400324213
0 0.7202531879012704 0.6349654656774936 0.11836026217486459 0.07264559553293921
0 0.7371094512939509 0.6599825823028821 0.13560230925276534 0.07657111621110388
0 0.730719129459284 0.6970288180348586 0.12296594155801355 0.06817641935425697
0 0.7546066428519645 0.7217184489282706 0.1308602621748646 0.07322779238978612
0 0.7497379107088721 0.7563481600531412 0.13250458279171545 0.07798806699689198
0 0.6290805373320774 0.7869881921038452 0.1372466298696164 0.08133139081820957
0 0.6400765385498934 0.7450361325505511 0.14522277110331833 0.09107026385373888
0 0.6175469736150853 0.7085549770500332 0.134176176947517 0.08431084160399785
0 0.6137537719108019 0.6704192762642449 0.14190685633066594 0.07998721463952715
0 0.6068492069759938 0.6332103746926683 0.14963753571381488 0.07566358767505647
0 0.6032605568138381 0.6067934239068801 0.1306693474022122 0.06229029238978612
0 0.5939440580316541 0.5657874342459623 0.14982845048646745 0.08660108767505648
0 0.5979497195578956 0.5265066104246447 0.12921594155801355 0.06846751778268043
0 0.5920036826262646 0.49941757154951516 0.13538412094116267 0.06407111621110388
0 0.5859758250777827 0.4676410326743857 0.13554776217486458 0.07344611621110389
0 0.5602394395261234 0.4266179263880794 0.1387000357138149 0.07515416542531543
0 0.5547473701270883 0.380742500209397 0.1513091298696164 0.08198636228216234
0 0.5412109756469755 0.3219496970662438 0.1482114034085665 0.08340331306795061
0 0.5011939017837136 0.2690815622438903 0.14187958279171564 0.07842471463952716
0 0.4989222897710047 0.22852933685099613 0.14497730925276536 0.07700776385373889
0 0.4872756777582959 0.18841375910073715 0.14653980925276536 0.07708053846084476
0 0.47183190990138846 0.15473011786824278 0.14031708279171565 0.0783519400324213
0 0.4665034817360555 0.11822969168956035 0.15610572402541756 0.08845468610347988
0 0.4541438035707224 0.08205675124285429 0.15298072402541774 0.08830913688926818
0 0.3052250624991762 0.10619422622146366 0.16391822402541764 0.08881855913900916
0 0.1703688214276299 0.12967672973612032 0.14045345048646735 0.0861644400324213
0 0.321477353895034 0.1414039801504051 0.14341480925276526 0.07693498924663303
0 0.18045293344033878 0.1698650820934852 0.13732845048646736 0.08601889081820957
0 0.3291358952908918 0.17701399441842872 0.145031856330666 0.08013276385373888
0 0.19841772930042345 0.21359581141532075 0.14985572402541764 0.08816358767505647
0 0.3438802337646504 0.21542152295447603 0.17019549756436803 0.0906721575674326
0 0.1977961663942102 0.2675748360224266 0.17035913879807002 0.10004715756743261
0 0.20650869317957138 0.31877346298689735 0.15939436525911974 0.09797523531769156
0 0.37454562702694727 0.31485644272301766 0.1732114034085667 0.08456770678164434
0 0.21819621550070573 0.3612327907371563 0.1483750446422687 0.09277831306795062
0 0.3886178096565071 0.35955035856261786 0.1499375446422687 0.09285108767505648
0 0.2300201055165918 0.41150461848741526 0.19223413879807003 0.1010660020669146
0 0.4126553275134146 0.39283373945603 0.16866027110331833 0.09216188296032683
0 0.4274678498345489 0.4351475179920773 0.1513364034085667 0.08354886228216234
0 0.23081103814615167 0.4568171184874153 0.1624375446422687 0.09343328453190339
0 0.2711866221556833 0.48543011600621594 0.1357114034085667 0.0828211162111037
0 0.4399366221556833 0.4775704584387833 0.14969208279171564 0.07878858767505648
0 0.2944701635515411 0.520312384203181 0.1435239034085667 0.08318498924663302
0 0.45453095616521494 0.5073842369748307 0.14985572402541775 0.08816358767505647
0 0.3007434829505761 0.5661514230783105 0.15125458279171564 0.07886136228216234
0 0.27486282142433466 0.6064510913991101 0.14185230925276535 0.07686221463952717
0 0.46460143140844856 0.5467913393321956 0.12307503571381488 0.07442641935425698
0 0.2848105657422918 0.638826943756475 0.14963753571381497 0.07566358767505647
0 0.4397611185022353 0.6018983703494422 0.16062958279171563 0.07929800992479752
0 0.4722423818949159 0.6261877409037722 0.13234094155801354 0.06861306699689215
0 0.29181058806342614 0.6815045953280515 0.12781708279171564 0.07776974317557439
0 0.4775844468297241 0.6634694170824545 0.13094208279171565 0.07791529238978612
0 0.33999867207295775 0.7097537198113228 0.1513364034085667 0.08354886228216234
0 0.4900804926898088 0.7074548575291606 0.1513091298696164 0.08198636228216234
0 0.32594585470251763 0.7557575785788285 0.14037162986961632 0.0814769400324213
0 0.4852117605467162 0.742084568654031 0.15128185633066593 0.08042386228216233
0 0.4914032593289003 0.7832361075291606 0.12784435633066593 0.07933224317557439
0 0.499911234572134 0.8227159844936314 0.13565685633066593 0.07969611621110388
0 0.3467822804322186 0.8744155332935583 0.12641822402541764 0.0870719685684687
0 0.3382606684195098 0.8341544063290875 0.13579322402541774 0.08750861621110388
0 0.33830553286785064 0.7919305190255346 0.1324227621748646 0.07330056699689216
0 0.3539916193163095 0.2571723753118409 0.1765000446422686 0.09408825599585598