0 0.13565508198093673 0.05377237392614671 0.1666341209411626 0.06649253844375369
0 0.13639937581242653 0.10056548677101698 0.15405230032431155 0.06114994120271566
0 0.13793855641339153 0.14653640603832235 0.1445682061685102 0.054408618271937215
0 0.147331147322782 0.18975413952997894 0.13195911201270888 0.047503521030899165
0 0.1209498794658745 0.22548027758961986 0.17743525324641088 0.05925324852966192
0 0.1492152013005415 0.26068411521971946 0.13977161201270882 0.047912956806547946
0 0.15250779667415887 0.29563564733189507 0.15879434740221227 0.06452060266810493
0 0.12664868019722317 0.3461645918139711 0.1570682061685102 0.055063715512975175
0 0.14072877110661364 0.38913666384023843 0.14149775324641087 0.057369843961677616
0 0.13227534294128068 0.4262648496158872 0.13842730032431155 0.06033106965141819
0 0.13088043831489798 0.4614620431934521 0.12883411201270886 0.047339746720639654
0 0.13496792045799053 0.4955913817280628 0.14766593262955988 0.053009892582196724
0 0.13042074229265754 0.5325148496158871 0.13681025324641088 0.057124182496288436
0 0.1320144699715232 0.5753607688831925 0.13524775324641086 0.05704229534115868
0 0.12822126826723984 0.6138057931934521 0.13190456493480815 0.04437852103089916
0 0.12919738717980755 0.6473176560383223 0.13834547970746053 0.05564356965141819
0 0.15040418547552423 0.6844524858665058 0.1349750178569075 0.04141729534115868
0 0.14042916761861673 0.7193188087972844 0.14451365909060954 0.05128361827193721
0 0.12578028653118442 0.753649543193452 0.14752956493480815 0.045197392582196724
0 0.16422913190480176 0.7867586143152083 0.11627956493480815 0.0435596494796016
0 0.1659728640478943 0.8210107835825136 0.11789661201270887 0.046766536634731536
0 0.16537284619098683 0.8553857835825136 0.13198638555165915 0.049066021030899166
0 0.1679251018730297 0.8880345092722541 0.1256000178569075 0.04092597241038014
0 0.30612453125617867 0.8854749960432711 0.11954093262955982 0.05153592378986112
0 0.4349625974088028 0.8826255557450666 0.12905230032431164 0.05983974672063965
0 0.5748745312561787 0.8713904053609538 0.15117276217486458 0.07504866689245623
0 0.7309881635614269 0.8710141898479786 0.13686480032431164 0.06024918249628826
0 0.8613887297140511 0.8680828623946443 0.13672843262955964 0.05243668249628826
0 0.876078521109909 0.8314083779984764 0.1289977532464107 0.056714746720639655
0 0.8518558169699937 0.7881873224805526 0.14782957386326173 0.062384892582196726
0 0.8720143583658514 0.7512262330414308 0.14780230032431163 0.060822392582196724
0 0.8712155174564611 0.7075581201965605 0.13538412094116267 0.06485479534115868
0 0.8805320162386451 0.6657014908433467 0.15407957386326174 0.06271244120271575
0 0.9024030620987297 0.6200647642490951 0.15704093262955965 0.053501215512975264
0 0.9055786550367149 0.5722856835164005 0.1664977532464107 0.0586800384437538
0 0.8922525405883743 0.5308351679125682 0.13988070616851048 0.054162956806547945
0 0.8999247187537073 0.4937479257144844 0.16956820616851048 0.05571881275401332
0 0.9092139439969408 0.4534537963612708 0.16013865909060954 0.052102489823234774
0 0.9107724898570255 0.40888160278370583 0.14155230032431163 0.0604948439616777
0 0.9194850166423869 0.35690966700805715 0.14788412094116268 0.06550989258219672
0 0.9132446992719465 0.311965659206141 0.1571227532464107 0.05818871551297518
0 0.8960805186709816 0.26681361149013316 0.14155230032431163 0.0604948439616777
0 0.8961992954563428 0.21529205506769805 0.1682238944801128 0.06813692559888347
0 0.8987300060890799 0.1597414179125683 0.1666068474022122 0.06493003844375371
0 0.8800442357965406 0.1123275073516902 0.15566934740221222 0.06435682835784542
0 0.8887158522734762 0.06269932157604144 0.14777502678536117 0.05925989258219668
0 0.8824755349030362 0.023424835765306455 0.1571227532464107 0.04684967153061291
0 0.8800869204546953 0.0010347190194781503 0.17107615909060953 0.0020694380389563007
0 0.7207255572241704 0.004409242142313058 0.16948638555165907 0.008818484284626116
0 0.5860641850651918 0.019485365502632884 0.15723184740221222 0.03897073100526577
0 0.44130110998411387 0.028968247117124403 0.14467730032431164 0.057936494234248806
0 0.2947573465914333 0.06104488410291202 0.16967730032431164 0.061968812754013204
0 0.28764823011449764 0.11059118272343102 0.16655230032431154 0.061805038443753714
0 0.2774686607154626 0.15717625565420953 0.16337275324641087 0.0585162641334942
0 0.2869021619332786 0.19805023914586614 0.14615797970746058 0.05605300542706697
0 0.29251123376794563 0.23444144052534713 0.14141593262955982 0.0526823439616777
0 0.28952655560261265 0.27128302125804177 0.1336307061685102 0.05383540818602892
0 0.28404812297305276 0.31684118272343104 0.13834547970746058 0.05564356965141819
0 0.28170832711296806 0.3614543198785608 0.14160684740221222 0.0636198439616777
0 0.2763389886392096 0.40076248134395004 0.14780230032431163 0.060822392582196724
0 0.2780145369349262 0.43892090061125544 0.15391593262955983 0.05333744120271575
0 0.2625298587695933 0.4764175785849881 0.14774775324641087 0.05769739258219673
0 0.2610394967568844 0.5170835221625529 0.14155230032431154 0.0604948439616777
0 0.26193379505260106 0.5552828850074232 0.14774775324641087 0.05769739258219673
0 0.2659803668872681 0.5917559735420339 0.13204093262955982 0.05219102103089916
0 0.26072012256931093 0.6248141350074231 0.12891593262955983 0.05202724672063965
0 0.2913019208650276 0.6614576419048281 0.12576365909060955 0.05030097241038014
0 0.2893030442418222 0.686539529059958 0.13968979139585783 0.04322545680654777
0 0.29423996023229054 0.7167216740170037 0.1148807061685102 0.05285276232447202
0 0.2828115365311844 0.745419884102912 0.13513865909060954 0.05079229534115868
0 0.2985904951353266 0.7804975689740496 0.12099433847375848 0.04536781094499069
0 0.28084388758684464 0.813429577680477 0.12883411201270886 0.047339746720639654
0 0.2927711432688875 0.8455869804394389 0.1305057061685102 0.05367163387576923
0 0.4217319403467882 0.8357062901412343 0.13212275324641087 0.056878521030899166
0 0.40053877882054667 0.7977902103130509 0.1416341209411625 0.0651823439616777
0 0.41455641437220586 0.754906669494448 0.13061480032431164 0.05992163387576941
0 0.40976950284596436 0.7161307745374021 0.13831820616851012 0.05408106965141819
0 0.4073399780891981 0.6764507988476616 0.15065456493480803 0.04536116689245624
0 0.405473515020829 0.6492298795803563 0.1317409237011061 0.03500352103089917
0 0.4046746741114385 0.605561766735486 0.14621252678536117 0.05917800542706697
0 0.3928428758157218 0.567935613976524 0.1287795649348082 0.04421474672063965
0 0.3917849362863031 0.5391112511316537 0.13804547077900678 0.03845606965141819
0 0.39002756737373545 0.5056403318643483 0.1335216120127088 0.047585408186028924
0 0.40571679708119596 0.45642490389061574 0.13513865909060954 0.05079229534115868
0 0.4010798900191813 0.4090552589335699 0.14763865909060953 0.05144739258219673
0 0.40060833157719494 0.34663714608869967 0.14769320616851028 0.054572392582196726
0 0.42907029667415886 0.28114162087392897 0.13982615909060953 0.05103795680654795
0 0.4211992954563429 0.24018575022714259 0.14451365909060954 0.05128361827193721
0 0.4242930677774773 0.19709416949444797 0.14445911201270878 0.04815861827193717
0 0.43199251948176054 0.1584444272963641 0.13826365909060953 0.05095606965141819
0 0.4287544711860439 0.12036789518418849 0.15087275324641086 0.05786116689245615
0 0.4325749464292775 0.08036037087392897 0.14780230032431163 0.06082239258219668
0 0.5875624553577313 0.055066042516083546 0.1602204797074606 0.05678998982323469
0 0.7276653039777596 0.032893392131970754 0.13530230032431162 0.06016729534115865
0 0.5790681168839727 0.0945379782917323 0.14133411201270896 0.04799484396167768
0 0.72690164488715 0.07664339213197074 0.13373980032431163 0.0600854081860289
0 0.5799487784102142 0.13351859113660255 0.1414432061685101 0.054244843961677655
0 0.7190249151796895 0.12544938433005465 0.14467730032431164 0.06065861827193717
0 0.5737436428585552 0.17599269617955668 0.1680329797074606 0.05719942559888347
0 0.7321464780859028 0.17861864993388687 0.1666613944801128 0.06805503844375371
0 0.7359066777615911 0.23149798846849762 0.1542159415580137 0.07052494120271566
0 0.5663930186709816 0.2840918012225108 0.17261138555165906 0.05119508706427265
0 0.733539608362556 0.27767362562362735 0.14160684740221222 0.0636198439616777
0 0.5624225389635211 0.33269307553277033 0.14478639448011296 0.06690861827193721
0 0.7325850344992941 0.33236112562362735 0.19155230032431164 0.06311523292582973
0 0.5468560401813372 0.37487725350650297 0.16655230032431162 0.061805038443753714
0 0.5413639707823021 0.4212166649718922 0.1508182061685101 0.05473616689245624
0 0.7427316018697343 0.3771004155377191 0.1603568474022122 0.06460248982323469
0 0.7100048766265007 0.418622852217879 0.13215002678536117 0.05844102103089917
0 0.5390105381527422 0.466611052127022 0.15070911201270878 0.04848616689245624
0 0.6944383778443167 0.4608070301916117 0.13837275324641088 0.05720606965141819
0 0.5306116570653099 0.5006142379026708 0.14780230032431163 0.060822392582196724
0 0.6982803981368562 0.5089988687262224 0.15070911201270895 0.04848616689245624
0 0.733645153818899 0.5399279641582381 0.13982615909060953 0.05103795680654795
0 0.5306428847441756 0.5435420443251059 0.11954093262956 0.05153592378986112
0 0.7306877491925163 0.5752070448909328 0.1475568384737585 0.046759892582196726
0 0.5680786550367151 0.589973309024427 0.16005683847375848 0.04741498982323478
0 0.5401485239492827 0.6250000842391976 0.13185001785690745 0.041253521030899166
0 0.7345843165629565 0.6202738834255435 0.12428297970746058 0.054906585255250384
0 0.5441678222449994 0.6630356727738083 0.1258182061685101 0.05342597241038014
0 0.6924553177807725 0.6638501430364819 0.1508182061685101 0.05473616689245624
0 0.5417598425375388 0.7115550599289382 0.14922843262956 0.0530917797373263
0 0.7182814322291133 0.7046455613992761 0.13831820616851012 0.05408106965141819
0 0.5544683482195817 0.7436715191103351 0.15076365909060954 0.05161116689245624
0 0.5584058258984473 0.786394607644946 0.12431025324641087 0.056469085255250386
0 0.5592319403467881 0.8285002204898161 0.13206820616851012 0.053753521030899164
0 0.7246932991130862 0.8291951820460625 0.12288412094116268 0.06419969810012063
0 0.7230995714342205 0.7863492627787572 0.1291068474022122 0.06296474672063965
0 0.7136797069858797 0.7446940292871005 0.12888865909060954 0.05046474672063965
0 0.5737475969984704 0.2204830026019918 0.17431025324641086 0.05908947421940249