0 0.2078125 0.022967792163961963 0.16875 0.045935584327923926
0 0.2015625 0.04607282124433147 0.15625 0.08566302616718491
0 0.19765625 0.09161283439851109 0.146875 0.0757419945971538
0 0.2 0.13522632650600333 0.1328125 0.06711044724210717
0 0.1703125 0.16664292647776846 0.18125 0.08711911035393446
0 0.19296875 0.20516710018352663 0.1421875 0.06765647881213824
0 0.190625 0.2396786080760344 0.1625 0.08915204721387227
0 0.15859375 0.2860754659403073 0.159375 0.0780325366905286
0 0.16640625 0.3301516896319481 0.14375 0.07712248407381014
0 0.15390625 0.36603598172532287 0.140625 0.0816279735504664
0 0.14765625 0.39999375277201027 0.1296875 0.06536593671876352
0 0.14609375 0.43367850803368213 0.15 0.07436150512049747
0 0.1375 0.46933528697287735 0.140625 0.0785029735504665
0 0.13203125 0.5126225553887288 0.1390625 0.07684946828879458
0 0.12421875 0.549796331697088 0.134375 0.064076452503779
0 0.1203125 0.5820550948512676 0.1421875 0.07546897881213824
0 0.13515625 0.621815544865385 0.134375 0.062513952503779
0 0.121875 0.6554015895895958 0.146875 0.0726169945971538
0 0.10234375 0.6862266553604939 0.1484375 0.06802049985882572
0 0.134375 0.724204797496221 0.11875 0.06160389988706054
0 0.13125 0.7579805580195647 0.1203125 0.06481990514873245
0 0.1265625 0.7918473238045802 0.1328125 0.06867294724210708
0 0.125 0.823969579066252 0.125 0.06040542093374768
0 0.2578125 0.8420153818241449 0.1234375 0.06968941567207594
0 0.3828125 0.859734960890397 0.13125 0.07951944198043534
0 0.51953125 0.86817825049411 0.1546875 0.09650952090551286
0 0.6703125 0.8914274927427768 0.140625 0.0816279735504665
0 0.79609375 0.907539069178193 0.1390625 0.07216196828879476
0 0.815625 0.8743702534072948 0.13125 0.07483194198043534
0 0.79765625 0.8277605639165209 0.15 0.08529900512049764
0 0.82109375 0.7951454849914433 0.15 0.08217400512049747
0 0.8265625 0.7518582165755918 0.1390625 0.08466196828879458
0 0.8421875 0.7126669139588733 0.1578125 0.0857540314288567
0 0.86953125 0.669668071879616 0.1578125 0.0779415314288567
0 0.87890625 0.624590790309585 0.16875 0.08326606826055957
0 0.87109375 0.5812958166179442 0.14375 0.07555998407380997
0 0.884375 0.5453660218937334 0.1703125 0.08179457352223149
0 0.8984375 0.5078282245386868 0.1609375 0.07499854195220053
0 0.90625 0.46440444823032756 0.14375 0.08180998407381015
0 0.92265625 0.4150113929827731 0.1515625 0.08851501038216938
0 0.92109375 0.36822739824444495 0.1578125 0.0810665314288567
0 0.9109375 0.322725182445312 0.1453125 0.08033848933548197
0 0.91640625 0.27084416402946054 0.1671875 0.09255006299888784
0 0.921875 0.21818189561360907 0.15625 0.09035052616718486
0 0.9171875 0.1684549113986246 0.159375 0.0858450366905286
0 0.928125 0.11938037456692166 0.14375 0.0802474840738101
0 0.92578125 0.07498563245942944 0.1484375 0.08208299985882565
0 0.925 0.03618406882525706 0.15 0.07236813765051411
0 0.78125 0.02777545296259562 0.1703125 0.05555090592519124
0 0.6484375 0.03226516737572347 0.159375 0.06453033475144694
0 0.50546875 0.030777897573866862 0.146875 0.061555795147733725
0 0.359375 0.037740164603713204 0.171875 0.07548032920742641
0 0.346875 0.07823433190884951 0.16875 0.0879535682605597
0 0.3296875 0.12220413978723985 0.165625 0.08464655773721601
0 0.334375 0.1641186240022243 0.15 0.07748650512049751
0 0.33359375 0.2001016266330602 0.14375 0.07399748407381015
0 0.32578125 0.23649415294141946 0.1375 0.07519596302712275
0 0.3140625 0.28014544240395833 0.140625 0.07537797355046649
0 0.30703125 0.3243049660814817 0.1453125 0.08502598933548197
0 0.2953125 0.3617062555440206 0.15 0.08373650512049746
0 0.29140625 0.3994337686982002 0.1546875 0.07619702090551303
0 0.27109375 0.4334293370999342 0.1515625 0.07914001038216938
0 0.26484375 0.4744183581466216 0.14375 0.08024748407381015
0 0.2609375 0.5121458713008012 0.15 0.08061150512049764
0 0.259375 0.548174376562473 0.1359375 0.07197995776545092
0 0.25 0.5799704081325041 0.1296875 0.0700534367187636
0 0.27421875 0.6199660765765904 0.1265625 0.06987142619541978
0 0.26875 0.644503344992442 0.140625 0.0628779735504665
0 0.26953125 0.674926592361606 0.11875 0.06941639988706054
0 0.25546875 0.7015268897166527 0.1359375 0.07197995776545092
0 0.26484375 0.7384808581466216 0.1234375 0.06343941567207594
0 0.24296875 0.7678799318100274 0.1296875 0.06692843671876361
0 0.25078125 0.8010186555016683 0.134375 0.07345145250377882
0 0.37578125 0.8109257345679202 0.1359375 0.07666745776545092
0 0.3609375 0.7703840345538028 0.1453125 0.08502598933548207
0 0.38046875 0.7301839687829047 0.134375 0.079701452503779
0 0.38125 0.6918572161520687 0.140625 0.0738154735504665
0 0.384375 0.6526127056287251 0.1515625 0.06820251038216937
0 0.38671875 0.6251324477362173 0.13125 0.05608194198043535
0 0.390625 0.5827174345820378 0.15 0.08061150512049764
0 0.38515625 0.5431922029978893 0.1296875 0.06380343671876361
0 0.38828125 0.5148851924745455 0.1375 0.059570963027122656
0 0.390625 0.4819361845820378 0.1359375 0.06885495776545092
0 0.41328125 0.436085358287796 0.1375 0.07050846302712266
0 0.41484375 0.38911935302612405 0.15 0.07436150512049747
0 0.42265625 0.3277268267177648 0.15 0.07748650512049746
0 0.459375 0.26777570306847637 0.1421875 0.07234397881213823
0 0.4578125 0.22646045833014822 0.1453125 0.07252598933548197
0 0.465625 0.18381793202178898 0.1453125 0.07096348933548198
0 0.47890625 0.14710688729757826 0.1390625 0.07216196828879458
0 0.48046875 0.10873463203590641 0.1546875 0.08088452090551308
0 0.48984375 0.07068860046587531 0.1515625 0.08226501038216935
0 0.64296875 0.0680200848220341 0.1625 0.07977704721387231
0 0.78125 0.06777861916407546 0.1390625 0.08153696828879457
0 0.62890625 0.10633913217708076 0.1421875 0.06921897881213823
0 0.77421875 0.11115689284159877 0.1375 0.08144596302712274
0 0.625 0.14406664533126037 0.14375 0.07555998407381015
0 0.76015625 0.15650719019664544 0.1484375 0.08364549985882568
0 0.61328125 0.18537418479379925 0.16875 0.08170356826055972
0 0.765625 0.21165742178079397 0.1703125 0.0942945735222315
0 0.7609375 0.2642741875658095 0.159375 0.09522003669052861
0 0.590625 0.290600011088041 0.1734375 0.07728908404557533
0 0.75234375 0.3093059665050047 0.146875 0.0851169945971538
0 0.58046875 0.33806654528890806 0.1484375 0.08833299985882573
0 0.7453125 0.363621740182528 0.19375 0.09253465244730937
0 0.559375 0.37601386632147804 0.16875 0.08639106826055976
0 0.5484375 0.4211821531531809 0.153125 0.07766851564384111
0 0.74921875 0.40792547702834836 0.1625 0.08758954721387227
0 0.7109375 0.44453010593930864 0.134375 0.07657645250377901
0 0.53984375 0.4662139320923761 0.1515625 0.07132751038216938
0 0.690625 0.4839944243410427 0.1421875 0.07859397881213823
0 0.52734375 0.4981919741857509 0.15 0.08373650512049746
0 0.6875 0.5310514348643864 0.1515625 0.07132751038216938
0 0.71796875 0.5659955822617853 0.1421875 0.07078147881213823
0 0.52109375 0.5399622452324383 0.121875 0.0680359104104042
0 0.71015625 0.6008256085701447 0.15 0.06811150512049746
0 0.55078125 0.5913581452606731 0.1609375 0.07031104195220053
0 0.51953125 0.6213032504941103 0.13125 0.062331941980435346
0 0.70703125 0.6455388690934883 0.128125 0.07308743145709151
0 0.5171875 0.659721008386618 0.1296875 0.07317843671876342
0 0.66015625 0.6826440269436438 0.153125 0.07766851564384111
0 0.50859375 0.7063152873258132 0.1515625 0.07445251038216938
0 0.6796875 0.7260377111727456 0.140625 0.07537797355046649
0 0.51640625 0.7402352610174538 0.1515625 0.07445251038216938
0 0.51484375 0.7825137662791257 0.128125 0.0762124314570917
0 0.509375 0.8242385346949771 0.134375 0.07345145250377882
0 0.66875 0.8493309980044487 0.1265625 0.08080892619541977
0 0.6734375 0.8076517322194331 0.1359375 0.08291745776545092
0 0.6703125 0.7648649927427768 0.1328125 0.06867294724210708
0 0.60703125 0.22870695584048661 0.1765625 0.08684609456891898