0 0.7140625 0.9745476497331698 0.16875 0.050904700533660474
0 0.7234375 0.9549600264631906 0.1546875 0.09007994707361888
0 0.73203125 0.9126404877170724 0.1453125 0.0840460306460784
0 0.73359375 0.8697354047132668 0.13125 0.07409802768032883
0 0.76484375 0.8452274946371545 0.178125 0.09788303756616087
0 0.74609375 0.8030572406828218 0.1390625 0.0759788626613009
0 0.7515625 0.7696863251695023 0.1625 0.09880886760421674
0 0.78671875 0.7297125825838762 0.159375 0.08774403361182799
0 0.7828125 0.6858034150933902 0.1421875 0.08548119665368965
0 0.7984375 0.653627585055334 0.1421875 0.09016869665368965
0 0.80703125 0.6219465035344032 0.13125 0.07409802768032883
0 0.81171875 0.5885437545229865 0.15 0.08267453163466172
0 0.8234375 0.5554275069944443 0.1390625 0.0837913626613009
0 0.83125 0.5143395919754162 0.1390625 0.08222886266130089
0 0.84296875 0.4796608444468742 0.1328125 0.06947419467652338
0 0.84921875 0.4478842624316518 0.1421875 0.08391869665368965
0 0.8375 0.40678175996019383 0.134375 0.06953786167271758
0 0.85390625 0.3769815134202349 0.146875 0.07942219764227279
0 0.87578125 0.3497478513669564 0.146875 0.07473469764227278
0 0.84765625 0.3071955954354574 0.1171875 0.06727502471457943
0 0.853125 0.2738246799221377 0.11875 0.0704636917107738
0 0.8609375 0.24289301490310972 0.1328125 0.07572419467652329
0 0.865625 0.2110527658916929 0.125 0.06759335969555132
0 0.7375 0.16911332220375278 0.1234375 0.07534219269935694
0 0.6171875 0.12983596349678464 0.13125 0.08347302768032891
0 0.48515625 0.09554985231835855 0.1546875 0.10474053262324476
0 0.33984375 0.04978507167228015 0.1390625 0.07754136266130084
0 0.21875 0.02610087946721481 0.1375 0.03997769566510645
0 0.196875 0.04083454152049333 0.13125 0.0709730276803289
0 0.21015625 0.08434446098814566 0.15 0.09204953163466159
0 0.18359375 0.112168372052841 0.1484375 0.08886086463846721
0 0.175 0.15322445357377185 0.1375 0.08997769566510642
0 0.15703125 0.18999228311753633 0.15625 0.09386669961943914
0 0.1296875 0.2271593606841345 0.153125 0.08436436562705038
0 0.11953125 0.27049552520887093 0.1546875 0.08755303262324476
0 0.1171875 0.31180627471457933 0.1421875 0.08391869665368965
0 0.1046875 0.3456719387450242 0.1625 0.08787136760421674
0 0.08984375 0.38022335228117754 0.15 0.07954953163466154
0 0.07421875 0.42021168231923356 0.14375 0.09023236364988403
0 0.0640625 0.46589159684397 0.128125 0.09115819368794006
0 0.0640625 0.5112040968439701 0.128125 0.08490819368794007
0 0.0640625 0.55729784684397 0.128125 0.08647069368794007
0 0.06484375 0.6057671803420673 0.1296875 0.09903436068413463
0 0.05703125 0.6577925953610952 0.1140625 0.09683519072219049
0 0.0578125 0.7070431788591925 0.115625 0.09221135771838504
0 0.04609375 0.7510969263877346 0.0921875 0.08656885277546919
0 0.046875 0.7964412598858318 0.09375 0.08975751977166357
0 0.04609375 0.8401594263877346 0.0921875 0.0959438527754692
0 0.1546875 0.8820842826232447 0.1703125 0.09443970258518845
0 0.28671875 0.899964143801671 0.1578125 0.09393036661563343
0 0.425 0.9266924229648744 0.146875 0.09035969764227261
0 0.56875 0.9427060366147586 0.1703125 0.09600220258518846
0 0.58515625 0.8988432900747995 0.1671875 0.09587486859280006
0 0.60546875 0.8582647110253268 0.165625 0.0926862015966055
0 0.6046875 0.8176078775272295 0.1484375 0.08573586463846716
0 0.6078125 0.7817977115196183 0.14375 0.08085736364988402
0 0.61875 0.7478683804929791 0.1359375 0.08053902866891213
0 0.63359375 0.7070669669568257 0.140625 0.08385502965749528
0 0.6453125 0.6661382194282837 0.1453125 0.09029603064607841
0 0.66015625 0.6315868058921303 0.15 0.09204953163466172
0 0.665625 0.5950908903788108 0.1546875 0.08442803262324468
0 0.6890625 0.5655771453217266 0.1515625 0.08586319863085592
0 0.69921875 0.5277097307969901 0.1421875 0.08704369665368965
0 0.70703125 0.4913093157779621 0.1484375 0.08886086463846717
0 0.71015625 0.45628039977035095 0.134375 0.07891286167271758
0 0.72265625 0.42632098573990607 0.128125 0.07709569368794007
0 0.70234375 0.383305814789379 0.1265625 0.0754695266917457
0 0.709375 0.35937356627225375 0.1390625 0.0712913626613008
0 0.71171875 0.33056281676654536 0.1171875 0.07352502471457942
0 0.728125 0.30701257022658646 0.134375 0.07735036167271767
0 0.721875 0.2692579022418089 0.121875 0.06902852570316256
0 0.74453125 0.24439982368662755 0.1296875 0.07403436068413445
0 0.740625 0.20986565619614156 0.1328125 0.0788491946765233
0 0.61953125 0.17836896399107624 0.1359375 0.08210152866891204
0 0.63046875 0.221002132964437 0.14375 0.09335736364988403
0 0.6078125 0.25601646151961827 0.134375 0.08516286167271767
0 0.60390625 0.2941385440291323 0.140625 0.08073002965749528
0 0.596875 0.33213329254625756 0.1484375 0.07792336463846716
0 0.59296875 0.35697412505577153 0.1296875 0.06309686068413445
0 0.58515625 0.3988432900747997 0.1484375 0.08886086463846717
0 0.58828125 0.4380331240671884 0.128125 0.06928319368794007
0 0.5828125 0.465154039580508 0.134375 0.06641286167271758
0 0.5765625 0.4969306215957305 0.134375 0.07422536167271758
0 0.55078125 0.536505116158523 0.1375 0.07747769566510634
0 0.5453125 0.5831572816718426 0.15 0.08267453163466172
0 0.53203125 0.6412098622041903 0.146875 0.08410969764227279
0 0.4921875 0.6934926038012333 0.140625 0.0791675296574951
0 0.48984375 0.7340221033069417 0.14375 0.07929486364988403
0 0.478125 0.7741696008354838 0.1453125 0.07935853064607841
0 0.4625 0.8071266808735398 0.1390625 0.0806663626613009
0 0.45625 0.8443720128887623 0.1546875 0.09067803262324467
0 0.4453125 0.8806450939154015 0.1515625 0.08898819863085591
0 0.2953125 0.8550018122807399 0.1625 0.08943386760421675
0 0.1609375 0.8292139506080224 0.1390625 0.0869163626613009
0 0.3125 0.8205458992388783 0.1421875 0.07766869665368965
0 0.17109375 0.7890027860832859 0.1375 0.08685269566510634
0 0.31953125 0.783332400721753 0.14375 0.08085736364988386
0 0.1890625 0.7467662065395213 0.1484375 0.09042336463846716
0 0.33515625 0.745687820683697 0.16875 0.09125103558899425
0 0.18828125 0.6920468730414242 0.16875 0.10218853558899425
0 0.196875 0.6416157915204933 0.1578125 0.1001803666156336
0 0.36484375 0.6468974936113904 0.171875 0.08669086958138301
0 0.209375 0.5991563774900485 0.146875 0.09348469764227278
0 0.37890625 0.6029392465771399 0.1484375 0.09354836463846716
0 0.22109375 0.5480713799615063 0.190625 0.1030798735357159
0 0.403125 0.568769835018153 0.1671875 0.09431236859279987
0 0.41875 0.5272190049800969 0.15 0.08423703163466172
0 0.221875 0.5035719634596036 0.1609375 0.09562020060802219
0 0.26171875 0.47550797186256055 0.134375 0.08516286167271758
0 0.4296875 0.48469592395345773 0.15 0.07954953163466172
0 0.28515625 0.4405254768054764 0.1421875 0.08391869665368965
0 0.4453125 0.4564263439154016 0.1484375 0.09042336463846716
0 0.29140625 0.394686394790254 0.1515625 0.08117569863085591
0 0.26484375 0.3545415558549494 0.140625 0.07760502965749527
0 0.4546875 0.41540209589256794 0.1234375 0.07534219269935694
0 0.27578125 0.32139347482831016 0.1484375 0.07792336463846716
0 0.43046875 0.36050900745155484 0.159375 0.07993153361182789
0 0.46328125 0.3368460143716371 0.13125 0.06941052768032882
0 0.2828125 0.27949247631118485 0.1265625 0.07859452669174569
0 0.46875 0.3003500988583174 0.1296875 0.07872186068413445
0 0.33125 0.251778653193211 0.15 0.08423703163466154
0 0.48125 0.25554693482787255 0.15 0.08267453163466154
0 0.315625 0.2058294832312671 0.1390625 0.0822288626613008
0 0.47578125 0.2217303503411922 0.15 0.08111203163466155
0 0.48203125 0.18057876832596978 0.1265625 0.0801570266917457
0 0.490625 0.14108518680503893 0.134375 0.08203786167271768
0 0.3375 0.08718957117798856 0.1265625 0.08796952669174571
0 0.32890625 0.12668315269891942 0.134375 0.08985036167271768
0 0.32890625 0.16965190269891942 0.13125 0.07566052768032887
0 0.34375 0.7038504891627662 0.1765625 0.09625687056996632