0 0.16875 0.14747679220663673 0.1625 0.08252394805083538
0 0.15625 0.198039853895034 0.153125 0.08079780681713329
0 0.16171875 0.2411040612813602 0.140625 0.07589211850553061
0 0.1671875 0.28026201866768635 0.13125 0.0679159772718286
0 0.178125 0.3101404334403387 0.1484375 0.06821598620028232
0 0.1921875 0.3439796452908918 0.140625 0.06651711850553062
0 0.18515625 0.3860444143656153 0.1578125 0.07462962743398424
0 0.1953125 0.42215919236879246 0.1421875 0.06498189204448082
0 0.1921875 0.4627296452908919 0.140625 0.07589211850553071
0 0.209375 0.4927171542193456 0.140625 0.06807961850553071
0 0.23046875 0.5235540969951751 0.1203125 0.061475062499176045
0 0.2234375 0.5570251160698987 0.1390625 0.06648984496658024
0 0.221875 0.5944978425309483 0.1453125 0.07128643912238157
0 0.23515625 0.6314484176120262 0.1375 0.07427507142762994
0 0.25390625 0.6653694500794303 0.121875 0.06462733603812651
0 0.24765625 0.7019791059236289 0.1640625 0.07630122158978558
0 0.253125 0.730980813309955 0.14375 0.06344666558343129
0 0.26953125 0.7593921854689336 0.146875 0.06037621266133186
0 0.28671875 0.7878171943973873 0.1390625 0.06648984496658024
0 0.29921875 0.81772288270899 0.1265625 0.06470915665497756
0 0.31484375 0.8531518680984934 0.11875 0.06926028896022558
0 0.321875 0.88608709902377 0.1234375 0.05996710957707663
0 0.31171875 0.9163785710205928 0.1140625 0.05824096834337489
0 0.43515625 0.8982206805976697 0.13125 0.0679159772718286
0 0.55234375 0.8752661960189453 0.1234375 0.08027960957707662
0 0.68359375 0.8650571732907737 0.15 0.0760557597392328
0 0.8328125 0.8434430462605313 0.1515625 0.09170803327818292
0 0.95234375 0.8119357219902323 0.0953125 0.0672886858759707
0 0.9484375 0.7759300381428564 0.103125 0.0768000535707225
0 0.93984375 0.7414050336786294 0.1203125 0.08647506249917605
0 0.93671875 0.6983817366007289 0.1265625 0.07564665665497756
0 0.934375 0.6545908262923034 0.13125 0.08822847727182861
0 0.93125 0.6123487792144026 0.1375 0.08208757142762976
0 0.92109375 0.5715465012112254 0.1578125 0.09181712743398443
0 0.925 0.5325521850586012 0.15 0.07918075973923262
0 0.91953125 0.49339422767227503 0.1609375 0.082496674511885
0 0.915625 0.45426354382489914 0.1640625 0.07786372158978558
0 0.90390625 0.41968399228277165 0.1765625 0.08589440990138844
0 0.8953125 0.38125273781854474 0.159375 0.07778190097293472
0 0.89453125 0.33592660104906963 0.146875 0.07756371266133204
0 0.875 0.28636693181219036 0.1453125 0.07753643912238158
0 0.8671875 0.2409180641174387 0.140625 0.07432961850553062
0 0.85390625 0.20240498903636078 0.146875 0.07756371266133195
0 0.8328125 0.14656804626053122 0.1609375 0.08405917451188501
0 0.8296875 0.08713849918263053 0.1515625 0.090145533278183
0 0.83671875 0.041167480107907065 0.1453125 0.05566143912238162
0 0.69375 0.03398445129395095 0.171875 0.0467500892845374
0 0.53203125 0.062411640012590766 0.1546875 0.08551258035608367
0 0.41015625 0.09700305397446425 0.1359375 0.08518529788867957
0 0.2859375 0.12999105762791224 0.1484375 0.08227848620028233
0 0.28125 0.1752217370110612 0.1453125 0.07128643912238167
0 0.2734375 0.2133666193163095 0.1328125 0.0710682508107789
0 0.28359375 0.2502626473194867 0.1609375 0.07155917451188501
0 0.2984375 0.284896745939515 0.15 0.08074325973923262
0 0.3109375 0.32652118425111765 0.1296875 0.06476370373287824
0 0.31875 0.37197005194586935 0.1296875 0.07413870373287831
0 0.31875 0.40790755194586936 0.146875 0.07287621266133204
0 0.32734375 0.4486825564100963 0.153125 0.07767280681713337
0 0.33359375 0.4925416505658976 0.1359375 0.06799779788867966
0 0.34375 0.5208439285690748 0.1359375 0.06331029788867966
0 0.3421875 0.5465979050301245 0.1328125 0.0663807508107789
0 0.33984375 0.5778069947216989 0.1515625 0.07295803327818291
0 0.3546875 0.6069723433417271 0.1296875 0.06476370373287814
0 0.35546875 0.6366734801112024 0.11875 0.06457278896022593
0 0.371875 0.6697723522701808 0.121875 0.06931483603812652
0 0.384375 0.7051467905817835 0.140625 0.07589211850553071
0 0.4078125 0.7360246436660388 0.1296875 0.06632620373287815
0 0.40390625 0.7664252098186629 0.1203125 0.059912562499176224
0 0.4125 0.7923564642828896 0.1265625 0.06470915665497756
0 0.4171875 0.8260320348997408 0.1296875 0.0694512037328785
0 0.41328125 0.8665888510523649 0.134375 0.0679705243497292
0 0.534375 0.8405775503210162 0.1515625 0.08077053327818291
0 0.53984375 0.7977042577073424 0.128125 0.07254893019392802
0 0.52109375 0.7653457252399384 0.1375 0.07271257142762995
0 0.5109375 0.7284496972367612 0.15 0.07761825973923261
0 0.50546875 0.690854239850435 0.1375 0.06958757142762977
0 0.48125 0.6591814999967047 0.1421875 0.06810689204448099
0 0.47421875 0.6223400190714281 0.146875 0.07756371266133186
0 0.47421875 0.5871837690714281 0.1421875 0.06810689204448081
0 0.459375 0.5509871704514 0.1328125 0.0663807508107789
0 0.45390625 0.5110479630650737 0.11875 0.06613528896022576
0 0.45859375 0.46816103368192474 0.13125 0.07416597727182861
0 0.45078125 0.4281809159871731 0.140625 0.07276711850553053
0 0.44921875 0.3820598924482227 0.14375 0.07750916558343128
0 0.44453125 0.3405718218313717 0.140625 0.07276711850553061
0 0.44296875 0.29679454829242136 0.1421875 0.079044392044481
0 0.4203125 0.25499283197764144 0.1390625 0.08211484496658024
0 0.415625 0.21194226136079042 0.14375 0.07594666558343129
0 0.4 0.17963827597128704 0.1375 0.07271257142762995
0 0.41640625 0.1432058981302656 0.128125 0.06942393019392785
0 0.546875 0.10329573863261898 0.14375 0.07907166558343129
0 0.54765625 0.14237187540209417 0.1421875 0.07904439204448091
0 0.54609375 0.18296960186314382 0.1484375 0.07290348620028228
0 0.55390625 0.22607471955789551 0.1640625 0.08880122158978576
0 0.5875 0.26416110064532783 0.1359375 0.08049779788867965
0 0.59296875 0.309569058031654 0.140625 0.07589211850553053
0 0.5828125 0.3484542800284768 0.14375 0.08532166558343128
0 0.5890625 0.3868446241842782 0.153125 0.08236030681713338
0 0.57578125 0.4327065491032003 0.1421875 0.08060689204448099
0 0.57421875 0.4733042755642499 0.146875 0.07756371266133186
0 0.584375 0.5039503035674271 0.15 0.07293075973923262
0 0.60390625 0.5386662228043064 0.1390625 0.06961484496658024
0 0.60078125 0.5690804257264057 0.11875 0.06457278896022593
0 0.61796875 0.6029741846548594 0.1453125 0.07753643912238176
0 0.6328125 0.6313582832748877 0.1390625 0.06648984496658024
0 0.63984375 0.6588247642001642 0.1390625 0.06961484496658024
0 0.62890625 0.6930088494275118 0.1359375 0.06331029788867966
0 0.63828125 0.7361412406612139 0.1578125 0.08244212743398442
0 0.66328125 0.7803276172844194 0.1375 0.08052507142762995
0 0.66796875 0.8225969379012703 0.134375 0.07422052434972919
0 0.81796875 0.8033401976405029 0.1625 0.08408644805083547
0 0.80078125 0.7616339387120492 0.1640625 0.08880122158978558
0 0.7921875 0.7146089342478223 0.146875 0.07912621266133187
0 0.78046875 0.6761231327056948 0.159375 0.09340690097293472
0 0.7796875 0.6370469959362197 0.1375 0.07896257142762994
0 0.771875 0.603316878241468 0.1515625 0.08077053327818291
0 0.74375 0.5692322045403618 0.165625 0.08257849512873605
0 0.7609375 0.5148447134688156 0.1625 0.0965864480508353
0 0.734375 0.48000606330665985 0.175 0.08586713636243815
0 0.71640625 0.4406299176087309 0.16875 0.08575804220663663
0 0.72265625 0.40167651176453223 0.14375 0.07907166558343129
0 0.73984375 0.361351520692986 0.16875 0.07638304220663672
0 0.715625 0.3296787808392557 0.16875 0.08263304220663673
0 0.7171875 0.28361230437820606 0.1578125 0.08244212743398434
0 0.70703125 0.2459350263750288 0.159375 0.08559440097293472
0 0.69765625 0.1910838851413268 0.1578125 0.08556712743398434
0 0.6890625 0.14015263067709993 0.1703125 0.08422281574558706
0 0.68125 0.10642251298234824 0.1578125 0.08869212743398433
0 0.6875 0.06590660713814958 0.153125 0.0807978068171333