0 0.7775037302975033 0.8760399218399655 0.1628727047222643 0.07163105913900907
0 0.797325871788051 0.8251302392511422 0.1519261143631848 0.06955913688926821
0 0.7975804018422803 0.7813802392511422 0.13939884328594587 0.06428944003242129
0 0.7970355011783503 0.7407916265546952 0.12998748184962744 0.05760279238978612
0 0.7901906035394826 0.7090878622866714 0.15029089149054792 0.05698636228216216
0 0.7802434317983138 0.6736233972328596 0.1409068011314682 0.05498721463952716
0 0.7921985311343838 0.6324525876795656 0.15969316256778665 0.062110509924797344
0 0.7877291997522946 0.5951709115008832 0.1440227107723885 0.053570263853738885
0 0.7965592990883648 0.554145651161801 0.14097043364502557 0.06592471463952716
0 0.7826876966290366 0.5219881226257537 0.14091589149054773 0.05654971463952716
0 0.7649098441697086 0.49001253060747113 0.12215680113146803 0.05411391935425698
0 0.7760382417103806 0.4566906083577301 0.1409158914905479 0.05654971463952716
0 0.7825109555078312 0.4181182599293066 0.14563066256778665 0.06145553846084475
0 0.774135374125742 0.3810185202683889 0.13627384328594588 0.06414389081820956
0 0.7595097927436528 0.3442098790358945 0.12060339149054791 0.05560364474715103
0 0.7706518258229443 0.3085442067861535 0.16594316256778666 0.06240160835322088
0 0.7684853378249968 0.2781846186968123 0.14557612041330897 0.05208053846084475
0 0.7553858950065893 0.2475532028572121 0.1486829396951496 0.04910108767505648
0 0.7430586118291018 0.21844789971405895 0.14091589149054773 0.05654971463952716
0 0.7338745093697738 0.18607204735669408 0.12840680113146802 0.054405017782680344
0 0.7223648376286051 0.15068035690998802 0.11751475292686617 0.0617080955329393
0 0.7194398255283567 0.11645090612419975 0.12214771077238851 0.05255141935425689
0 0.7336750423508694 0.08610843466024702 0.11275453005422928 0.04898977171162171
0 0.6063040212736306 0.09672706513937442 0.12998748184962744 0.05760279238978616
0 0.48514663876007325 0.11330459719007835 0.12069429508134384 0.07122864474715103
0 0.3500085694782325 0.116474600704735 0.15032725292686627 0.0632363622821623
0 0.19762845804191403 0.12982012489755612 0.14886474687674203 0.08035108767505647
0 0.06056479527773567 0.15106804032287155 0.12112959055547134 0.05723891935425689
0 0.06046934650739969 0.18778679032287154 0.12093869301479938 0.06505141935425689
0 0.0674051477370637 0.22495930459089522 0.1348102954741274 0.07508139081820957
0 0.06804549717132963 0.26789166728734226 0.13609099434265925 0.06421666542531543
0 0.06715516286237422 0.3108968045908952 0.13431032572474844 0.07508139081820957
0 0.06779551229664013 0.35461041728734227 0.13559102459328026 0.06577916542531544
0 0.07549892798768473 0.395652794251813 0.15099785597536947 0.07431941149637407
0 0.06911711778103027 0.4365688926802364 0.13823423556206055 0.06436221463952715
0 0.07134269311299524 0.47786598076957765 0.14268538622599047 0.06614303846084475
0 0.0727779280858806 0.5199807061624717 0.1455558561717612 0.06316358767505648
0 0.07893702449508441 0.5540282204304955 0.15787404899016882 0.06992300992479734
0 0.07776839247250641 0.5946532204304955 0.15189884328594586 0.0648716368892682
0 0.07437068170011787 0.6416737696447071 0.13783634328594585 0.06421666542531543
0 0.0826644498504905 0.692836009305625 0.14409543364502547 0.06607026385373889
0 0.08395423907810197 0.7396382346985191 0.14097043364502546 0.06592471463952716
0 0.09309743492157171 0.779045337055884 0.14565793364502547 0.06614303846084475
0 0.10603779645608605 0.8370205028954842 0.15975679508134394 0.0730480099247977
0 0.10255827245198094 0.8981035521096958 0.14887383723582168 0.08191358767505648
0 0.09520885988419434 0.9531185378416722 0.1284431625677866 0.06065501778268043
0 0.1005003478821418 0.9833325767168016 0.12826135538619426 0.029405017782680433
0 0.2286798900366195 0.9679900589341214 0.17212043969514967 0.050192706781644246
0 0.4006685195251148 0.940453602152477 0.15506929508134384 0.07282968610347992
0 0.5273582845522293 0.9126838589769026 0.13322156615858277 0.07649834160399785
0 0.6571639592202644 0.8863310665871165 0.14725679508134384 0.07246581306795044
0 0.6683650796335734 0.8405091443373756 0.14719316256778647 0.06152831306795079
0 0.6803019982514842 0.8024633347840815 0.13157725292686634 0.06236306699689216
0 0.6750559620489348 0.764436795908952 0.16280907220870694 0.06069355913900907
0 0.6658945854873058 0.7281546935515871 0.1488011143631848 0.06941358767505648
0 0.6583366155415351 0.6847685665871165 0.12997839149054774 0.05604029238978612
0 0.6562610311343838 0.6387839784977752 0.12846134328594588 0.06378001778268025
0 0.661157609393215 0.6026281546764577 0.14720225292686634 0.06309081306795061
0 0.6567155490883646 0.5606589784977752 0.1519079336450254 0.0664341368892682
0 0.6569791695016736 0.5153464784977753 0.13623748184962742 0.05789389081820957
0 0.6501206363241863 0.48598646422975167 0.13776362041330897 0.05171666542531561
0 0.6549626724285398 0.45920564040843403 0.13466589149054792 0.05625861621110371
0 0.6613899344305925 0.4284457919800106 0.15343407220870695 0.06025691149637406
0 0.6506296964326449 0.39848646422975165 0.1315408914905479 0.05611306699689198
0 0.6531507084346975 0.3679085523190928 0.1190408914905479 0.055530870140045166
0 0.6408552415139889 0.33333449917593966 0.12220225292686634 0.06192641935425689
0 0.6332654553114395 0.295417122211469 0.1409704336450254 0.06592471463952716
0 0.6123626028521115 0.26358707940739806 0.13154998184962743 0.05767556699689198
0 0.6211290696746242 0.2334993190683158 0.12214771077238851 0.0525514193542568
0 0.6158194009585175 0.20641028019318633 0.12685339149054772 0.05589474317557448
0 0.6152381388582692 0.17207166749673924 0.12844316256778665 0.06065501778268034
0 0.624854033373879 0.13022876985410411 0.13467498184962742 0.05782111621110371
0 0.49899551532170233 0.14936837572612563 0.1503636143631848 0.06948636228216235
0 0.4870267804470128 0.19288293527941955 0.1253454336450254 0.06519696856846861
0 0.5024472473677214 0.22731143920836097 0.13626475292686635 0.06258139081820957
0 0.5084745335702707 0.26530159077993754 0.1503545240041051 0.06792386228216234
0 0.5090285245932803 0.3043277034763846 0.13779998184962744 0.057966665425315436
0 0.5299222866935287 0.33772024628045555 0.14247839149054792 0.056622489246633025
0 0.5312620728960781 0.3759287216733497 0.14565793364502538 0.06614303846084475
0 0.5263700398167867 0.41130329549466726 0.14247839149054772 0.056622489246633025
0 0.5363081211988758 0.44833026054847924 0.1330943011314682 0.054623341603997844
0 0.537629726683266 0.48966373594137325 0.11749657220870695 0.05858309553293921
0 0.5272234918085765 0.5331055208875615 0.13158634328594587 0.06392556699689216
0 0.5293263472929666 0.5744026089769025 0.14096134328594587 0.06436221463952733
0 0.5251564768796577 0.6198970454946673 0.1440954336450254 0.06607026385373889
0 0.5249019468254283 0.6636470454946672 0.14096134328594587 0.06436221463952715
0 0.5199599167711991 0.7076153693159848 0.1409886143631848 0.06904971463952717
0 0.5384462963578902 0.7520545740307145 0.1394352047222643 0.0705394400324213
0 0.5374105163036609 0.7958409613342675 0.1440954336450254 0.06607026385373889
0 0.5489292784039093 0.8296701517809735 0.13781816256778665 0.06109166542531561
0 0.5276355405041577 0.8650276089769026 0.12844316256778665 0.06065501778268043
0 0.38997645922026436 0.898775524402218 0.14256020472226433 0.07068498924663302
0 0.39489576337679466 0.8587134505809004 0.14256020472226433 0.07068498924663302
0 0.4006008627128647 0.81783373945603 0.15031816256778666 0.061673862282162165
0 0.39929743794663386 0.7733752640631358 0.16447156615858277 0.07795383374611511
0 0.3698553776417835 0.7325704815981472 0.13631929508134394 0.07195639081820956
0 0.3709047932346322 0.6864403442945942 0.1409795240041051 0.06748721463952716
0 0.38597580221162264 0.6466864855270885 0.14258747579950323 0.07537248924663302
0 0.3854172660090733 0.6084416228306415 0.1503636143631847 0.06948636228216216
0 0.40443088642238223 0.5622558275453712 0.1409977047222643 0.07061221463952716
0 0.4101359857584523 0.5213761164205006 0.1472204336450254 0.06621581306795044
0 0.4040768832991242 0.4888547148489241 0.15031816256778666 0.06167386228216234
0 0.3886655067374952 0.4528637109199828 0.13779998184962733 0.05796666542531561
0 0.3958740187395478 0.42206747518800636 0.11904998184962734 0.05709337014004508
0 0.383583096998379 0.3867121720448532 0.1441045240041051 0.06763276385373888
0 0.3720416090004316 0.3567892315981472 0.1409158914905478 0.05654971463952716
0 0.3682989854638647 0.3288461681159118 0.13780907220870695 0.05952916542531543
0 0.38411942818407646 0.2945246720448532 0.1377727107723885 0.05327916542531543
0 0.3812535034178456 0.2501389712590649 0.1566227047222643 0.07133996071058579
0 0.36043700936977385 0.20346517845499398 0.13631020472226432 0.07039389081820957
0 0.3606869942444634 0.160496428454994 0.1347295240041051 0.06719611621110375
0 0.20753926834676434 0.17153458995136805 0.1628727047222643 0.07163105913900916
0 0.21900348829253505 0.21473878039807412 0.16447156615858285 0.07795383374611502
0 0.22184668716106687 0.2630307311838624 0.1472386143631847 0.06934081306795062
0 0.22865067818407647 0.30176574545188606 0.15824883723582167 0.08235023531769166
0 0.22450807884800641 0.3425726819696507 0.1363011143631847 0.06883139081820958
0 0.2282143409482548 0.37676574545188607 0.1503636143631847 0.06948636228216235
0 0.25143367233034397 0.4131741263452982 0.1659886143631847 0.0702141083532208
0 0.227687100121637 0.46739074545188597 0.1598204275949012 0.08398550992479734
0 0.25012063632418635 0.504616763648851 0.17537270472226432 0.07221325599585597
0 0.2623842869881163 0.5446595667920043 0.16912270472226432 0.07192215756743252
0 0.251996232831586 0.5849763517381923 0.14098861436318472 0.06904971463952717
0 0.22911726903413537 0.6243128335412272 0.17063975292686626 0.06418243217453856
0 0.24922978113438382 0.6577417636488511 0.1691136143631847 0.07035965756743252
0 0.24192582036199525 0.7049442493808276 0.1566227047222643 0.07133996071058561
0 0.24717185656454466 0.7429707882559569 0.15976588544042353 0.07461050992479734
0 0.2499650584581386 0.7998564890417452 0.15820338544042353 0.07453773531769166
0 0.2504417814289714 0.8521638517381923 0.1706852047222643 0.07199493217453856
0 0.25414349834968003 0.8871381652204278 0.15821247579950323 0.0761002353176913
0 0.24296964901360996 0.9282725874701686 0.1534886143631847 0.06963191149637424