0 0.3266206883204076 0.9574735399876044 0.15347043364502558 0.0629390239356944
0 0.3005894534457181 0.9139047247331252 0.14409543364502547 0.06272081838861113
0 0.29332185410964806 0.8731160705728127 0.13157725292686617 0.05930487765916688
0 0.2876303903121974 0.8347075340036808 0.12372839149054773 0.052873039703263916
0 0.28823892348968466 0.805038217799271 0.14246021077238852 0.05018445079743046
0 0.29115484523085344 0.7691734529816322 0.1346386204133089 0.04844011284152785
0 0.2729770169720222 0.7328177256830558 0.15029089149054772 0.05349128875333342
0 0.27198668871319104 0.6968620418874656 0.13619203005422928 0.046913980432708516
0 0.25692931527482 0.6597977997712502 0.13313975292686617 0.05934124525034736
0 0.26455546291368787 0.627948387727153 0.1346386204133089 0.04844011284152785
0 0.27607877019347604 0.5946273946610072 0.11587953005422928 0.046441201747361306
0 0.25949980337096334 0.5645580349536112 0.1330943011314682 0.05152874525034719
0 0.24679981547121174 0.5298920942241668 0.13779998184962733 0.054762848023889
0 0.24892994203284072 0.49322789561093766 0.12844316256778665 0.05766964247680555
0 0.25652881859446974 0.45669098356684046 0.11433521077238851 0.04952983415618064
0 0.24072201141287736 0.4250773076550349 0.15654998184962735 0.05519925911805572
0 0.23821463494944423 0.39689775626826407 0.13618293969514966 0.045351480432708514
0 0.24428282776785187 0.3657932266329863 0.13929884933607006 0.043861715615069574
0 0.25191806576579934 0.3355063145888891 0.1330852107723885 0.04996624525034736
0 0.254080008584207 0.3043108659756599 0.1205761204133089 0.04811280452090285
0 0.2593396803253758 0.26850065254479183 0.11124657220870696 0.055707098973819494
0 0.2568050327847038 0.23563360115802104 0.11587953005422928 0.046441201747361216
0 0.23869083703942992 0.21021537385944464 0.10649543969514967 0.04466049620027786
0 0.3573408430895541 0.19579181078916696 0.12216589149054773 0.05283667211208343
0 0.4721345961146163 0.1898710787409379 0.1144261143631848 0.06515483415618065
0 0.5969846051898026 0.16699923603538244 0.14249657220870696 0.05643445079743068
0 0.7398397257013073 0.1507956206284034 0.14259656615858277 0.07362195079743068
0 0.8780664335468295 0.14463915244788267 0.13153180113146803 0.05149237765916679
0 0.8876368762670414 0.178451107994966 0.13938066256778683 0.05792421561506957
0 0.8839442497054124 0.21507893901701464 0.14569429508134385 0.06900718597979179
0 0.8919885538619428 0.2551045269729174 0.15187157220870695 0.05665265634451409
0 0.9062828580184729 0.2952755852935424 0.1597567950813442 0.06933449430041679
0 0.9104254573545429 0.3359915042714938 0.15658634328594587 0.061449259118055724
0 0.909099306690613 0.37658013668031326 0.16599770472226433 0.067917464665139
0 0.919469180128984 0.41353527602298684 0.15345225292686634 0.05981402393569457
0 0.9220401891059744 0.4526523274097577 0.15345225292686634 0.05981402393569457
0 0.9247283309893056 0.4918057463877091 0.1505433380213887 0.05668902393569475
0 0.9216942345801019 0.526108011205348 0.15661153083979612 0.06308449430041688
0 0.9272766140685971 0.56373529777448 0.14544677186280594 0.05970492116215294
0 0.9359885387366322 0.605341569525973 0.12802292252673553 0.060867377659166874
0 0.9345805748409856 0.6568677019347925 0.13083885031802894 0.05781511284152785
0 0.9393953398681003 0.7007268047083342 0.12120932026379946 0.057596907294444576
0 0.9363794241770556 0.738935319525973 0.1272411516458888 0.05930487765916688
0 0.932632255460949 0.7958756505480217 0.13473548907810198 0.06417421561506949
0 0.9413759963857627 0.8523256722995146 0.11724800722847455 0.07314917211208324
0 0.9540441680287357 0.9018353630289593 0.09191166394252867 0.05537979065319476
0 0.9557384782353899 0.9487467306201397 0.08852304352922005 0.05843205547083343
0 0.8507621702682308 0.9563936168286812 0.1628908854404237 0.07096972948277766
0 0.685891149190992 0.9478693359591326 0.14567611436318478 0.06588218597979179
0 0.5648019443705318 0.9458320976426393 0.12695338544042353 0.07013327488562524
0 0.43981103472961136 0.9444851903481947 0.13785452400410508 0.06413784802388918
0 0.42317298057308117 0.9042595806407988 0.13779998184962744 0.05476284802388918
0 0.4050133330324092 0.8710288533422226 0.12530907220870696 0.056034407294444574
0 0.40401845959403815 0.8342919195466323 0.15497839149054773 0.053600391526875055
0 0.4069389265147468 0.7992084047289933 0.1409704336450254 0.06264808320625015
0 0.4066934868195971 0.7570209047289934 0.1221568011314682 0.051274172112083426
0 0.4001889567653678 0.7131254343642712 0.12220225292686618 0.059086672112083426
0 0.3898418092246958 0.6800765450215975 0.14093407220870696 0.05639808320625015
0 0.3864804598886258 0.6393788098392365 0.14407725292686627 0.0595958183886113
0 0.37920831537301586 0.5978089056789239 0.12840680113146813 0.05141964247680555
0 0.38060264373004293 0.5689390232701046 0.1283886204133089 0.04829464247680555
0 0.3718725383438487 0.5453015015186115 0.12840680113146813 0.05141964247680573
0 0.3607759570599554 0.5177031783803475 0.14404089149054772 0.05334581838861112
0 0.366062899878363 0.4865804649494795 0.1237193011314682 0.051310539703263915
0 0.35887256859446975 0.459073060789167 0.11277271077238851 0.04949346656499998
0 0.36414133069471816 0.42482534735829897 0.11592498184962743 0.054253701747361306
0 0.36549020725634707 0.3881429649494795 0.13313066256778666 0.05777874525034736
0 0.37857146935659547 0.3540770894745142 0.12371930113146812 0.051310539703264005
0 0.3666936380727022 0.32646058254066 0.11431703005422929 0.046404834156180644
0 0.3665436471478885 0.30067933254066004 0.12058521077238851 0.04967530452090294
0 0.3616652496072165 0.26775772976711837 0.12217498184962734 0.05439917211208343
0 0.34583117134838537 0.23145655385531277 0.1284068011314682 0.05141964247680564
0 0.46531242437344744 0.2256449245806254 0.1440954336450254 0.06272081838861121
0 0.48272263817089806 0.2643262180836115 0.11906816256778666 0.05745143692972228
0 0.4743334212501894 0.2992824463321185 0.12843407220870695 0.056107142476805726
0 0.47532374950902073 0.3352381301277087 0.1425329336450254 0.06268445079743064
0 0.4810106681269315 0.3728654166968407 0.1299693011314682 0.05145601006798621
0 0.46792940602668304 0.4069312921718059 0.13463862041330898 0.04844011284152785
0 0.47204473428551436 0.4429597111497573 0.13782725292686634 0.059450348023889
0 0.48317313182618626 0.47602678428802125 0.13463862041330898 0.04844011284152785
0 0.4794850504440971 0.5134358653100699 0.1252818011314682 0.05134690729444458
0 0.48517196906200794 0.5510631518792017 0.11122839149054772 0.05258209897381967
0 0.5025821828594585 0.589744445382188 0.12531816256778666 0.057596907294444576
0 0.506715691836449 0.6288978643601393 0.13469316256778666 0.05781511284152785
0 0.5178986315315987 0.6713399374984033 0.13625566256778665 0.05785148043270851
0 0.5251662308676688 0.7121285916587157 0.13156816256778664 0.05774237765916688
0 0.5378980350241991 0.7522632823881602 0.13314884328594587 0.06090374525034736
0 0.528005405437508 0.7973393930454865 0.13004202400410508 0.06395601006798621
0 0.5352684595940381 0.8373467972057991 0.13625566256778665 0.05785148043270851
0 0.5307809474937898 0.8716126944322573 0.12999657220870695 0.056143510067986215
0 0.5567303691367627 0.9011190096867366 0.12060339149054791 0.052800304520902584
0 0.6887752546753821 0.9065358211414937 0.1347204336450254 0.06250261284152785
0 0.677624131237011 0.8695624980032297 0.1315954336450254 0.062429877659166876
0 0.6649195981577197 0.8341153072737854 0.14093407220870696 0.05639808320625015
0 0.65998665846257 0.7918187045002437 0.15506929508134384 0.06922539152687505
0 0.6800400832288009 0.7477602331855908 0.13005111436318478 0.06551851006798622
0 0.6719730531745716 0.703828395229688 0.13314884328594587 0.06090374525034736
0 0.6514651104543598 0.6697618665443408 0.13474770472226433 0.06719011284152784
0 0.6457918273750684 0.6344783299752089 0.1440954336450254 0.06272081838861113
0 0.6205600232185382 0.5940526985163199 0.1316045240041051 0.06399237765916688
0 0.6078463997801672 0.5570430077868755 0.13938975292686617 0.059486715615069484
0 0.6084458425985748 0.5258111915824658 0.14405907220870695 0.05647081838861112
0 0.616821423980664 0.48851121333395875 0.1315408914905479 0.053054877659166874
0 0.6057293878763105 0.461694140195695 0.11279089149054773 0.05261846656499998
0 0.6109890596174793 0.4258839267648269 0.13783634328594588 0.061012848023888996
0 0.6155038427949665 0.3963055295383685 0.133076120413309 0.048403745250347366
0 0.6153447615110732 0.36896177953836856 0.13154998184962743 0.054617377659166785
0 0.59486863504764 0.3403640008530213 0.12995112041330897 0.048331010067986215
0 0.5907169453524904 0.29808558187506995 0.1472386143631848 0.06591855357097236
0 0.6013771894005621 0.2506839050133339 0.1284795240041051 0.06391964247680573
0 0.594109590064492 0.20989525085302133 0.12689884328594586 0.06075827488562506
0 0.7377368702169173 0.19214731924163259 0.15347952400410508 0.06450152393569457
0 0.7348618550916066 0.23504333405927147 0.15506929508134384 0.06922539152687505
0 0.7390271803253757 0.2796655030372229 0.13783634328594588 0.061012848023888996
0 0.7400311441228264 0.3179649368328131 0.15041815651766247 0.07536628875333343
0 0.7496197675611974 0.35490189237989644 0.1284704336450254 0.06235714247680564
0 0.7521544151018695 0.38776894376666726 0.1409704336450254 0.06264808320625015
0 0.7367566740788598 0.42646776785486173 0.1565954336450254 0.06301175911805572
0 0.7674890444921687 0.4724894358828825 0.151989746876742 0.07696515634451409
0 0.7536583486486991 0.5120058775622576 0.1659795240041051 0.064792464665139
0 0.7484259479847691 0.5525035909931256 0.1597295240041051 0.06464699430041669
0 0.7650321858845206 0.5872604507005215 0.13471134328594586 0.06094011284152785
0 0.7925668334251926 0.6207093835461812 0.16125566256778665 0.058433361891597355
0 0.7794855713249442 0.6547752590211464 0.15972952400410528 0.06464699430041669
0 0.7937980561996337 0.6980713173417715 0.14722952400410527 0.06435605357097245
0 0.7955741796380048 0.7348264349329521 0.15194429508134383 0.06915265634451409
0 0.8029145018467118 0.7881150890932646 0.1488102047222643 0.06751742116215294
0 0.8094553933372595 0.8382605594579868 0.16129202400410528 0.06468336189159736
0 0.8119854956983918 0.8703463608447576 0.1488192950813442 0.06907992116215275
0 0.8293866191367627 0.9074651543477437 0.14565793364502538 0.06275718597979178