0 0.9209012039704104 0.27175285964806284 0.06593517735518084 0.16466871572854574
0 0.8726546079726376 0.2525254465362355 0.06424540802036276 0.15364021046687393
0 0.8296949486394103 0.24924155184025962 0.06253745735199914 0.1410492052052021
0 0.7898239266390922 0.24926466766762748 0.0530533693507266 0.13112817363517104
0 0.7592733606381377 0.2545213150650264 0.05170904535327168 0.1497871683734992
0 0.7239898413033196 0.2634111966774098 0.05003745735199914 0.1403211631118273
0 0.6835012013049104 0.24932630987394172 0.056505633354544574 0.1594351841585147
0 0.6474909759707286 0.25348318885548926 0.05007382001908987 0.14344616311182729
0 0.6077381326384559 0.24335005468285703 0.0625556386855445 0.1426117052052021
0 0.5755341599697741 0.25632819681858415 0.053162457351999134 0.14050317363517095
0 0.5440841653007743 0.27169559158514717 0.0498192813494537 0.1215711631118273
0 0.5113898439688196 0.2596282310900383 0.053162457351999134 0.14050317363517095
0 0.4739534786362286 0.25197535480991395 0.05634200135263541 0.1453726841585147
0 0.437125640634956 0.2592117311606255 0.06093859468490823 0.13783319994353027
0 0.4010154179662743 0.27196236014217295 0.052944281349453705 0.12175317363517095
0 0.36596825596754695 0.2605397417545564 0.059703358688726206 0.16586719468185845
0 0.33625348396722876 0.26115439178279126 0.046985182686180946 0.14638915258848365
0 0.3064114426320925 0.2727065418110261 0.045440864019726315 0.1478606473268118
0 0.2765603106301835 0.28503994183926096 0.053162457351999134 0.14050317363517104
0 0.24521031329568355 0.29181358660582396 0.051454506683635604 0.12791216837349922
0 0.20990861262732002 0.3022659682182074 0.05605110001590834 0.1203726841585147
0 0.1762784999602291 0.30343435509226263 0.048274962682999245 0.12304265785015547
0 0.14751770062859265 0.2892507577513334 0.046603374681726574 0.11357665258848364
0 0.15310353461172982 0.4138790314288568 0.054597688017181054 0.12965667889684288
0 0.16423993459582142 0.5317945735222315 0.06855110001590833 0.12110072625188942
0 0.16114111191123134 0.6637348182605598 0.05952154535327181 0.15024219468185826
0 0.16799854455764138 0.8134540971997548 0.0751283640197264 0.14958974729857707
0 0.1843855185391877 0.94397678413028 0.0545431440165447 0.11204643173944007
0 0.2195599498727331 0.9433243367469984 0.062392006683635606 0.11335132650600314
0 0.2563514252069149 0.9380298919945528 0.07034995735199914 0.12394021601089449
0 0.29777585654046035 0.9378324709196306 0.05944882001909004 0.12433505816073875
0 0.34307926587368764 0.9397512866905287 0.07193063868554458 0.12049742661894278
0 0.3845036972072331 0.9395083629847705 0.06415450135263549 0.12098327403045914
0 0.42521960387496033 0.9327879261248327 0.07058631468808993 0.13442414775033457
0 0.46421846920755117 0.9395307497882385 0.06108404535327168 0.12093850042352301
0 0.5040985818746421 0.9375433155591366 0.06271927068745349 0.12491336888172669
0 0.5447417632081877 0.9379906365917066 0.05959427068745349 0.12401872681658688
0 0.5799980105426876 0.9319149418392609 0.06440904002227157 0.1361701163214782
0 0.6190605105426875 0.9354417602409949 0.06117495202099903 0.12911647951801014
0 0.6651360792091421 0.940667586535237 0.0625920013526354 0.11866482692952615
0 0.7144911892107328 0.9362642957219866 0.06102950135263541 0.12747140855602695
0 0.7606031205442784 0.9380199996470641 0.05941245735199914 0.12396000070587192
0 0.7990116398790965 0.9320580614717084 0.06261018268618095 0.1358838770565832
0 0.8569877718810055 0.9231265298663838 0.06746131468809011 0.15374694026723254
0 0.9163354998806874 0.929038748261059 0.07512836401972649 0.14192250347788188
0 0.96546334321296 0.937867352179078 0.049982913351362866 0.12426529564184392
0 0.9795269378978684 0.8099045780074444 0.025382902689362653 0.16855257892507752
0 0.9642666592536855 0.6432785201290543 0.05957608935390794 0.15492969468185827
0 0.9469620752705484 0.517967706988992 0.07182155068427179 0.13378273677523325
0 0.9265597632877294 0.3901311333255861 0.06729768268618094 0.14757222099021766
0 0.882918851289002 0.3782079859987743 0.05636018268618095 0.1469351841585147
0 0.8463273706238201 0.3651318623494859 0.057759050684271784 0.13296368942018652
0 0.8079733952896383 0.36915223343852555 0.0549794960216353 0.16246917889684287
0 0.772698966621593 0.37726086505090894 0.06419086401972648 0.14895271046687392
0 0.729630219287093 0.3833519703549332 0.051490869350726595 0.1310371683734992
0 0.6842813566200021 0.38383781776644954 0.06084768801718106 0.1300206999435302
0 0.6499609006206384 0.37714820200966886 0.05792268268618095 0.14702618942018653
0 0.6077097659532293 0.38015980994452897 0.06268290802036276 0.1535492052052021
0 0.5639506752864567 0.3783929126177171 0.05467041335136287 0.13590667889684288
0 0.5349535186187294 0.3845218152767879 0.05000109468490841 0.1371961631118273
0 0.5092268126193658 0.3783327284592024 0.05152723201781732 0.13416216837349912
0 0.4796120379535475 0.37035362848743725 0.05643290802036276 0.1531851841585148
0 0.44900692795195674 0.3802977758848362 0.05149086935072642 0.1310371683734992
0 0.4201188592855022 0.37705167854390703 0.05290791868236298 0.11862817363517104
0 0.3855984086171387 0.3875495627871263 0.057649962682999246 0.12358868942018653
0 0.3487796612826387 0.39400468913783787 0.06255563868554459 0.1426117052052021
0 0.3165120539465479 0.412451581273565 0.05149086935072642 0.1310371683734992
0 0.2869063699475024 0.40369123130179985 0.04825678134945379 0.12148015785015538
0 0.2602711446133206 0.4083941418533784 0.05145450668363551 0.12791216837349922
0 0.22666830394654794 0.4072187787274336 0.05614200668363552 0.1281851841585148
0 0.18691546061427514 0.3970856445548015 0.05465223201781737 0.13434417889684286
0 0.20033197593095772 0.520606444540684 0.06266472668681722 0.1519867052052021
0 0.24240129726291232 0.533219836605824 0.06081132535009015 0.12689569994353037
0 0.27617686059836677 0.5195514497317688 0.05935791335136287 0.13617969468185845
0 0.31297742659932126 0.5146588233810572 0.06266472668681722 0.1519867052052021
0 0.35126776726609404 0.5161072022920175 0.05625109468490823 0.1375601841585148
0 0.38511605593573023 0.4961888154179622 0.05161813868554459 0.1419746683734992
0 0.4226433279360484 0.4960291916980866 0.06261018268618095 0.1472992052052021
0 0.45696378393541204 0.5027188074548674 0.05318063868554468 0.14206567363517095
0 0.4938188939370029 0.4931386811041557 0.05150905068427196 0.1325996683734992
0 0.5336808252705483 0.4938968152767879 0.05447041868236298 0.11871917889684287
0 0.5765404872692758 0.5057744599727638 0.059321550684271786 0.13305469468185843
0 0.6164205999363666 0.504970094145396 0.05941245735199914 0.14086719468185827
0 0.6609245779360483 0.5099074941030436 0.06102950135263541 0.14564569994353035
0 0.7038933279360484 0.5124101387990195 0.05941245735199914 0.14086719468185843
0 0.7460353746021848 0.5187735308641594 0.06568063868554468 0.14279371572854577
0 0.7900126412715028 0.5017904281909711 0.06876927601845359 0.1398507262518894
0 0.8329813912715028 0.504293072886947 0.06102950135263541 0.14564569994353035
0 0.8667115012730935 0.4945309360128918 0.05937609468490805 0.13774219468185844
0 0.9008592346037755 0.5160643017696724 0.05614200668363552 0.1281851841585148
0 0.92821098058564 0.6513416491106017 0.06568063868554433 0.14279371572854577
0 0.8883945025859582 0.6466772649379695 0.06568063868554433 0.14279371572854593
0 0.8493956372533674 0.6389333833961732 0.056396545353271675 0.1500601841585148
0 0.8056183652530491 0.6387289860693615 0.07218517735518085 0.16503273677523325
0 0.7646570105824584 0.6652690992658934 0.06717041335136287 0.13663472099021767
0 0.7193263292489129 0.6641924466774098 0.06255563868554467 0.1426117052052021
0 0.6819990519175947 0.6471645703972854 0.07036813868554467 0.1430667315135615
0 0.6436905299172765 0.6472786914863251 0.06578972668681722 0.15216871572854593
0 0.5993683652530492 0.6267162915286775 0.06722495735199914 0.14132222099021768
0 0.5595791592536855 0.6197081573560453 0.06262836401972649 0.1488617052052021
0 0.5282564339195037 0.6241380521226083 0.056396545353271856 0.1500601841585148
0 0.4921280299172765 0.6384511811041558 0.05625109468490823 0.1375601841585148
0 0.4632945052514583 0.6305175837632266 0.05290791868236298 0.11862817363517095
0 0.4272115545830948 0.640924462744774 0.0625920013526354 0.1457367052052021
0 0.3973876945815039 0.6509141127730089 0.053162457351999134 0.14050317363517095
0 0.3699894005808676 0.6540090206937516 0.05625109468490823 0.1375601841585148
0 0.3373405325827766 0.6380354101986427 0.05000109468490823 0.1371961631118273
0 0.293545079248913 0.639393512871831 0.06740677068745357 0.15694722099021768
0 0.24721497191282218 0.6570213576525115 0.06560791335136287 0.13654371572854593
0 0.20502747191282217 0.6545642155873714 0.06092041335136287 0.13627069994353036
0 0.20952297322568675 0.8057094866340588 0.06749767735518084 0.16475972099021768
0 0.2526371738940504 0.7957121313300346 0.07218517735518085 0.16503273677523325
0 0.30034796789468665 0.7938002918110262 0.06419086401972632 0.14895271046687403
0 0.33870194322886843 0.7897799207219863 0.07838063335454448 0.16070925782192055
0 0.37773717122855033 0.7943988022637826 0.06562609468490824 0.13810621572854576
0 0.4113763745624139 0.7924491653897274 0.06578972668681722 0.15216871572854593
0 0.4475865945655956 0.7711047864081799 0.06440904002227157 0.16770271046687402
0 0.5004570558959593 0.7960739653050228 0.07996131468808994 0.1623627630835925
0 0.5374394352323683 0.7755563389543113 0.06762494668999892 0.17569722099021767
0 0.5766564765675046 0.7645502204961074 0.06913290268936265 0.1711007262518894
0 0.6156098885662319 0.7762003520379037 0.06411813868554468 0.14270271046687383
0 0.6544178498965957 0.8003504835797 0.05973972135581711 0.1689921946818586
0 0.6874757978994592 0.7811678440748088 0.06600790268936266 0.17091871572854594
0 0.7327155725652774 0.7900569966632924 0.06740677068745349 0.15694722099021768
0 0.7702882978994591 0.7859911229434167 0.07054995202099903 0.15869173151356133
0 0.82501216056655 0.7860513071019315 0.07054995202099903 0.15869173151356133
0 0.8773831825668683 0.7867562333679384 0.06757040268936265 0.17100972099021766
0 0.9118127265675046 0.7840708491247191 0.07367495202099902 0.158873742036905
0 0.9507570478994591 0.7965022306665153 0.06582608935390795 0.15529371572854594