0 0.08125 0.27578125 0.0453125 0.146875
0 0.125 0.2546875 0.0453125 0.13671875
0 0.165625 0.25078125 0.04375 0.12578125
0 0.203125 0.24765625 0.03671875 0.1171875
0 0.23203125 0.25234375 0.034375 0.1359375
0 0.26640625 0.25859375 0.03359375 0.12734375
0 0.303125 0.24375 0.03671875 0.14375
0 0.3375 0.24609375 0.03203125 0.1296875
0 0.37421875 0.23515625 0.04453125 0.12578125
0 0.4046875 0.2453125 0.034375 0.12734375
0 0.43671875 0.25859375 0.03359375 0.10859375
0 0.46640625 0.24609375 0.0359375 0.1265625
0 0.5015625 0.23671875 0.0390625 0.13125
0 0.53671875 0.2421875 0.0421875 0.12265625
0 0.571875 0.25234375 0.03671875 0.10859375
0 0.60390625 0.23984375 0.03828125 0.15
0 0.63125 0.23984375 0.03046875 0.13125
0 0.6609375 0.24921875 0.02734375 0.134375
0 0.68984375 0.25859375 0.03515625 0.12578125
0 0.71953125 0.2640625 0.03515625 0.1140625
0 0.7546875 0.271875 0.0421875 0.1046875
0 0.7859375 0.271875 0.03359375 0.11015625
0 0.81171875 0.25703125 0.03203125 0.1015625
0 0.81796875 0.37421875 0.03828125 0.11640625
0 0.8171875 0.4859375 0.05234375 0.10703125
0 0.83125 0.609375 0.040625 0.1359375
0 0.83828125 0.75078125 0.05625 0.13359375
0 0.8359375 0.88515625 0.03671875 0.12421875
0 0.80234375 0.89140625 0.04296875 0.1328125
0 0.76640625 0.88515625 0.05078125 0.13671875
0 0.72734375 0.8890625 0.0390625 0.14453125
0 0.6875 0.90234375 0.05078125 0.15703125
0 0.64765625 0.9 0.04375 0.1484375
0 0.609375 0.903125 0.04921875 0.17578125
0 0.571875 0.90625 0.0421875 0.15546875
0 0.534375 0.90625 0.04375 0.1578125
0 0.49609375 0.9046875 0.0390625 0.153125
0 0.46328125 0.90078125 0.04453125 0.16171875
0 0.425 0.8984375 0.04140625 0.14375
0 0.38359375 0.90703125 0.04375 0.1328125
0 0.334375 0.89765625 0.04296875 0.13046875
0 0.29140625 0.9 0.0421875 0.1265625
0 0.25390625 0.89453125 0.04296875 0.13125
0 0.19921875 0.88671875 0.04765625 0.14453125
0 0.14375 0.8953125 0.05625 0.13359375
0 0.09453125 0.92421875 0.04140625 0.1515625
0 0.04765625 0.9234375 0.0453125 0.153125
0 0.05 0.7859375 0.05234375 0.15390625
0 0.06796875 0.62578125 0.0484375 0.13828125
0 0.078125 0.5078125 0.05390625 0.11875
0 0.0859375 0.38671875 0.0484375 0.13125
0 0.1265625 0.3734375 0.0390625 0.13203125
0 0.16015625 0.359375 0.04140625 0.11875
0 0.19609375 0.36171875 0.0359375 0.14765625
0 0.23046875 0.36796875 0.04609375 0.13359375
0 0.27109375 0.37109375 0.0359375 0.11640625
0 0.3140625 0.36953125 0.04375 0.11484375
0 0.346875 0.3625 0.03984375 0.1328125
0 0.3859375 0.3625 0.0421875 0.13671875
0 0.42734375 0.359375 0.03671875 0.12265625
0 0.45546875 0.36328125 0.0328125 0.12265625
0 0.47890625 0.35703125 0.0359375 0.12109375
0 0.50625 0.3484375 0.0375 0.1375
0 0.53515625 0.35625 0.0359375 0.1171875
0 0.56328125 0.3515625 0.0375 0.10625
0 0.59609375 0.36015625 0.04140625 0.109375
0 0.63203125 0.36484375 0.04296875 0.12578125
0 0.6640625 0.38046875 0.03671875 0.1171875
0 0.690625 0.37109375 0.0328125 0.10859375
0 0.71640625 0.37421875 0.0359375 0.1140625
0 0.7484375 0.371875 0.03984375 0.115625
0 0.78515625 0.36015625 0.0375 0.12109375
0 0.7828125 0.4765625 0.0453125 0.13671875
0 0.74453125 0.48984375 0.04453125 0.1125
0 0.7109375 0.47890625 0.04140625 0.121875
0 0.67578125 0.4765625 0.04453125 0.1359375
0 0.63984375 0.47890625 0.0375 0.1234375
0 0.60625 0.4625 0.034375 0.128125
0 0.57109375 0.4640625 0.04375 0.13125
0 0.5390625 0.47109375 0.034375 0.128125
0 0.503125 0.4640625 0.03515625 0.11953125
0 0.465625 0.46640625 0.03984375 0.1046875
0 0.4265625 0.4796875 0.04296875 0.11796875
0 0.3890625 0.48046875 0.04140625 0.1265625
0 0.346875 0.4875 0.04296875 0.12890625
0 0.30703125 0.49140625 0.04140625 0.12578125
0 0.2671875 0.49921875 0.04609375 0.1265625
0 0.22421875 0.4859375 0.04921875 0.1234375
0 0.184375 0.48984375 0.04296875 0.12890625
0 0.15234375 0.48125 0.040625 0.1234375
0 0.121875 0.50390625 0.03984375 0.11484375
0 0.1078125 0.63203125 0.046875 0.12734375
0 0.14453125 0.625 0.04765625 0.12578125
0 0.18046875 0.61640625 0.03828125 0.13515625
0 0.221875 0.6140625 0.0515625 0.146875
0 0.26328125 0.6375 0.05078125 0.12109375
0 0.30546875 0.63359375 0.04453125 0.12578125
0 0.33984375 0.6171875 0.0515625 0.1265625
0 0.37578125 0.61484375 0.04609375 0.1359375
0 0.415625 0.59453125 0.0484375 0.125
0 0.45234375 0.58515625 0.04375 0.1328125
0 0.4828125 0.58828125 0.0390625 0.13671875
0 0.51796875 0.6 0.03828125 0.12421875
0 0.54453125 0.59140625 0.0390625 0.10546875
0 0.57890625 0.59921875 0.04453125 0.13046875
0 0.6078125 0.6078125 0.034375 0.1265625
0 0.634375 0.609375 0.0390625 0.12421875
0 0.6640625 0.59296875 0.0328125 0.1234375
0 0.7046875 0.5921875 0.04765625 0.13984375
0 0.75 0.60703125 0.0484375 0.12109375
0 0.78984375 0.603125 0.0453125 0.1203125
0 0.7984375 0.74453125 0.046875 0.146875
0 0.75703125 0.7375 0.0515625 0.146875
0 0.7125 0.73828125 0.04609375 0.13203125
0 0.67578125 0.73515625 0.05703125 0.14140625
0 0.63984375 0.74140625 0.04765625 0.121875
0 0.60703125 0.740625 0.046875 0.134375
0 0.57109375 0.721875 0.04453125 0.14921875
0 0.52421875 0.7484375 0.059375 0.14296875
0 0.4875 0.73046875 0.0453125 0.15703125
0 0.4484375 0.721875 0.04609375 0.15234375
0 0.41328125 0.73515625 0.04609375 0.128125
0 0.37890625 0.759375 0.0390625 0.15390625
0 0.346875 0.74296875 0.04453125 0.153125
0 0.30390625 0.753125 0.04765625 0.13984375
0 0.26796875 0.7515625 0.05078125 0.1421875
0 0.21640625 0.753125 0.05 0.140625
0 0.16796875 0.75625 0.0453125 0.15390625
0 0.13515625 0.75546875 0.05234375 0.140625
0 0.0984375 0.76875 0.04609375 0.13828125