0 0.9956956661281599 0.24343728162536316 0.008608667743680343 0.16413522287263688
0 0.9720217767854862 0.2177923870115574 0.05595644642902755 0.1534704336450255
0 0.9339249775829168 0.21022078152716722 0.06112195079743081 0.14252384328594586
0 0.8916283748093751 0.20577872122231694 0.05305487765916652 0.13154089149054773
0 0.859651676196146 0.2083088235834491 0.05196515634451408 0.15184430113146813
0 0.8214613451740973 0.21243778738089975 0.050184450797430814 0.14246021077238852
0 0.7819624340799307 0.1939150463578902 0.05534472948277784 0.16279998184962738
0 0.7436630002843405 0.1933565101553408 0.04713218597979178 0.14556703005422927
0 0.7034737581681252 0.17874456431187108 0.06112195079743064 0.14252384328594586
0 0.6693169637152085 0.18831955221162267 0.050184450797430634 0.14246021077238855
0 0.6328891544446529 0.20103317564999368 0.04814917211208343 0.12213862041330889
0 0.6012754785328474 0.18558998283158604 0.051783318388611124 0.14403180113146813
0 0.5634663540078126 0.17252690144949684 0.056579921162152755 0.148746572208707
0 0.5244765891901737 0.17587916042648727 0.059450348023889 0.13782725292686626
0 0.4848328609416669 0.18470471458301757 0.051274172112083606 0.12215680113146817
0 0.45007600123427094 0.16849845248276912 0.057052699847500145 0.169059072208707
0 0.41953451605190983 0.1655507144848217 0.04716855357097245 0.1471295300542293
0 0.38614078780340294 0.17433990720503348 0.04567878875333342 0.15024543969514967
0 0.3543277433504863 0.18390125956616563 0.05014808320625015 0.1408977107723885
0 0.3208067285328474 0.1872217022863774 0.05145601006798621 0.12996930113146815
0 0.28265276510197934 0.19291316608382805 0.05745143692972228 0.11906816256778666
0 0.2474419637152085 0.19077394916311946 0.048185539703264 0.12370112041330894
0 0.2188987364166321 0.17296882562655255 0.04484233415618064 0.11430793969514967
0 0.20705531268902805 0.3019614340378089 0.054617377659166785 0.13154998184962743
0 0.20131641859670174 0.4246676810127468 0.06846167211208343 0.12225679508134402
0 0.17946221523381994 0.5599693767580207 0.05825152393569457 0.15344316256778648
0 0.16509385676069505 0.7147614158874364 0.075402656344514 0.15198065651766246
0 0.1607544617184382 0.8640256176828345 0.05327308320625015 0.14091589149054756
0 0.1976732334699313 0.8724057442444634 0.05974128875333342 0.15032725292686636
0 0.23664481449197988 0.868272235267473 0.07078789152687515 0.1550783854404237
0 0.280594836243473 0.8766114552132436 0.058469729482777934 0.16281816256778683
0 0.3231823797464591 0.893553515518094 0.07285953780340293 0.17696247579950325
0 0.36771362974645905 0.8932944402843248 0.06326633225631957 0.1675329336450254
0 0.4099738649288202 0.8961740005891752 0.07006184612402784 0.19100679508134383
0 0.4500358204759035 0.9053171964326449 0.06344817021222227 0.1753454336450254
0 0.49151480565826466 0.9082013019170351 0.06352090539458341 0.1784704336450254
0 0.5345017394538549 0.9087325670423457 0.05868793502986129 0.17219316256778683
0 0.571165938067084 0.9061751936039745 0.06671864057694457 0.18161361436318443
0 0.6133898056582646 0.9074922539088248 0.06159472948277802 0.16283634328594587
0 0.6589932463877091 0.9197286334955159 0.06130378875333342 0.15033634328594586
0 0.712754026022987 0.9131650161072692 0.05966855357097245 0.14720225292686634
0 0.7605557463877091 0.9191377601553409 0.059595818388611124 0.14407725292686635
0 0.8018710774097577 0.914990615639731 0.05966855357097245 0.14720225292686634
0 0.8634989084318064 0.910725296456086 0.06784472948277767 0.1628727047222643
0 0.9231102977744801 0.9205361128110606 0.07532992116215312 0.14885565651766228
0 0.9734194222995146 0.9335264713205127 0.04971167211208325 0.12214771077238851
0 0.9932285488213196 0.6302060286003011 0.01354290235736073 0.15326135538619426
0 0.990247712765278 0.49817477860030107 0.01950457446944398 0.1329852168225127
0 0.9901736711621529 0.36457193824122147 0.01965265767569413 0.1470295361043535
0 0.9691929431979865 0.34909692916603513 0.056579921162153116 0.14874657220870705
0 0.93361846589941 0.3313327122453265 0.05781511284152785 0.13469316256778666
0 0.8937565321038197 0.33078326640185673 0.05381859707395833 0.16435339149054773
0 0.8555843848773614 0.3356934801993074 0.06286628875333342 0.15034543364502548
0 0.8102900686729516 0.33673835061261637 0.05305487765916652 0.13154089149054773
0 0.7625065321038197 0.33154685656454463 0.06083101006798621 0.13002384328594588
0 0.7271138927611461 0.321595139643836 0.056616288753333424 0.15030907220870704
0 0.683291157578785 0.31872466969806534 0.06137652393569457 0.15346134328594588
0 0.6386144372140627 0.3127337449318344 0.053200348023888996 0.13779089149054774
0 0.6081820548052433 0.314473506933887 0.048512848023889 0.13776362041330897
0 0.5822189668493405 0.3068109978587007 0.053200348023888996 0.13779089149054774
0 0.551459276119896 0.2944882598607532 0.05519925911805572 0.15654998184962743
0 0.5188104302802086 0.30171040740142524 0.05309124525034736 0.13310339149054773
0 0.48895927611989604 0.29485187422393794 0.051237804520902944 0.12059430113146812
0 0.4524041802802087 0.30209674766230893 0.05756053970326391 0.12375566256778665
0 0.41259679787138914 0.30389105181883924 0.059559450797430635 0.14251475292686616
0 0.3770229737831947 0.3197251300776704 0.05309124525034736 0.13310339149054773
0 0.34780759925815996 0.3066120517206433 0.04655030452090294 0.12056703005422928
0 0.3189377168493405 0.30834272336361623 0.05298214247680564 0.12841589149054772
0 0.28443543028020857 0.30307396126336783 0.056179877659166697 0.13155907220870705
0 0.2442461881639933 0.2884620154198981 0.053200348023888996 0.13779089149054774
0 0.24021526443638924 0.41740917203575634 0.06450152393569457 0.15347952400410508
0 0.28202155793937533 0.43435577752014654 0.06235714247680564 0.1284704336450254
0 0.319303352392292 0.4247626089022357 0.059450348023889 0.13782725292686618
0 0.35834766859670175 0.42375409992524526 0.06450152393569457 0.15347952400410508
0 0.39833688896142394 0.429772295768715 0.05327308320625015 0.14091589149054773
0 0.4354732130496184 0.4139291271508042 0.050184450797430634 0.14246021077238852
0 0.4746266320275698 0.4176081181738137 0.06123105357097245 0.14721134328594587
0 0.5100192713702434 0.42755983509452233 0.050184450797430814 0.14246021077238852
0 0.5497539185967018 0.42264053093799203 0.05156511284152785 0.13465680113146822
0 0.5905062051658337 0.42787293160192197 0.05432643692972228 0.11904998184962742
0 0.6330937486688197 0.44481499190677243 0.05937761284152785 0.13470225292686636
0 0.6745909176467713 0.4484803473911625 0.059595818388611124 0.14407725292686618
0 0.7209574245806254 0.45993093179831374 0.05966855357097245 0.14720225292686617
0 0.7640898287409379 0.4667121969236243 0.059559450797430635 0.14251475292686636
0 0.8073131518792017 0.4773997120489348 0.06428331838861112 0.1441045240041051
0 0.8562773287409378 0.4661758657379268 0.0673355832062498 0.1409977047222643
0 0.8994279166968407 0.4737383808632373 0.05966855357097245 0.14720225292686634
0 0.9359830125365282 0.4664935074248663 0.05792421561506948 0.13938066256778664
0 0.969431945382188 0.4936463598841943 0.056143510067986215 0.12999657220870695
0 0.9726527103904516 0.6365878388069555 0.054694579219096796 0.1441045240041051
0 0.9373305730413547 0.6251008929634857 0.06580945079743081 0.1425511143631848
0 0.8979953161075006 0.6136094019404762 0.056689023935694395 0.15343407220870695
0 0.8525555295383687 0.6084042723537851 0.071042464665139 0.16601588544042353
0 0.8054266096104866 0.6313377783057135 0.06882534802388918 0.13788179508134385
0 0.7583697716545839 0.623797989078102 0.06268445079743064 0.1425329336450254
0 0.7219413091736463 0.6029133173369331 0.06897081838861112 0.14413179508134383
0 0.6827697064001047 0.5984530763139235 0.06450152393569457 0.15347952400410508
0 0.6399821411456255 0.5729172660090732 0.06577308320625015 0.1409886143631848
0 0.5998292666205908 0.5598678201656035 0.06130378875333342 0.15033634328594586
0 0.5654906342117714 0.5616303080653552 0.05825152393569457 0.15344316256778648
0 0.5258650897588547 0.5712371122218853 0.05483558320625015 0.14092498184962743
0 0.49670426662059075 0.5604677838648583 0.05432643692972228 0.11904998184962742
0 0.45855030318972273 0.566159247662309 0.06279355357097245 0.1472204336450254
0 0.42668270735003516 0.5733768500234412 0.050184450797430814 0.14246021077238852
0 0.3969952073500352 0.5735495668459538 0.05639808320625015 0.14093407220870696
0 0.36605367866468796 0.5534143288480063 0.04854921561506957 0.139326120413309
0 0.32065025968673655 0.5497716992613153 0.0677356267092362 0.15818520472226433
0 0.26937870041618106 0.5625716811109427 0.065700348023889 0.13786361436318478
0 0.22546504625586855 0.555794961165172 0.062575348023889 0.13784543364502538
0 0.20877112157833394 0.711381885833207 0.06635496466513899 0.1659886143631848
0 0.2555370188047923 0.7064216750608185 0.071042464665139 0.16601588544042373
0 0.3032841877827437 0.7100506691088901 0.06286628875333342 0.1503454336450254
0 0.34545350398715335 0.7090239794137405 0.07718336189159736 0.16136474687674215
0 0.38475239332982697 0.71895297043675 0.065700348023889 0.13786361436318478
0 0.4207262609210075 0.7203063921779188 0.06602765634451409 0.1519261143631848
0 0.4617324674180214 0.702877997662309 0.06486519984750014 0.16910452400410508
0 0.5116967530372228 0.734622901351301 0.08034472948277802 0.16294542759490122
0 0.5527211433298269 0.717975756835691 0.0666459053945836 0.1784886143631848
0 0.5963256729651047 0.7114712267814618 0.0649379350298613 0.1722295240041051
0 0.6349887826725006 0.7276547629840111 0.06272081838861113 0.1440954336450254
0 0.6708178331093408 0.7563564799047198 0.06028680262104178 0.17376475292686636
0 0.7079723409931257 0.7412945612868089 0.0649379350298613 0.17222952400410527
0 0.7544115831093409 0.7558701456939602 0.0677356267092362 0.15818520472226433
0 0.7942553331093409 0.7556383415374299 0.0708969943004167 0.15976588544042353
0 0.8506689872696533 0.7623423386105637 0.07089699430041704 0.15976588544042372
0 0.9047207076343756 0.7682787212223169 0.0649379350298613 0.1722295240041051
0 0.9407127590211465 0.7704133929634857 0.07245949430041669 0.15977497579950323
0 0.9739349945847572 0.7866105647046545 0.05213001083048567 0.15656816256778647