0 0.7809888267168017 0.10167754938295229 0.17075345574818712 0.07753516842151909
0 0.7934310146823085 0.1531536909716959 0.15974318114108127 0.07590903590796176
0 0.7882319383797916 0.19770312168985513 0.14709763192686937 0.07271131303532483
0 0.7816522985950393 0.238355392767094 0.13572348428423417 0.06327268052176756
0 0.770040556452922 0.26966448010111155 0.15759848428423434 0.0633999455488821
0 0.7559031277930401 0.3048934529737485 0.14815070967712848 0.06178290339440444
0 0.7617143260976291 0.34781675117835037 0.16562930810555193 0.06813289734428025
0 0.7513739855270887 0.38536674815328825 0.14800516046291676 0.058657903394404444
0 0.7540965711352305 0.4275269770760494 0.14709763192686937 0.07271131303532474
0 0.7355263536002191 0.45731447102592526 0.14815070967712848 0.06178290339440444
0 0.7137219741545491 0.4894638956939602 0.12613016046291675 0.05853063836728971
0 0.7198970454946674 0.5245746938985623 0.14666098428423419 0.06333631303532491
0 0.7212026803170208 0.5636190131804029 0.15163958271265782 0.06961358411256366
0 0.7069924770500332 0.6004104860530399 0.14382708271265762 0.06956813231716552
0 0.6873499110865985 0.6364525251824554 0.12627570967712848 0.06165563836728971
0 0.6934158205160579 0.6739070733870574 0.17202485731976366 0.0712942587805987
0 0.6873456029810466 0.7036218444642962 0.14964043507002261 0.060229493753484145
0 0.6695202481424823 0.7341860432346323 0.15254711124870504 0.05556017447164337
0 0.652548917911024 0.7631831968254283 0.1450257096771285 0.06176472267624522
0 0.6393382884653539 0.7952826245185255 0.13245293507002245 0.060129499803608155
0 0.6228571098054723 0.8305252329297819 0.1249315334984459 0.06633404800821019
0 0.6149696811455904 0.8657178443661003 0.12925516046291677 0.05854881908544911
0 0.6244880763070262 0.8961229618525429 0.11973461124870503 0.05536927693097127
0 0.4970908223780848 0.8812433712970718 0.13579625889134023 0.06483518052176755
0 0.3777971668775667 0.8600683289462022 0.12849318114108116 0.07572722872636958
0 0.24225992721664893 0.852265440186129 0.15952485731976357 0.0712215359079618
0 0.08926335980547215 0.8336295905554714 0.160325377997928 0.08840903590796181
0 0.008441622830641506 0.8076579638956465 0.016883245661283013 0.05968407220870695
0 0.012476305419464725 0.7717022831774873 0.02495261083892945 0.06597043364502539
0 0.02130764991894673 0.7333755813820891 0.04261529983789346 0.07699883723582168
0 0.02526955790066409 0.6911699006639299 0.05053911580132818 0.06453519867214012
0 0.026397564310804877 0.6482011506639299 0.05279512862160975 0.07547269867214013
0 0.030432246899628097 0.6044329699457707 0.060864493799256195 0.06613406010845857
0 0.041680116006215955 0.5621863826117532 0.08336023201243191 0.07562723477649361
0 0.03861077398793332 0.5208028585094523 0.07722154797586664 0.06464428298109545
0 0.04268184388030946 0.48094092779129305 0.08536368776061892 0.0662431444174139
0 0.04790659512090915 0.43950740671405414 0.0958131902418183 0.06316359621281205
0 0.05659239040617944 0.40506877420049675 0.11318478081235887 0.06946813836728971
0 0.05712964164677912 0.3636443434823376 0.11425928329355824 0.06629768657189175
0 0.05710175475751095 0.3167693434823376 0.10298375889134015 0.06464428298109555
0 0.07360220409555716 0.26434378025062105 0.11235875889134014 0.0646988251355733
0 0.08199905500517997 0.21821366881430254 0.10759848428423431 0.06310905405833438
0 0.09482869478993225 0.17752503630074523 0.11548375889134017 0.06471700585373244
0 0.11549010525284897 0.11960799717132961 0.1331079065339753 0.07419199980360824
0 0.12227095223353035 0.05786652127363058 0.12082623035529286 0.07880677693097134
0 0.1226733666253885 0.016178991023009556 0.092153266749223 0.03235798204601911
0 0.2394434896609178 0.00815286758463854 0.1773630206781644 0.01630573516927708
0 0.407846733250777 0.03185346711710033 0.1624315334984459 0.06370693423420067
0 0.5332084522335304 0.05547575683569113 0.14284677956950453 0.08205904195808597
0 0.6606228227878603 0.08675705221162265 0.15512845574818712 0.0774442648307229
0 0.6654708345746846 0.1335911455957644 0.15163958271265762 0.06961358411256366
0 0.6722452193970382 0.1726036486208265 0.14062930810555194 0.06798745159900639
0 0.6618684915229446 0.2109348955957644 0.17031680810555194 0.06816016842151909
0 0.6469498128630627 0.24616841364794112 0.1566181811410811 0.0758908551898025
0 0.6331933738640988 0.2899865913410383 0.13572348428423417 0.06327268052176756
0 0.6239788856509231 0.33690249795689653 0.13445208271265763 0.06951359016268785
0 0.6238675696874884 0.3728309075978169 0.15476458271265764 0.06963176483072289
0 0.6140537679920772 0.41584510939321506 0.15959763192686935 0.07278403590796181
0 0.6072921916895604 0.46040363047045385 0.1420462588913402 0.064871541958086
0 0.5972793368509961 0.4909223774453918 0.14182793507002261 0.060184041958086
0 0.5976410558337495 0.5166945370863122 0.14041098428423435 0.06329995159900648
0 0.6008366763880794 0.5486985160090733 0.1577440334984459 0.06652494554888229
0 0.5853550715495152 0.5792490792407898 0.13572348428423417 0.06327268052176756
0 0.583154716710951 0.6097223744203296 0.12307793507002263 0.060074957649130664
0 0.5667463126581751 0.6434024828315861 0.1280565334984459 0.06635222872636941
0 0.5532809720876344 0.6809706605246832 0.14702485731976367 0.07114881303532491
0 0.5275703426419645 0.7131428110904172 0.13572348428423417 0.06327268052176756
0 0.5315836004998472 0.7443609948336386 0.12605738585581072 0.056968138367289714
0 0.5225339321790476 0.7709689466290367 0.13252570967712848 0.06169199980360816
0 0.5169902535191658 0.8061479225267357 0.1358690334984459 0.06639768052176756
0 0.5205304764308607 0.847522356269957 0.1404837588913402 0.06486245159900647
0 0.39587723284100146 0.8240353801758662 0.15974318114108108 0.0759090359079618
0 0.39170130914351836 0.7795404916121849 0.1328895827126578 0.06950449980360815
0 0.41123471319629434 0.7458422024827691 0.14375430810555195 0.06800563231716553
0 0.42235630376683486 0.7082876603282914 0.15974318114108108 0.0759090359079618
0 0.4281183062480342 0.6684211844305924 0.14360875889134023 0.06488063231716552
0 0.4546101856937043 0.6362444886853185 0.14815070967712848 0.06178290339440444
0 0.4610806635677978 0.5979359676080798 0.1534204065339754 0.07431017447164337
0 0.4620096168347855 0.5612217627876195 0.14815070967712848 0.06178290339440444
0 0.4770010701017732 0.5244257447354427 0.1387757096771285 0.0617283612399266
0 0.4836170971900783 0.4829922236582038 0.12478598428423418 0.06320904800821019
0 0.4794411734925953 0.4384973350945224 0.13913958271265764 0.0695408612399266
0 0.4868384505809004 0.3970592688377437 0.14858735731976366 0.07115790339440445
0 0.4905478014905233 0.35095642847866404 0.15171235731976368 0.07117608411256367
0 0.4949656277930403 0.3064115429400446 0.14702485731976367 0.07114881303532483
0 0.49625845409555713 0.26188483811958446 0.1487329065339754 0.07428290339440444
0 0.5216972557909683 0.21877973273339016 0.14575345574818713 0.07738972267624522
0 0.5261150820934851 0.17423484719477073 0.15014985731976366 0.07116699375348405
0 0.5433047361462611 0.14055019360397455 0.14375430810555195 0.06800563231716561
0 0.5270825767168017 0.10315473273339015 0.1342337588913402 0.06482609016268785
0 0.39218319189444817 0.06488763915285671 0.15029540653397522 0.07429199375348405
0 0.39107230210969585 0.10550809397331691 0.14887845574818703 0.07740790339440444
0 0.39226877502139057 0.14689616325515767 0.15625430810555194 0.06807835518980254
0 0.38394469871887366 0.19146377469147616 0.17424232878371626 0.0853658491396783
0 0.3484588089341214 0.23228421741168792 0.1442637303552928 0.07894313231716561
0 0.3431505707209457 0.27917739812984715 0.14717040653397523 0.07427381303532483
0 0.3522323182397463 0.3189575156162898 0.15058650496239875 0.08054199375348406
0 0.3457254530620999 0.35804728669352864 0.15974318114108116 0.0759090359079618
0 0.35838596484892415 0.40483592828227233 0.14887845574818703 0.07740790339440444
0 0.35958243776061893 0.4462239975641131 0.15654540653397522 0.07432835518980259
0 0.34946042101139596 0.479086494539051 0.1578895827126577 0.06964994554888211
0 0.32751049235151414 0.514360919207086 0.1436815334984461 0.06644313231716552
0 0.33152375020939695 0.5455791029503073 0.12471320967712848 0.06164654800821019
0 0.3134800715495152 0.5808308017206434 0.15342040653397532 0.07431017447164337
0 0.297998466710951 0.61138136495236 0.1465882096771285 0.06177381303532492
0 0.2896572737830455 0.6395472715682182 0.14687930810555186 0.06802381303532493
0 0.3013374824267167 0.6738450035160414 0.14339043507002264 0.06019313231716552
0 0.2914509061241997 0.7184217053114395 0.16308650496239868 0.08061471662612103
0 0.26508530521457696 0.7646563558771736 0.14411818114108116 0.07581813231716569
0 0.2591413662156129 0.8084290817748727 0.14084763192686944 0.07267495159900647
0 0.10525438689377738 0.7921415273237548 0.1724615049623987 0.08066925878059869
0 0.1229170758927414 0.7483006237329586 0.17260705417661043 0.0837942587805987
0 0.13373045140947 0.7005943767580207 0.15505568114108118 0.07588176483072288
0 0.1449612038906694 0.6606960846035429 0.16821065260503384 0.09001698770335978
0 0.14685334367542166 0.620071084603543 0.14568068114108118 0.07582722267624523
0 0.15548563503175056 0.5856551779876847 0.15669095574818698 0.07745335518980259
0 0.18446681369163234 0.5503398467037914 0.17395123035529286 0.07911584913967822
0 0.16755544954744322 0.49420347619228666 0.16991870181924557 0.09315107806243947
0 0.19582815281443083 0.4573301900879331 0.18183650496239873 0.08072380093507654
0 0.2140901552956302 0.41739099131759716 0.1770762303552929 0.07913402985783762
0 0.20816979508038252 0.37681144311299525 0.1502954065339753 0.07429199375348405
0 0.19134832216868772 0.3355142774219506 0.17678513192686945 0.07288402985783762
0 0.21553283891791075 0.3025699672152962 0.17863873035529282 0.07914312021691713
0 0.21537232713108648 0.2557086027539156 0.16301373035529282 0.07905221662612102
0 0.2265666923087329 0.2165915605994379 0.1679195541766104 0.08376698770335986
0 0.23621782816454379 0.16030065398357962 0.1663570541766104 0.08375789734428025
0 0.2449421648061429 0.10713929254726115 0.1786387303552929 0.07914312021691719
0 0.2536108434660247 0.07194213593140289 0.16635705417661048 0.08375789734428025
0 0.24761770864367114 0.03387957543016083 0.16101458271265773 0.06775915086032167