0 0.29234870190676576 0.0625 0.1519097295815799 0.0546875
0 0.2673834182415018 0.10625 0.14097222958157998 0.0546875
0 0.25893351198089953 0.146875 0.12987103847458742 0.05
0 0.25371773312495904 0.184375 0.12184028366526398 0.04375
0 0.2557787409295073 0.21484375 0.14053571996293313 0.0421875
0 0.2585118713293939 0.2484375 0.13110615626060226 0.040625
0 0.2408233743246188 0.28515625 0.14845734736759483 0.0453125
0 0.23959569102217454 0.3203125 0.1341765925582714 0.0390625
0 0.22505947586856484 0.35625 0.1314335384745874 0.05
0 0.23253466997078234 0.38828125 0.13110615626060226 0.040625
0 0.24388883222183436 0.42109375 0.11235615626060227 0.040625
0 0.2288169037287135 0.45 0.13116071996293313 0.0421875
0 0.21667900227743467 0.484375 0.1360119110699257 0.046875
0 0.218549037123825 0.5203125 0.1283085384745874 0.05
0 0.2258878219702153 0.55625 0.11246528366526398 0.04375
0 0.21070676607243274 0.58828125 0.1547619110699257 0.046875
0 0.2074081512816428 0.615625 0.13568452885594057 0.0375
0 0.2149106272350257 0.646875 0.1387549651536097 0.0359375
0 0.22171369874190483 0.67578125 0.13110615626060226 0.040625
0 0.22452867469528776 0.70703125 0.11866071996293312 0.0421875
0 0.22955099139284346 0.7421875 0.10955853847458741 0.05
0 0.2268699354950609 0.77421875 0.11548115626060226 0.040625
0 0.20880941625776725 0.79921875 0.10599702885594056 0.0375
0 0.3271229066391204 0.81171875 0.12189484736759484 0.0453125
0 0.4394319336809624 0.8171875 0.11301092068857255 0.059375
0 0.5629140736994959 0.83828125 0.14075397477225665 0.0484375
0 0.7038565322296836 0.8515625 0.13968254809323427 0.0625
0 0.840411591122691 0.85625 0.12809028366526398 0.04375
0 0.8485886788716389 0.8234375 0.13768353847458742 0.05
0 0.845183425876414 0.78671875 0.14269842068857272 0.059375
0 0.8535787684346854 0.74765625 0.15012897477225665 0.0484375
0 0.8705678609929569 0.70859375 0.16457342068857236 0.059375
0 0.8712325491047246 0.6671875 0.1534176658792493 0.053125
0 0.8780381098118305 0.62890625 0.1833234206885727 0.059375
0 0.8840351386677711 0.59140625 0.1595585384745874 0.05
0 0.8877156993748769 0.553125 0.16273810217691817 0.0515625
0 0.8898610419331483 0.5140625 0.15794147477225665 0.0484375
0 0.8886631296820966 0.48125 0.16591766587924894 0.053125
0 0.8899999403892023 0.44296875 0.1486210384745874 0.05
0 0.90160212850097 0.4015625 0.13768353847458742 0.05
0 0.8970981669755573 0.3515625 0.1345585384745874 0.05
0 0.9033134506408214 0.3078125 0.1314335384745874 0.05
0 0.900716729496762 0.2703125 0.1345585384745874 0.05
0 0.8979662409295074 0.21484375 0.1503472295815797 0.0546875
0 0.9108680342134182 0.15859375 0.13968254809323427 0.0625
0 0.9313095089856747 0.11015625 0.13137897477225663 0.0484375
0 0.9337276700556003 0.06328125 0.12992560217691818 0.0515625
0 0.8088913611625929 0.05859375 0.1615029843909035 0.0609375
0 0.6460639789486077 0.06796875 0.1457688569862416 0.0578125
0 0.5263963196927806 0.071875 0.12556548439090348 0.0609375
0 0.40365822413928437 0.07421875 0.13790179328391083 0.05625
0 0.38742309972984745 0.1140625 0.1360119110699257 0.046875
0 0.3690897619808996 0.146875 0.12351191106992569 0.046875
0 0.3685887649761244 0.18359375 0.15309028366526398 0.04375
0 0.37207586352484556 0.21796875 0.13779266587924913 0.053125
0 0.37216514356191255 0.26015625 0.12184028366526398 0.04375
0 0.3667856735989794 0.30234375 0.1189335384745874 0.05
0 0.35626483585003144 0.33515625 0.13757441106992568 0.046875
0 0.3532836795894292 0.37578125 0.14086310217691828 0.0515625
0 0.34558774147766147 0.4171875 0.12809028366526398 0.04375
0 0.3477305948357061 0.4453125 0.1279265925582714 0.0390625
0 0.3399081711519087 0.46796875 0.12496528366526398 0.04375
0 0.3279885245099533 0.49609375 0.14220734736759483 0.0453125
0 0.33398306416566703 0.52578125 0.12184028366526398 0.04375
0 0.32599694937487705 0.553125 0.10934028366526398 0.04375
0 0.3318550797747636 0.58671875 0.11262897477225646 0.0484375
0 0.33369783276998854 0.6234375 0.1314335384745874 0.05
0 0.3465872131698752 0.65703125 0.12184028366526398 0.04375
0 0.33553066208141596 0.6828125 0.11230159255827132 0.0390625
0 0.3354116109929569 0.70859375 0.11871528366526399 0.04375
0 0.3311407732440089 0.74140625 0.1188244110699257 0.046875
0 0.3150420580903992 0.77734375 0.12501984736759475 0.0453125
0 0.4328471169834067 0.78203125 0.14097222958158007 0.0546875
0 0.4505901776905127 0.74375 0.11586310217691817 0.0515625
0 0.44166161099295687 0.70859375 0.12669147477225645 0.0484375
0 0.4421080442954011 0.6734375 0.14091766587924912 0.053125
0 0.4480777913001762 0.63671875 0.12809028366526398 0.04375
0 0.43443444275145504 0.60234375 0.13266865626060226 0.040625
0 0.43878712605389936 0.5671875 0.1345585384745874 0.05
0 0.44928068195168186 0.53515625 0.13110615626060226 0.040625
0 0.44509417895645703 0.4984375 0.12491071996293321 0.0421875
0 0.4510639259612321 0.46171875 0.1094494110699257 0.046875
0 0.4672717685195035 0.42265625 0.1220585384745874 0.05
0 0.47173357922660947 0.384375 0.13137897477225663 0.0484375
0 0.4825817991895426 0.3421875 0.1345585384745874 0.05
0 0.489414641747814 0.303125 0.13137897477225663 0.0484375
0 0.5009895480084162 0.2625 0.13154266587924912 0.053125
0 0.49160711352484565 0.21796875 0.13008929328391083 0.05625
0 0.499221206083117 0.17890625 0.1345585384745874 0.05
0 0.49336307568323046 0.1453125 0.1281994110699257 0.046875
0 0.5186185360275166 0.115625 0.11882441106992551 0.046875
0 0.64852429083684 0.109375 0.13154266587924895 0.053125
0 0.6386755756832304 0.1453125 0.13154266587924912 0.053125
0 0.6272643605296208 0.18125 0.1406994110699257 0.046875
0 0.621130922417853 0.22265625 0.1536904843909035 0.0609375
0 0.6415054206037545 0.265625 0.12696429328391085 0.05625
0 0.6337822006408214 0.3078125 0.13148810217691817 0.0515625
0 0.6138317991895426 0.3421875 0.13332342068857256 0.059375
0 0.6078893340359329 0.378125 0.14097222958158007 0.0546875
0 0.5838689914776615 0.4171875 0.13165179328391083 0.05625
0 0.5716492444728865 0.45390625 0.13768353847458742 0.05
0 0.5721477522774346 0.484375 0.14075397477225665 0.0484375
0 0.5810217552726595 0.52109375 0.12814484736759474 0.0453125
0 0.569156672333035 0.54765625 0.10939484736759475 0.0453125
0 0.5749602390305908 0.5828125 0.1346131021769182 0.0515625
0 0.58098206053747 0.61171875 0.1311061562606021 0.040625
0 0.5800271957466799 0.6390625 0.12814484736759474 0.0453125
0 0.5602677672535592 0.66796875 0.12792659255827132 0.0390625
0 0.5564780791417915 0.709375 0.14415179328391084 0.05625
0 0.5673684499230311 0.75546875 0.12696429328391085 0.05625
0 0.5597270755135944 0.7953125 0.12523810217691816 0.0515625
0 0.7021229066391204 0.81171875 0.15190972958158006 0.0546875
0 0.6973188447508881 0.7703125 0.15363592068857254 0.059375
0 0.7020261921184829 0.725 0.13779266587924893 0.053125
0 0.7033357209744234 0.6875 0.14916667549789597 0.065625
0 0.7124304679791986 0.65078125 0.1268551658792491 0.053125
0 0.7143302738769811 0.61875 0.13940972958157988 0.0546875
0 0.699260834584087 0.58046875 0.15498016587924912 0.053125
0 0.7297494319516818 0.53515625 0.14922123920022692 0.0671875
0 0.7154612426587879 0.496875 0.16284722958158007 0.0546875
0 0.7098213670682247 0.45703125 0.15659722958158007 0.0546875
0 0.7266740503706689 0.421875 0.13154266587924912 0.053125
0 0.7536011381196169 0.3890625 0.15950397477225647 0.0484375
0 0.7399305077197302 0.35546875 0.1581051658792493 0.053125
0 0.7539310095338287 0.3125 0.1440972295815799 0.0546875
0 0.7544047246874385 0.2765625 0.14894842068857272 0.059375
0 0.7616740768643568 0.225 0.1473313569862416 0.0578125
0 0.7680803334877787 0.17578125 0.15972222958158006 0.0546875
0 0.7707886712367267 0.14296875 0.14744048439090332 0.0609375
0 0.7876686363903364 0.10703125 0.14409722958158006 0.0546875