0 0.96171875 0.3236737614409769 0.0765625 0.16070925782192055
0 0.92578125 0.2945168824594294 0.0796875 0.1530787683452643
0 0.88671875 0.28272951400122565 0.075 0.14030575256024883
0 0.85 0.27393063765051406 0.065625 0.13038472099021767
0 0.81953125 0.27179899025311516 0.0671875 0.1476632262518895
0 0.784375 0.27150285864073176 0.065625 0.13975972099021766
0 0.75078125 0.2508032217666765 0.071875 0.15574874203690509
0 0.71640625 0.24577408752345722 0.0640625 0.14123121572854574
0 0.68203125 0.2282449532802379 0.075 0.14186825256024874
0 0.64921875 0.23171856377534672 0.065625 0.13975972099021766
0 0.6140625 0.24001618216296333 0.0609375 0.1207367052052021
0 0.58828125 0.22120526898054882 0.0671875 0.1382882262518895
0 0.55546875 0.20514762947565765 0.071875 0.14481124203690507
0 0.51875 0.2041612531249461 0.0734375 0.1355272472985769
0 0.48203125 0.20786237677423455 0.0625 0.12082771046687402
0 0.45234375 0.1892789767459997 0.075 0.16218075256024872
0 0.425 0.18384031882525706 0.0625 0.14114021046687397
0 0.39453125 0.18717742142785812 0.0609375 0.14417420520520213
0 0.3625 0.19138677929213102 0.065625 0.13819722099021767
0 0.33125 0.191644384525568 0.0625 0.12551521046687397
0 0.29453125 0.19300175817485646 0.06875 0.11962923151356138
0 0.26328125 0.18700936340829344 0.0609375 0.1207367052052021
0 0.24140625 0.16718968707169932 0.05625 0.11108868942018657
0 0.20625 0.28408105545931595 0.0671875 0.1289132262518895
0 0.178125 0.39743790016940916 0.078125 0.12330026308359247
0 0.134375 0.519517297496221 0.0734375 0.1495897472985769
0 0.0921875 0.6602556895613609 0.0890625 0.15206229991529535
0 0.06171875 0.797186542163962 0.0671875 0.13672572625188942
0 0.09296875 0.809428936930525 0.075 0.14655575256024883
0 0.13046875 0.8095885606504005 0.0859375 0.1550052893919517
0 0.16875 0.8214214317394403 0.075 0.15749325256024882
0 0.2046875 0.8427658107209878 0.090625 0.17402830517696727
0 0.2453125 0.8474309239175197 0.08125 0.16410727360693614
0 0.284375 0.8545307923757235 0.0921875 0.18818181043863902
0 0.31875 0.8681536766189428 0.08125 0.17035727360693614
0 0.35703125 0.8752990477079825 0.08125 0.17348227360693613
0 0.3953125 0.8816631687970222 0.0765625 0.16539675782192056
0 0.42890625 0.8828315556710773 0.084375 0.1767892841302796
0 0.4671875 0.8891956767601172 0.078125 0.15767526308359264
0 0.50703125 0.901718792587485 0.0765625 0.14195925782192056
0 0.5578125 0.90110487158315 0.075 0.13718075256024848
0 0.59921875 0.906505732148846 0.0734375 0.12146474729857673
0 0.6390625 0.9041850979762138 0.075 0.12155575256024846
0 0.69453125 0.9009544111868631 0.0828125 0.12201077886860787
0 0.74765625 0.9103602322900202 0.0890625 0.09737479991529555
0 0.7921875 0.9249540823323725 0.075 0.06218075256024882
0 0.8375 0.9270024297438889 0.078125 0.0529877630835923
0 0.86796875 0.8455403271412878 0.0890625 0.17081229991529553
0 0.890625 0.680939500847046 0.0828125 0.15482327886860806
0 0.91015625 0.5594894350761479 0.084375 0.13616428413027998
0 0.93125 0.435604614043578 0.08125 0.14691977360693614
0 0.89453125 0.4150869876928664 0.071875 0.14481124203690515
0 0.86484375 0.39415983766463153 0.0703125 0.13222023677523315
0 0.82890625 0.3892217086830841 0.0734375 0.1605272472985769
0 0.79296875 0.38897107970153655 0.078125 0.14986276308359248
0 0.7515625 0.3851327191358406 0.065625 0.12882222099021767
0 0.709375 0.3758711112009805 0.0734375 0.1308397472985769
0 0.678125 0.3612849664344175 0.0734375 0.14802724729857691
0 0.6390625 0.3541850979762137 0.0765625 0.15133425782192056
0 0.59921875 0.3432244821488459 0.0671875 0.1336007262518895
0 0.56953125 0.341828582120611 0.0640625 0.13341871572854574
0 0.5484375 0.332119653153181 0.0671875 0.1336007262518895
0 0.52265625 0.31721498997076647 0.0703125 0.14940773677523325
0 0.4921875 0.3197708425733675 0.065625 0.13038472099021767
0 0.465625 0.309599182021789 0.0625 0.11926521046687392
0 0.43125 0.31160129777856965 0.06875 0.12275423151356132
0 0.39375 0.30987917405869403 0.0734375 0.14021474729857691
0 0.3578125 0.3197847950771465 0.065625 0.13038472099021767
0 0.33359375 0.30557037663306025 0.0609375 0.1191742052052021
0 0.3078125 0.30316571345064575 0.0640625 0.12716871572854577
0 0.2765625 0.2956108186840827 0.06875 0.12900423151356133
0 0.2421875 0.27573793444086336 0.0671875 0.1336007262518895
0 0.215625 0.39447252388928483 0.0796875 0.1530787683452643
0 0.25 0.4151266581325041 0.071875 0.127623742036905
0 0.28671875 0.41064428448321577 0.071875 0.135436242036905
0 0.32265625 0.41480116346476315 0.0796875 0.15151626834526422
0 0.3578125 0.42369104507714656 0.0671875 0.1351632262518896
0 0.3953125 0.41369441879702223 0.065625 0.13975972099021766
0 0.4296875 0.4210673030402415 0.0765625 0.14508425782192055
0 0.46015625 0.43491770043764044 0.065625 0.13975972099021766
0 0.496875 0.43512282678835196 0.065625 0.13038472099021767
0 0.534375 0.44465745050822764 0.065625 0.11788472099021767
0 0.56953125 0.46526608212061105 0.071875 0.13231124203690497
0 0.60703125 0.47245695584048664 0.0734375 0.1417772472985769
0 0.64765625 0.4880595690370185 0.075 0.14343075256024881
0 0.6859375 0.49911119012605826 0.0734375 0.1386522472985769
0 0.7234375 0.5148958138459339 0.0765625 0.14195925782192056
0 0.76953125 0.5098674086266144 0.0796875 0.1390162683452644
0 0.80859375 0.5208735270848182 0.075 0.14343075256024881
0 0.84296875 0.5196526613280374 0.071875 0.13699874203690499
0 0.86796875 0.5478840771412878 0.0671875 0.12735072625188942
0 0.84921875 0.6802261402813501 0.0765625 0.14352175782192056
0 0.81484375 0.6658220060381307 0.078125 0.14048776308359248
0 0.78046875 0.6498553717949114 0.0734375 0.14802724729857691
0 0.73984375 0.6397215085983795 0.0875 0.16290879465362346
0 0.69375 0.655687413817699 0.0796875 0.1390162683452644
0 0.6515625 0.644082055882839 0.0765625 0.14195925782192056
0 0.621875 0.620811155854604 0.0828125 0.14388577886860787
0 0.58671875 0.6111400242422207 0.0796875 0.1530787683452644
0 0.5515625 0.5827188926298372 0.0796875 0.1405787683452644
0 0.51796875 0.566706755755782 0.0765625 0.14664675782192055
0 0.48671875 0.5638393609892189 0.0734375 0.1511522472985769
0 0.44921875 0.5691484872693434 0.06875 0.13837923151356132
0 0.42421875 0.555760821456093 0.065625 0.11944722099021768
0 0.3875 0.5571181951053814 0.078125 0.1467377630835925
0 0.3578125 0.5596285450771467 0.0640625 0.13810621572854592
0 0.33046875 0.5565336371564039 0.0703125 0.13847023677523324
0 0.3046875 0.5345977239739895 0.0640625 0.13498121572854593
0 0.26484375 0.5259808581466215 0.0828125 0.15638577886860788
0 0.215625 0.5319725238892848 0.078125 0.1373627630835923
0 0.17734375 0.5201396528002451 0.075 0.13561825256024881
0 0.1328125 0.6625770527578928 0.0828125 0.16263577886860806
0 0.1765625 0.662372655431081 0.0875 0.16290879465362346
0 0.2203125 0.6707620081042693 0.078125 0.1467377630835925
0 0.25859375 0.675563629193309 0.0921875 0.160056810438639
0 0.2921875 0.6892320160673642 0.0765625 0.13727175782192055
0 0.32421875 0.6943976582030913 0.078125 0.14986276308359248
0 0.365625 0.6826110187687873 0.0828125 0.16419827886860805
0 0.40625 0.7177448819653193 0.0953125 0.16336382096198285
0 0.446875 0.7067849951618512 0.084375 0.1736642841302798
0 0.4875 0.705981358358383 0.0828125 0.16732327886860787
0 0.51953125 0.7259907504941102 0.0765625 0.14352175782192056
0 0.54765625 0.7563839057840169 0.078125 0.16705026308359247
0 0.58359375 0.7464782847655644 0.0828125 0.16732327886860804
0 0.6234375 0.7652514005929323 0.08125 0.15629477360693614
0 0.66015625 0.7693627769436437 0.0875 0.15978379465362344
0 0.7109375 0.7820301059393087 0.084375 0.15647678413027996
0 0.75859375 0.7933169454583172 0.084375 0.16897678413027997
0 0.79140625 0.7984370849632084 0.0859375 0.1565677893919517
0 0.825 0.8191367218372637 0.0796875 0.1546412683452644