1 0.18638051038012332 0.05458351458147638 0.1304170118629981 0.05997805674305985
1 0.1903796022811775 0.09527671074141039 0.13472250988583173 0.05073944906292791
1 0.20428027619745412 0.13001542359439183 0.13934634288963732 0.04931334138279593
1 0.20424578410611952 0.16746995948776916 0.14390650889724857 0.04632473370266395
1 0.21258220752810458 0.1997057979675712 0.13615767589344294 0.04765991316955058
1 0.21645396543676995 0.23727399412750527 0.11884284190105418 0.0440348079967011
1 0.21876322334543535 0.2747967261808166 0.12522017589344295 0.047341664423191786
1 0.21435956623507266 0.31992736975432584 0.13166117688202608 0.052211020849682474
1 0.20762940517037737 0.34626254922121247 0.1284725098858317 0.05055759263643722
1 0.20909374608284836 0.3822000492212124 0.12828150889724857 0.045870092636437224
1 0.20952216901054177 0.4118648171679011 0.13147017589344295 0.04752352084968266
1 0.21148125844013804 0.4407937992212124 0.13303267589344295 0.047568984956305196
1 0.20669559935260903 0.4765494427947218 0.14109984387822055 0.0540463054894186
1 0.19943885627269126 0.509111890208297 0.14684050790866543 0.04172816191590929
1 0.18837136368706506 0.5439044273553155 0.14734984387822053 0.05422816191590929
1 0.1640226211014389 0.5783105195960413 0.1537271778706093 0.05753501834239998
1 0.18449162999868746 0.6210435888755135 0.1502838428896373 0.049631590129154725
1 0.1811729704168669 0.6545009465556454 0.13453150889724858 0.04605194906292791
1 0.1840088103407547 0.6857964106622682 0.143970175893443 0.04788723370266403
1 0.1745356512532257 0.7214156619159093 0.16284750988583174 0.05155780298213628
1 0.18306307566379387 0.7583390003957114 0.1364760108744149 0.05547241316955063
1 0.19806333456104247 0.8009129453020041 0.13322367688202613 0.052256484956305374
1 0.31447367688202615 0.05753032132453623 0.15755251482874755 0.07481344655564544
1 0.31306768577927474 0.09962689311129087 0.14591467787060938 0.05730769780928666
1 0.31980977570316255 0.13103601748447025 0.1347225098858317 0.05073944906292791
1 0.329772366121342 0.164879820070895 0.1396646778706093 0.05712584138279593
1 0.3299925420147849 0.2085843559642723 0.1427896778706094 0.057216769596041314
1 0.3234852154367699 0.2403882854311589 0.12703734387822047 0.053637128529814504
1 0.3486735578321157 0.2840389970304991 0.14604201186299814 0.06043269780928666
1 0.33751056475219793 0.31648778417751766 0.1334146778706093 0.05694398495630519
1 0.34441182216657173 0.35180315855069705 0.1394100098858317 0.050875841382795974
1 0.3323720785923624 0.3818854636444043 0.12397601087441493 0.055108700316569156
1 0.33699325300293054 0.41869514185764967 0.1352318458553869 0.06323944906292792
1 0.32764742790779033 0.45743939311129084 0.13028967787060938 0.05685305674305994
1 0.32348385132977536 0.4893115187381115 0.13354201186299813 0.060068984956305194
1 0.31107669323082954 0.5295273417785074 0.14109984387822044 0.0540463054894186
1 0.307598866158523 0.5590784494586394 0.13296900889724855 0.046006484956305195
1 0.30765987456148 0.5988767353520167 0.13797484387822054 0.053955377276173166
1 0.3110368839530201 0.6434534494586394 0.13354201186299813 0.060068984956305194
1 0.31262855885787993 0.6825159494586394 0.13322367688202616 0.052256484956305194
1 0.32219190125322567 0.7257120199917527 0.1427896778706094 0.057216769596041314
1 0.30750466015047423 0.7674221468722144 0.13073534684397004 0.06779055674305993
1 0.31175842003630605 0.8143653430321486 0.12748301285158128 0.0645746285298145
1 0.4225195065001527 0.8324143125490476 0.12030718281352523 0.07997230799670092
1 0.540248175967805 0.8491053705457487 0.14291701186299796 0.06034176959604132
1 0.6767586789335546 0.8671232478219221 0.1386115138401644 0.06958037727617353
1 0.8429394358536367 0.9047322110706147 0.1797458498097196 0.08326244404836274
1 0.4102304121276406 0.7797750458560001 0.11817167984777566 0.06586434389007856
1 0.5252651631162237 0.7878041576927671 0.1461693458553867 0.06355769780928675
1 0.6775916670705564 0.8109641760351674 0.15229201186299796 0.06061455423577726
1 0.8411103390096667 0.8406924431239261 0.18280718281352507 0.08179087226160853
1 0.43684465026464253 0.7243661318285197 0.10991351087441484 0.05469952335696497
1 0.5466016522418089 0.7369236192921075 0.13548651384016458 0.06948944906292791
1 0.6865554901885303 0.762844924781526 0.17649351581733086 0.08004651583511765
1 0.863578246614321 0.7984283867765777 0.17254084486680377 0.059643087621872225
1 0.8582394891999472 0.763158476510021 0.1974771778706092 0.05880801332783516
1 0.4314422258540743 0.687533721561963 0.1315975098858317 0.05064852084968248
1 0.5581957268426575 0.6959038141984003 0.13379667984777566 0.06631898495630537
1 0.6835777288198239 0.7089159427282148 0.15461851581733085 0.07941001834239998
1 0.8710604827741566 0.7330989034696251 0.19604201186299797 0.061887549221212444
1 0.8813467253597829 0.6982836342692952 0.18666701186299833 0.06161476458147632
1 0.8940238557598091 0.6650990612288994 0.21195228848038178 0.07015469028743926
1 0.4232503824701454 0.6396956151354724 0.13147017589344295 0.04752352084968266
1 0.5498447159682426 0.6441594577719095 0.131788510874415 0.05533602084968248
1 0.6808546354358949 0.6612369606749035 0.16224001482874756 0.07494983887551357
1 0.4259151260443548 0.6093405254020291 0.13459517589344294 0.04761444906292791
1 0.4331082021280782 0.5752155779884538 0.1362850098858317 0.05078491316955045
1 0.560625707070994 0.602335670624891 0.14929434585538673 0.063648626022532
1 0.7073561270329379 0.6222115645941116 0.13979201186299814 0.060250841382795885
1 0.8823242935348408 0.626522294535852 0.17123301285158127 0.0658476235152495
1 0.4489268617098987 0.5421219331613033 0.1440975098858317 0.051012233702664035
1 0.5739414491623286 0.5652675796378064 0.1409725098858317 0.0509213054894186
1 0.7236377016337865 0.5813281518202725 0.14004667984777566 0.06650084138279588
1 0.9047922011394949 0.5842582381885035 0.15210101087441502 0.05592705423577744
1 0.46152502079742774 0.5065936101209074 0.1472225098858317 0.05110316191590947
1 0.5891380262346352 0.5360574527573446 0.1378475098858317 0.050830377276173164
1 0.5888051038012334 0.508736434810656 0.14891234387822044 0.05427362602253201
1 0.7265106922422464 0.5369332941401405 0.14447951186299815 0.06038723370266404
1 0.9076519684025195 0.5477895407749281 0.184696063194961 0.06804662100796718
1 0.905668339201041 0.5024997728282395 0.1886633215979181 0.0572909774344577
1 0.7261631823564146 0.4901037582467632 0.1627838428896375 0.0499953029821361
1 0.7262586828507063 0.4924475082467632 0.15229201186299796 0.06061455423577744
1 0.4543054284020819 0.46346573574772804 0.14447951186299796 0.06038723370266404
1 0.4512785874896109 0.4274827716411053 0.12834517589344294 0.04743259263643722
1 0.4528755795809456 0.39007369985435075 0.1252838428896375 0.04890416442319179
1 0.4608817391627661 0.3567527344940868 0.14090884288963731 0.0493588054894186
1 0.46247873125410077 0.31934366270733217 0.14403384288963733 0.049449733702664034
1 0.45234238589300546 0.2620850921742187 0.14891234387822044 0.05427362602253201
1 0.5769298449039848 0.46625341811760845 0.14291701186299796 0.06034176959604132
1 0.5764377549800969 0.43502615017091983 0.13752917490485964 0.043017877276173164
1 0.5780665805695288 0.39839832838416517 0.13647601087441502 0.05547241316955063
1 0.5809395711779886 0.35400347070403326 0.13035334486680378 0.05841555674305985
1 0.5888183967674203 0.31755750534376936 0.14422484387822046 0.05413723370266403
1 0.5809448883644633 0.2775318989172786 0.14291701186299816 0.06034176959604132
1 0.4486788750185905 0.21047712806759605 0.1480501808363588 0.07141566191590938
1 0.4480766971479812 0.15739759217421875 0.14004667984777566 0.06650084138279592
1 0.44010768825073265 0.11502823574772805 0.13060801285158127 0.06466555674305985
1 0.4365078443725121 0.06498277164110536 0.13379667984777566 0.06631898495630521
1 0.5572660133458729 0.0794210078510518 0.15079317885919252 0.06213159012915472
1 0.5558918557412186 0.12229882963780643 0.1552896778706092 0.057580482449022787
1 0.5643556131555924 0.1576596681176085 0.14734984387822045 0.05422816191590933
1 0.5656607865775775 0.1896909181176085 0.1515916749048598 0.0434270542357774
1 0.5769948760071737 0.21889268481065596 0.1675350098858317 0.05169419530200425
1 0.5711096319386727 0.24681309633085385 0.15653384288963731 0.049813446555645416
1 0.705272431824942 0.09231111592689516 0.18360567885919252 0.06308633636823102
1 0.7153623562355103 0.1292799185133199 0.1925350098858317 0.0524216210079671
1 0.716794863649884 0.1644361685133199 0.19422484387822045 0.055592085114589816
1 0.7236642875661607 0.19897029288649928 0.19266234387822045 0.055546621007967104
1 0.7190696294672148 0.23941343646000854 0.18204317885919252 0.06304087226160834
1 0.7234679693911026 0.2707543646732539 0.1737850098858317 0.051876051728494944
1 0.7202448103035737 0.3065554723533859 0.16297484387822045 0.054682802982136104
1 0.7308613167293643 0.33729700699312193 0.1800350098858317 0.052057908154985635
1 0.7368221566532521 0.36868339931299 0.1802896778706094 0.058307908154985634
1 0.7280665805695288 0.40276288261994264 0.1818521778706092 0.05835337226160835
1 0.738651253497222 0.43272316725967863 0.17990767589344295 0.04893290815498563
1 0.7281740099230127 0.4628509364600085 0.15666117688202624 0.05293844655564541
1 0.9021540434976597 0.4674117189881736 0.19569191300468064 0.06399561850068469
1 0.9019166215585492 0.42368445104148494 0.19616675688290144 0.07645015439406197
1 0.8951095353418485 0.3897269881885035 0.20978092931630316 0.06395015439406197
1 0.8979042366913081 0.3577639343484375 0.19454317885919253 0.06340458511458982
1 0.901162569923669 0.32124977282823963 0.19767486015266195 0.060506905647703134
1 0.8790030449805345 0.23860475738883338 0.1878475098858317 0.05228522868809904
1 0.8847728839158391 0.26530364970870146 0.2131021778706092 0.059262654394061975
1 0.8856323883644635 0.28639739970870143 0.2003475098858317 0.052648941541080505
1 0.8797232865775776 0.1988292035487674 0.18704901384016423 0.0709897645814764
1 0.8995344263877346 0.1425253792547303 0.20093114722453081 0.0543932979675712
1 0.8791675296574952 0.16603943560207876 0.1584146778706092 0.05767141066226813
1 0.8995835059314989 0.10739186130804165 0.20083298813700204 0.05591033386094857