1 0.761456028600301 0.9762292152291867 0.1345477168225127 0.031251094684908054
1 0.7654713629092564 0.957433761895323 0.13787270472226432 0.06566245735199913
1 0.7586491911680877 0.9215780778962774 0.14256929508134383 0.06727950135263541
1 0.7651173597859985 0.8840053525620956 0.14567611436318462 0.06419086401972648
1 0.7629645073266704 0.8512201245624139 0.1394170240041049 0.06255563868554467
1 0.7663076759445813 0.813683761895323 0.12063975292686617 0.057649962682999246
1 0.7712087993829523 0.7769104678946868 0.1269170240041051 0.062410188017181054
1 0.7839678746167215 0.732233767226323 0.13475679508134383 0.06718859468490823
1 0.7950508203619953 0.707106497891505 0.13005111436318478 0.06400905068427179
1 0.7999473986208265 0.6711144538908687 0.13002384328594588 0.05932155068427196
1 0.805593410622879 0.6405820692234595 0.1331761143631848 0.06404541335136286
1 0.8088820370863121 0.6124207065563687 0.13629202400410492 0.06251927601845378
1 0.8208007749860637 0.577909346554778 0.14258747579950323 0.0704045013526354
1 0.833487127347196 0.5457326458864143 0.14877384328594587 0.059539726686817215
1 0.8508700700674077 0.5119389012174145 0.14884656615858277 0.07203972668681721
1 0.8815160820694601 0.48111561521327834 0.1566772468767418 0.07525563335454458
1 0.8700564073032293 0.4367207252148691 0.15193520472226432 0.06582608935390813
1 0.8796223048439014 0.40379913721359645 0.13629202400410492 0.0625192760184536
1 0.8821524072050334 0.3717406152132782 0.14567611436318445 0.06419086401972632
1 0.8979728499252453 0.3379650518778238 0.16602497579950323 0.07067722135581711
1 0.8966285185431561 0.30048323321136927 0.13789997579950325 0.07034995735199914
1 0.8898517985973854 0.25681504921232373 0.13319429508134384 0.06717041335136278
1 0.6334037514729379 0.965220084579913 0.16281816256778664 0.056578358688726384
1 0.6436963568591322 0.9416644059118677 0.14730224687674215 0.07514654535327167
1 0.6423202092202643 0.9096513372454131 0.13788179508134385 0.06722495735199914
1 0.6386184922995557 0.8745405405792767 0.14260565651766227 0.0735295013526354
1 0.6466809771742452 0.8314808839115495 0.145739746876742 0.07512836401972649
1 0.6585769891762978 0.8008757739099586 0.12851588544042353 0.0686783693507266
1 0.6416621999486865 0.7542007685789586 0.14887383723582168 0.07672722668681722
1 0.6598082119507389 0.7235229332431861 0.13634656615858276 0.07189427601845359
1 0.6600172902095702 0.687585433243186 0.14256929508134383 0.06727950135263541
1 0.6765871666730032 0.6592695292409587 0.1253908854404237 0.06864200668363551
1 0.6799303352909141 0.621733166573868 0.13950792759490122 0.07818063868554467
1 0.6957689587292851 0.5848326032384135 0.13321247579950324 0.07029541335136287
1 0.7061115610904173 0.5526831745703681 0.13479315651766227 0.07343859468490824
1 0.7250842748878679 0.5141837485678227 0.14258747579950323 0.0704045013526354
1 0.7346274465308408 0.4851684105665501 0.13472952400410493 0.06250109468490823
1 0.7418859555078312 0.4460240945655956 0.14101588544042354 0.06882382001908986
1 0.7468325307416004 0.4014383005649592 0.13479315651766227 0.07343859468490824
1 0.7525285397185908 0.3623121658975502 0.133194295081344 0.06717041335136287
1 0.7512205697728201 0.31858034723109563 0.14573065651766245 0.07356586401972631
1 0.7733273739293504 0.2784820585614594 0.13484769867214014 0.08281359468490823
1 0.7782921298812787 0.23077126456082303 0.13170451795398092 0.07965223201781732
1 0.6714290515242516 0.20311043590868602 0.1255272408266178 0.0920795066836356
1 0.5551955183467643 0.17477744525782163 0.1441863372358217 0.07667268268618095
1 0.42179266588743636 0.1435194492759572 0.14423178903121964 0.08448518268618095
1 0.2635261688143026 0.08911485463081983 0.18183178298109554 0.1021090346912716
1 0.6734637293155445 0.25620816390836787 0.12232042759490121 0.0779806440165447
1 0.5603051991631195 0.2364325605904126 0.1488920179539809 0.07985222668681721
1 0.4113137081401099 0.1991063779440026 0.1535704275949012 0.07834427068745357
1 0.25456425927157805 0.1524961019653198 0.18651019262201593 0.1006010786919079
1 0.6364404522863774 0.3089791752466858 0.11288179508134384 0.06693405601527207
1 0.5287779432111911 0.28445243726132147 0.14110678903121965 0.08444882001909004
1 0.3938580425472612 0.24540012261300248 0.18026928298109546 0.1020908533577261
1 0.2238682502945876 0.19191313796945594 0.1738920179539809 0.08014312802354437
1 0.22287792203575635 0.22785972863622866 0.2004636083130605 0.0820147106938169
1 0.6346688740275461 0.3449348565802312 0.1331852047222643 0.06560791335136287
1 0.5090148890546609 0.3245234539306395 0.13639201795398073 0.07970677601845369
1 0.3865131751590144 0.299388188613957 0.1583670119038567 0.09714881468808993
1 0.20318304557232328 0.2562119953055467 0.19579428903121973 0.08508516669318063
1 0.1873626028521115 0.2899875586410012 0.18953519867214014 0.08344994135899882
1 0.16843079567051913 0.32145573464354654 0.21459883118569745 0.09467834269572588
1 0.633605822896078 0.39338144724700397 0.1347386143631848 0.06406359468490823
1 0.5079245668459539 0.3776575445974123 0.13476588544042353 0.06875109468490823
1 0.38076716920708603 0.347108073281366 0.1677147408266178 0.09257040268936265
1 0.6263973108940255 0.4239320132479585 0.1362920240041051 0.0625192760184536
1 0.6121439133533535 0.45690814524986756 0.1394352047222643 0.06568063868554468
1 0.48894276268942355 0.4177194705999576 0.15359769867214013 0.08303177068745367
1 0.3461830909482548 0.38344556261936585 0.14261474687674197 0.0750920013526355
1 0.1721052415139889 0.3612540313096829 0.17235678903121973 0.08481244668999892
1 0.5900825609922213 0.4891939339195037 0.14569429508134385 0.06731586401972649
1 0.4692069796101322 0.4531029872692757 0.14256929508134403 0.06727950135263541
1 0.32329958197126435 0.4227716919557748 0.14265110831306044 0.0813420013526354
1 0.1421859373574586 0.40144322664704635 0.15354315651766243 0.0736567706874535
1 0.5703604134515494 0.5222337005888218 0.14882838544042354 0.06891472668681722
1 0.44795414832623887 0.48069218527213914 0.1394352047222643 0.06568063868554468
1 0.44389336222188536 0.5073001386060028 0.14884656615858277 0.07203972668681721
1 0.3113308470965749 0.4658768019573656 0.1457488372358217 0.07669086401972632
1 0.12714219945770705 0.435990949315728 0.19425906010845861 0.08975448535963508
1 0.12062857904439812 0.48137617464990984 0.2004545179539809 0.08045221069381689
1 0.30246893150372617 0.5120705492918656 0.16445338544042354 0.06909654002227175
1 0.30326381704234556 0.5097177086250928 0.1535704275949013 0.07834427068745349
1 0.5701058833973202 0.5659837005888217 0.14731133723582168 0.07670904535327186
1 0.5659905551384888 0.6019666539226854 0.13003293364502538 0.06088405068427179
1 0.5579644317001179 0.6387763105904126 0.1284886143631848 0.06399086935072643
1 0.5437110341594459 0.6717524425923216 0.14256020472226433 0.0657170013526354
1 0.5349082059006147 0.7077899399268215 0.14725679508134384 0.06733404535327185
1 0.5345718626146688 0.7656024399268215 0.14884656615858277 0.07203972668681721
1 0.4483263321676561 0.5509955946053664 0.1441863372358217 0.07667268268618095
1 0.4418945249860637 0.5823183199395483 0.13783634328594588 0.05941245735199914
1 0.4338729467272325 0.6183467266072754 0.13789997579950325 0.07034995735199914
1 0.42346671185254303 0.6614336552753208 0.13165906615858275 0.07183973201781732
1 0.40841842877325163 0.6967626279440026 0.14728406615858275 0.07202154535327185
1 0.40895423907810197 0.7389410372772298 0.1441863372358217 0.07667268268618095
1 0.5295798355855016 0.8180007339274578 0.15363406010845856 0.08928177068745384
1 0.5191145133767947 0.8712439125955033 0.1442136083130606 0.08136018268618095
1 0.5188736188611848 0.9126501625955032 0.1348295179539809 0.07968859468490805
1 0.5139179532683361 0.9587984565961396 0.13634656615858276 0.07189427601845395
1 0.3952997634749905 0.9375239879455934 0.1535795179539809 0.07990677068745348
1 0.40414349834968 0.8944552406110935 0.15666815651766247 0.07369313335454457
1 0.4027855314289714 0.8593171719446389 0.14884656615858277 0.07203972668681721
1 0.40766392896964343 0.8264501279440026 0.15347043364502538 0.06115677068745349
1 0.4015866457921561 0.7968353532781844 0.17073065651766245 0.07385676535645339
1 0.41268322707604943 0.7693643339433662 0.15663179508134384 0.0674431333545444
1 0.24937873029750324 0.9095364426320923 0.18641019867214012 0.08341357869190773
1 0.24725314891541408 0.8720637146324106 0.19417724687674198 0.07569198535963509
1 0.25136393199470547 0.8368620112985472 0.1941954275949013 0.07881698535963508
1 0.2515684650739969 0.8017057612985472 0.19419542759490122 0.07881698535963508
1 0.26351447405098727 0.7625069012969561 0.18484769867214013 0.08339539735836254
1 0.2652678715916593 0.7296762199634108 0.17539997579950314 0.07078630935708982
1 0.27484285949141085 0.695192131962138 0.16448065651766247 0.07378404002227157
1 0.269560461852543 0.6632245166295472 0.18165906615858277 0.07242153469127163
1 0.2697468142136752 0.6311932666295472 0.1801329275949013 0.0786533533577261
1 0.28477691657480736 0.5989892939608654 0.18325792759490128 0.078689716024817
1 0.28027122375639973 0.5677938379615017 0.18164088544042353 0.06929653469127164
1 0.29605530504029304 0.5402682746260473 0.15821247579950315 0.07058631468808993
1 0.11261609114464652 0.515842081317637 0.21769656010845861 0.09002720536281679
1 0.1063262262904825 0.5589017379853642 0.212652452580965 0.10094652402927143
1 0.11371498283158603 0.5955113999840916 0.21457156010845857 0.08999084269572606
1 0.10650192564999368 0.6268432159850461 0.19580337939029935 0.08664766669318062
1 0.09740976854315607 0.6621267353198642 0.19481953708631214 0.08512152936027154
1 0.1042394680008631 0.7471738973185916 0.18791815651766242 0.07405676002545328
1 0.10427284690018315 0.7190761693189097 0.2085456938003663 0.08372266136218051
1 0.10686047395279144 0.6994903753182735 0.20043633723582163 0.0773272106938169
1 0.0947160397185908 0.7855642353198643 0.1894320794371816 0.09126244135899882
1 0.08282457289607806 0.8388528673217733 0.16564914579215612 0.07854426535645338
1 0.0889775614832007 0.8192216199872732 0.15823974687674205 0.07527381468809011
1 0.07882287412574207 0.8732733206556368 0.15764574825148414 0.08157835868872639