1 0.9531896088267551 0.8483502425751336 0.09362078234648977 0.07263859016268767
1 0.9447666759483646 0.8099962697024967 0.11046664810327086 0.06485336123992695
1 0.9318155022779001 0.7809627546753821 0.13636899544419984 0.06488063231716552
1 0.9242499861399487 0.7434082125209043 0.1472992052052021 0.06177381303532492
1 0.9069868914298554 0.7151923089301082 0.1410492052052021 0.0617374515990063
1 0.8932205230422389 0.6799678812370111 0.12358868942018653 0.05694995764913049
1 0.8801899020237862 0.6439667487234537 0.1301117052052021 0.06167381908544911
1 0.8705194994353025 0.5986133421075955 0.13498121572854557 0.06482609016268803
1 0.8688814047252095 0.5704883421075955 0.13332771046687383 0.06325449980360816
1 0.8575042889684287 0.5360587999531179 0.13305469468185827 0.058566999803608154
1 0.8480081916274995 0.5071070981577197 0.1363617052052021 0.061710180521767556
1 0.8377763469174061 0.4789321011827818 0.1379242052052021 0.061719270880847076
1 0.8318224785297896 0.4437531252850827 0.14619173151356152 0.06957722267624522
1 0.8290391127730089 0.40937358010554287 0.15024219468185826 0.05866699375348396
1 0.8284629891237205 0.37266392046462254 0.1508792315135615 0.06960449375348406
1 0.8416763496894164 0.33134857405541873 0.158873742036905 0.0727749455488822
1 0.8107224813017998 0.29602415241244584 0.15529371572854594 0.06494426483072288
1 0.8040783681758551 0.26240313133520693 0.13939569994353035 0.060165861239926774
1 0.7913662655732541 0.23187074882164965 0.14895271046687383 0.06334540339440445
1 0.7900088919239655 0.19515654400118945 0.1680667315135615 0.06970448770335987
1 0.7709102814288568 0.16224405005131365 0.14150423151356134 0.06954995159900638
1 0.7452886551487324 0.12460769466511937 0.13663472099021767 0.0663976805217675
1 0.8551422123212511 0.8843644897464632 0.16612479991529555 0.08999880698520073
1 0.843355572886947 0.8429036975919857 0.15115224729857707 0.07429199375348432
1 0.8276094755460178 0.8139156343602691 0.13966871572854558 0.0648533612399266
1 0.8079116255742527 0.7841235952308535 0.14481124203690499 0.07269313231716552
1 0.7945169835091128 0.7418724627172961 0.14802724729857691 0.07427381303532492
1 0.791043373014004 0.7090508723582165 0.1320382262518896 0.06793290944452864
1 0.7554020046263873 0.6736991796380047 0.15124325256024865 0.07585449375348396
1 0.7564338836079348 0.637779860356164 0.13837923151356132 0.06953177088084708
1 0.739724525743662 0.6056622519449076 0.14444722099021767 0.06644313231716552
1 0.7417196652485532 0.5728724778426066 0.12891322625188942 0.06791472872636942
1 0.7279987994917724 0.5384293001495095 0.14195925782192056 0.0773624515990063
1 0.7241156653191403 0.4985764597904299 0.13525423151356133 0.06951359016268785
1 0.7182983048240315 0.4657412338927308 0.13856124203690498 0.07265677088084707
1 0.7181394101280556 0.4227861194313503 0.14619173151356132 0.06957722267624522
1 0.7132853101562905 0.3930804387131911 0.13783319994353035 0.060156770880847074
1 0.7008539286144941 0.3539588513791735 0.14297572625188942 0.067996541958086
1 0.6858967865493544 0.31169862850653657 0.13856124203690498 0.07265677088084707
1 0.6719939102692299 0.27413045081343945 0.13663472099021767 0.06639768052176756
1 0.6509687787274336 0.23495886650448403 0.14793624203690497 0.07271131303532483
1 0.6522358761389501 0.18966909240218308 0.13910727360693614 0.08203177088084712
1 0.6339717235504664 0.1442656888113869 0.13414675782192056 0.07731699980360825
1 0.5255977814288568 0.16081686367581366 0.13027830517696729 0.09135222872636942
1 0.4095933498305907 0.18044758674484235 0.14811825256024883 0.07583631303532483
1 0.2765834287556685 0.20310331586399522 0.14701077886860806 0.08363972267624523
1 0.11016947347987927 0.21541189744247607 0.18707433674699833 0.10105448165323568
1 0.5525921919098481 0.2086140142415477 0.12633425782192056 0.07727154800821019
1 0.44242053135826953 0.23452655356735508 0.15298776308359247 0.07898858411256367
1 0.2930043602833473 0.25708683391617193 0.15758425782192056 0.0774533551898025
1 0.1317329313159173 0.2772351865718917 0.19001732622365464 0.09794766237139489
1 0.5436868997458861 0.2702600413689108 0.11466871572854576 0.06470791549465282
1 0.43632172077845616 0.29072201141287735 0.14379477360693613 0.082059041958086
1 0.2983057812876824 0.30788171945479137 0.18385833148532651 0.09947380093507636
1 0.12205409442774459 0.32559996369925476 0.17642526308359244 0.07912493949875792
1 0.13798220229201752 0.35771302693097135 0.20142526308359243 0.07927038524403188
1 0.5589702655026668 0.30471230942108757 0.13654371572854593 0.06483518052176755
1 0.4380886181052679 0.3344674662333375 0.14048776308359248 0.07891586123992678
1 0.3168884522920175 0.3587538730455876 0.16336382096198285 0.09623062626704133
1 0.13364331278712635 0.39048916549465285 0.200135778868608 0.08394879488495226
1 0.13509169169808666 0.42876587031511304 0.19066977360693613 0.08233175273047451
1 0.13245181008570323 0.46389484923787416 0.2163068104386391 0.09341469847574828
1 0.5810951654603146 0.3493571889095827 0.1363617052052021 0.061710180521767556
1 0.46117677858625933 0.38224189090137256 0.13672572625188958 0.06796018052176755
1 0.33441685751133704 0.4049339814568439 0.1709033051769672 0.09158857806243947
1 0.5883385180629157 0.37985775516636144 0.1394867052052021 0.061728361239926775
1 0.5903861364505323 0.41501400516636144 0.14123121572854594 0.0648624515990063
1 0.462989178543907 0.4267685957218328 0.15611276308359248 0.07900676483072289
1 0.31995951536149253 0.4517089875069681 0.1449022472985769 0.07425563231716552
1 0.15481192847331987 0.49916927390590915 0.17669827886860795 0.08381243949875809
1 0.5855390127306566 0.4524730985505031 0.14913472099021768 0.06647040339440444
1 0.4621848127165392 0.46659416500367357 0.14600972099021767 0.06645222267624522
1 0.3170389126883043 0.4954271712501894 0.14682876834526432 0.08051472267624504
1 0.14665008895431125 0.5467618913923519 0.15731124203690508 0.07276585518980258
1 0.583862391641617 0.49073162265280407 0.15235072625188942 0.06805108411256384
1 0.45628342321164805 0.4993612132082754 0.14279371572854577 0.064871541958086
1 0.46408051266006944 0.5259600746445938 0.15253273677523324 0.07117608411256385
1 0.32661831001511604 0.5392180778660477 0.14968075256024874 0.07584540339440445
1 0.14961546523443564 0.5842664365718917 0.19884629465362358 0.08862720452587247
1 0.1654448625612474 0.6280937046240684 0.2028967578219206 0.07771697560311139
1 0.3410217152344356 0.5853800055591448 0.1664132262518896 0.06813289734428025
1 0.340058454711092 0.582250460379605 0.15758425782192056 0.07745335518980259
1 0.6033250231834131 0.5298941166026798 0.14968075256024882 0.07584540339440445
1 0.6170458889401939 0.564337294295777 0.13314569994353037 0.060129499803608155
1 0.6261702599586464 0.6003157009116353 0.13020271046687384 0.0632363190854491
1 0.6290446309770988 0.6362577460911751 0.14591871572854576 0.06488972267624522
1 0.6382145046263873 0.6730174027070335 0.14904371572854574 0.06490790339440444
1 0.6639194308923942 0.7254929629136878 0.15253273677523324 0.07117608411256367
1 0.48818514157102977 0.5643685896717086 0.14811825256024883 0.07583631303532493
1 0.49694549154279494 0.5940969962875668 0.14077618942018652 0.05704995159900648
1 0.5068511125612474 0.630079948082965 0.14150423151356134 0.0695499515990063
1 0.5179930098880592 0.6738799450579028 0.13534523677523325 0.07107609016268786
1 0.5202226387990194 0.7121611950579029 0.1477542315135615 0.06958631303532492
1 0.5403755150791438 0.7497657341873184 0.14811825256024883 0.07583631303532493
1 0.6840190992658934 0.7755929568635637 0.1565677893919517 0.08681926483072289
1 0.6995222729010644 0.8272281797362006 0.1468287683452644 0.08051472267624504
1 0.7189394018120248 0.8656094236860763 0.13736276308359247 0.07889768052176756
1 0.7373400622930161 0.9133565772768726 0.1405787683452644 0.08047836123992695
1 0.6199551412180939 0.9361032099868216 0.15611276308359248 0.07900676483072289
1 0.6080774965221181 0.893079917832344 0.16043624203690499 0.07278403590796145
1 0.5898056386578452 0.860953219062008 0.15087923151356133 0.06960449375348396
1 0.5793917834244081 0.82965322208707 0.15492969468185844 0.05869426483072289
1 0.5607481992376586 0.8045532281371942 0.1711917315135615 0.06972266842151917
1 0.5575021018967294 0.7756378877781145 0.16007222099021767 0.06653403590796181
1 0.4763262385590231 0.9626732377033598 0.18883425782192056 0.07465352459328045
1 0.45814538595642207 0.9335998578220812 0.1964647472985769 0.07455561416679295
1 0.44525127283047733 0.899942475308524 0.19820925782192056 0.07768970452587283
1 0.4292776623353685 0.8670481620768072 0.19664675782192056 0.07768061416679331
1 0.4215337807935723 0.8279538458200285 0.18754477360693614 0.08231357201231546
1 0.4088216781909712 0.7974214633064713 0.17744173151356132 0.06975902985783762
1 0.4005240598033546 0.7622288518701529 0.16824874203690499 0.07282948770335977
1 0.3817439677240972 0.7347851079202771 0.18378273677523324 0.07135789129415607
1 0.3668246230140039 0.7065828398681002 0.18414675782192055 0.07760789129415606
1 0.3647770046263873 0.6714265898681002 0.18570925782192055 0.07761698165323558
1 0.34682366517796587 0.6447686410977643 0.18360072625188958 0.06823289129415606
1 0.347301807313693 0.6127510266363837 0.16181673151356132 0.06966812626704133
1 0.1729157283180281 0.6625005208808471 0.2206302893919517 0.0871919695529872
1 0.184747870383168 0.7047425630353248 0.22604583148532648 0.09971924063022612
1 0.21069572035493317 0.7345709636010589 0.21759629465362354 0.08873628883482798
1 0.2187203229575342 0.7650760750373774 0.19866428413027978 0.08550220452587247
1 0.22402944923765858 0.8025942557555366 0.20638577886860796 0.08398515632127079
1 0.2727924439053996 0.8755095809893056 0.19168624203690507 0.07296584308955403
1 0.2588818623494859 0.8512181081166688 0.21723227360693614 0.08248628883482781
1 0.2530567965785878 0.8316595870394299 0.2042772472985769 0.07460106596219092
1 0.2836613254471958 0.9146220779642438 0.19424979991529537 0.09016243344863355
1 0.2751732622365465 0.9690817981064062 0.21301521046687402 0.06183640378718778
1 0.29255818331146866 0.9466942345801019 0.1620897472985769 0.07435562626704133
1 0.2823788174841008 0.9854971384654856 0.2173540999717652 0.02900572306902873