1 0.8306179884644382 0.9685895057964924 0.14045458163720567 0.029799215615069485
1 0.8343228426028813 0.9497304030229508 0.14554487336031982 0.06737195079743045
1 0.823023494457332 0.913229858570034 0.15023237336031983 0.06748105357097245
1 0.8272263155790883 0.8740218882053119 0.15327548620519024 0.06599128875333342
1 0.8223407417437987 0.8405008733876731 0.14702548620519024 0.06584581838861112
1 0.8234185628655549 0.8013656382053117 0.12951043758467123 0.05919577488562524
1 0.825277633987311 0.7622122192273604 0.1360060990500603 0.06402874525034719
1 0.8345807129109835 0.7158457122935062 0.14102114767057933 0.070387848023889
1 0.8441261312737776 0.6890286391552424 0.13765048620518988 0.06562761284152785
1 0.8476295895506635 0.6514013525861104 0.13904921189493039 0.06253898043270852
1 0.8498571528705036 0.619279183608159 0.14233798620519025 0.06573671561506948
1 0.8522075469230384 0.5895007646302076 0.14373671189493073 0.06264808320625015
1 0.8613025859326189 0.5540899414919437 0.15047803482570926 0.07216855357097245
1 0.8720420120973292 0.5202052507624992 0.1577173247398008 0.061412891526875055
1 0.88660580110691 0.4846671410551034 0.15829053482570926 0.07235039152687506
1 0.916871536351818 0.4511091054359021 0.16625692729636404 0.07721972948277803
1 0.9012614433504222 0.40610572996093675 0.15952548620519025 0.06613675911805572
1 0.9087939823600028 0.37073127441385345 0.1452992118949304 0.06268445079743072
1 0.909418102102278 0.3378642230270826 0.15327548620519024 0.06599128875333342
1 0.917730811849502 0.302344297115277 0.164538376300996 0.0727504350298613
1 0.9172062686560501 0.26259146609322837 0.14735303482570927 0.0720958183886113
1 0.907800291157287 0.21744262025354094 0.1425017605154494 0.06886171561506957
1 0.6979725848009652 0.9599438172512496 0.1713703889641522 0.05392769984750032
1 0.7062011646291486 0.937850611704166 0.15697369629109836 0.0770015239356944
1 0.702055897216294 0.9035301630909369 0.1456267605154496 0.06893445079743081
1 0.695444049070745 0.8669205158644786 0.15072369629109836 0.07685605357097244
1 0.700141515149547 0.8222256117041662 0.15541119629109837 0.07696515634451409
1 0.710222522046952 0.7907028547703119 0.13789614767057934 0.07031511284152785
1 0.6889749638154945 0.7434830158644786 0.15697369629109836 0.07700152393569457
1 0.7051831399802049 0.7094710385659022 0.14439180913596844 0.07514808320625015
1 0.7024775418346557 0.6727704723614926 0.15031426051544958 0.06904355357097244
1 0.7180682423096256 0.6419016788585064 0.1315642605154494 0.06860714247680555
1 0.7184467005865114 0.6043471274717355 0.14784435775648747 0.08147081838861112
1 0.7320245217082677 0.56492095155993 0.14118492198083885 0.073512848023889
1 0.7388576978729781 0.5311271798084369 0.14447369629109835 0.07671058320625015
1 0.7578633254171694 0.4907924673274994 0.15212242198083886 0.07376742116215276
1 0.764901219469704 0.4609049455760063 0.14217421189493057 0.06261171561506948
1 0.7689812098587656 0.4193532252112841 0.1456267605154496 0.06893445079743063
1 0.771253038782438 0.3731503724377424 0.14611808344622795 0.07830945079743072
1 0.7738114727490644 0.33241626966420074 0.14250176051544958 0.06886171561506957
1 0.7690520516727368 0.28637707105097154 0.15384869629109837 0.07692878875333342
1 0.7895382920617984 0.24444349097885354 0.14488313206674697 0.08452308320625015
1 0.7900429030976464 0.1943707557964924 0.14003185775648747 0.08128898043270846
1 0.6760279907277459 0.1680829723614925 0.13460072930778502 0.09676851006798622
1 0.5534602719354103 0.14277646067798566 0.15401247060135786 0.08005378875333347
1 0.41271908525525036 0.11398192629305522 0.15285940637700665 0.0878299211621529
1 0.2434058412481442 0.062386324753784514 0.19282266508343388 0.10592661094166682
1 0.682100928312417 0.2242602371791314 0.12909435775648745 0.08103440729444458
1 0.5638488952957301 0.20667530651767313 0.1588637449116174 0.08328789152687514
1 0.4055926599950512 0.17203081563572883 0.1633874706013579 0.08027199430041683
1 0.23907354534115868 0.1289744127096873 0.19899077792830414 0.10450958130638907
1 0.6482482287419582 0.2798023755718745 0.11898237336031983 0.06675370174736121
1 0.5344380342598821 0.25742084213687455 0.14973440637700647 0.08775718597979179
1 0.39098460538163843 0.22164960913871495 0.19117827792830405 0.1043277433504863
1 0.20921230495209708 0.1711261983288887 0.18378185775648764 0.08230727298576408
1 0.2119588466752111 0.2086080145332984 0.21190685775648763 0.08296188962701408
1 0.6494732140426371 0.31810180936746474 0.14250176051544958 0.06886171561506957
1 0.5178989874483856 0.3000447532310412 0.14636374491161738 0.08299695079743064
1 0.3884228493887446 0.27724564570784693 0.1691395036180447 0.1006935970739585
1 0.19316125904511156 0.23798704321864567 0.20894563206674704 0.08601415444465292
1 0.17941966361309583 0.27428821913045126 0.19965251922187685 0.08735844889756965
1 0.16234835029325576 0.3067558802246179 0.22670634215265534 0.09735169794763907
1 0.6529157965843541 0.3688648755718745 0.14233798620519006 0.06573671561506958
1 0.5215462878779269 0.354714069435451 0.1411030348257091 0.071950348023889
1 0.38557448835289665 0.32737293227697883 0.17826884215265534 0.09622430262104179
1 0.6467410396869491 0.4002967135277773 0.1453810990500603 0.06424695079743063
1 0.6344800570998037 0.4349990218484022 0.1471892605154496 0.06897081838861112
1 0.5042259910664301 0.39735616432520793 0.16363313206674696 0.08495949430041687
1 0.35242447365357554 0.36647245307854137 0.15088747060135788 0.07998105357097236
1 0.16998710990419416 0.348034843655486 0.18254690637700657 0.08852090539458342
1 0.6150649937799636 0.46752123432933973 0.15508364767057933 0.07071515634451409
1 0.48587878278954416 0.43532894301055514 0.15195864767057934 0.07064242116215276
1 0.33111603968694914 0.4076429669462497 0.15269563206674713 0.08470492116215293
1 0.14172931309269748 0.3909315116835068 0.16314180913596857 0.07558449430041687
1 0.5966358983479478 0.503931513014687 0.1582905348257091 0.07235039152687506
1 0.4670402515818797 0.46392672169590243 0.14883364767057933 0.07056968597979178
1 0.4638267203742152 0.4921608244694441 0.1600168091359686 0.07551175911805572
1 0.3225123236081471 0.45242879008451364 0.15541119629109837 0.07696515634451409
1 0.12955021766068175 0.4271963200041318 0.20771068068726609 0.09222778685347244
1 0.12653808231457433 0.4741986065732638 0.20705558344622807 0.07972778685347244
1 0.31723832541716934 0.5010481280404164 0.17375176051544958 0.06958906743868062
1 0.3178558011069098 0.4979049442448261 0.16330558344622811 0.0787094943004167
1 0.5990106258467106 0.549244013014687 0.15549308344622795 0.07852765634451409
1 0.5978509175698247 0.5868167481970481 0.1374048247398008 0.06094011284152785
1 0.5936071528705036 0.6252434685617704 0.13616987336031983 0.06715374525034719
1 0.5805239767057933 0.6591827106779856 0.15179487336031983 0.06751742116215294
1 0.5747177120064723 0.6976457986338884 0.15656426051544958 0.06918902393569457
1 0.5786516174789677 0.7577838648382981 0.15837242198083884 0.07391289152687505
1 0.47162925429541314 0.5365647879003121 0.15401247060135786 0.08005378875333342
1 0.4679210781307028 0.5702858244694441 0.1467798247398008 0.0611583183886113
1 0.4628551198538169 0.6079494786297566 0.14579053482570908 0.07205945079743081
1 0.4542514037750148 0.6527353017680204 0.14118492198083885 0.073512848023889
1 0.4421951390756937 0.6913438600886455 0.15524742198083885 0.07384015634451409
1 0.44518734226419704 0.7335131762930552 0.15401247060135786 0.08005378875333342
1 0.5768301679085089 0.8125804676118399 0.162398180687266 0.09117312670923639
1 0.5711024683380502 0.8674679893633328 0.15269563206674697 0.08470492116215311
1 0.5741765586816834 0.9111998055677425 0.1432387449116174 0.08292421561506984
1 0.5717818990253164 0.9550589083412842 0.1456267605154496 0.06893445079743046
1 0.4474436403188891 0.9407444480445484 0.16190685775648764 0.08179812670923639
1 0.45370360639769125 0.8960131762930551 0.16634869629109836 0.07721972948277767
1 0.44861331467457716 0.8585859114754164 0.1584543091359686 0.07547539152687506
1 0.4514992972617226 0.8241018087018747 0.16248671189493055 0.0630844943004167
1 0.44365249773669246 0.793778529066597 0.18024742198083885 0.07442203780340292
1 0.4523347789443569 0.7654171397239232 0.16758364767057934 0.07100609707395851
1 0.2936259215265536 0.9161652881846525 0.19800813206674714 0.0857595813063888
1 0.2876724926483098 0.8771937071626039 0.20384869629109836 0.07809255167111111
1 0.28965439450276065 0.8403840381846525 0.20713747060135787 0.08129028685347243
1 0.2869078527796466 0.8029022219802429 0.20401247060135788 0.08121755167111147
1 0.2965384803238379 0.7627857150463887 0.19488313206674715 0.08568684612402784
1 0.29551821291098335 0.7283925312507984 0.18477114767057934 0.07140614057694457
1 0.30305075192056397 0.6930180757037151 0.1740793091359686 0.07583906743868063
1 0.2949992345077094 0.6587885460684373 0.1911030348257091 0.07311411094166687
1 0.2924983542499846 0.6259942298640275 0.18994997060135788 0.0808902433504862
1 0.30636278041469495 0.592036803952222 0.19315685775648764 0.08252547853284735
1 0.29843409373453506 0.5601510243169442 0.19093926051544957 0.06998911094166686
1 0.31250323778706973 0.5300998484051387 0.16758364767057934 0.07100609707395851
1 0.13010681761525325 0.5124434889820833 0.21075379353213633 0.09073802203583341
1 0.12849340795888628 0.5562844079600346 0.20359639077317437 0.10305618407993081
1 0.13432400610443546 0.5929122389820833 0.21083568068726607 0.09230052203583342
1 0.12823113636216027 0.6259065769379861 0.19504690637700656 0.08881184612402784
1 0.12624923450770942 0.6627162459159374 0.18715251922187687 0.08706750816812522
1 0.1331786651949755 0.7501616945291666 0.19118492198083886 0.07467661094166686
1 0.13721438998020485 0.7226906579600346 0.2026956320667471 0.0858686840799308
1 0.13454641338595322 0.7016332755512151 0.19916119629109835 0.07798344889756965
1 0.13144242480591395 0.791658863507118 0.18443695499752563 0.09480727298576408
1 0.12263066881302014 0.8474003704409722 0.16026247060135787 0.08019925911805573
1 0.12226549864120362 0.8255071866453818 0.16166119629109832 0.07711062670923638
1 0.12138907338100444 0.8834106056233333 0.15417624491161736 0.08317878875333343