1 0.07890625 0.1609375 0.04609375 0.121875
1 0.11796875 0.16484375 0.0359375 0.128125
1 0.15078125 0.1796875 0.03515625 0.13203125
1 0.1875 0.18125 0.03203125 0.13515625
1 0.2171875 0.18984375 0.03359375 0.12890625
1 0.25390625 0.19453125 0.03203125 0.11171875
1 0.28984375 0.19765625 0.034375 0.11875
1 0.33359375 0.19453125 0.03828125 0.12265625
1 0.36015625 0.18984375 0.0359375 0.1203125
1 0.39453125 0.19140625 0.03203125 0.121875
1 0.42421875 0.19375 0.03359375 0.1234375
1 0.45234375 0.1953125 0.03203125 0.12578125
1 0.48671875 0.19140625 0.0390625 0.13203125
1 0.51953125 0.1859375 0.02734375 0.140625
1 0.55390625 0.1765625 0.03828125 0.13828125
1 0.5890625 0.15390625 0.04140625 0.14375
1 0.62890625 0.17421875 0.03203125 0.14296875
1 0.66171875 0.171875 0.03203125 0.1265625
1 0.6921875 0.17578125 0.0328125 0.1359375
1 0.72734375 0.1671875 0.034375 0.1546875
1 0.7625 0.17734375 0.040625 0.12734375
1 0.80234375 0.1921875 0.0375 0.12421875
1 0.06953125 0.28359375 0.05625 0.146875
1 0.11015625 0.28359375 0.04296875 0.13671875
1 0.140625 0.29140625 0.03671875 0.12734375
1 0.17265625 0.30234375 0.04296875 0.13125
1 0.21484375 0.30390625 0.04296875 0.134375
1 0.24609375 0.2984375 0.040625 0.11796875
1 0.2859375 0.3234375 0.04453125 0.13671875
1 0.31875 0.3140625 0.04296875 0.125
1 0.35234375 0.32109375 0.0359375 0.13203125
1 0.3828125 0.3109375 0.04140625 0.1140625
1 0.41796875 0.315625 0.0484375 0.12578125
1 0.45625 0.3078125 0.04296875 0.121875
1 0.48828125 0.30546875 0.04453125 0.12421875
1 0.528125 0.29453125 0.03984375 0.13203125
1 0.55703125 0.29140625 0.03203125 0.125
1 0.59609375 0.29296875 0.0390625 0.128125
1 0.6390625 0.29765625 0.0453125 0.12421875
1 0.6765625 0.3 0.03828125 0.1234375
1 0.71796875 0.31015625 0.04296875 0.13359375
1 0.759375 0.29765625 0.05390625 0.12109375
1 0.8046875 0.303125 0.05078125 0.11875
1 0.81171875 0.41015625 0.06640625 0.109375
1 0.815625 0.525 0.04609375 0.1328125
1 0.8203125 0.6578125 0.0546875 0.12890625
1 0.84140625 0.81875 0.0640625 0.165625
1 0.76171875 0.396875 0.053125 0.10859375
1 0.75859375 0.5078125 0.0484375 0.1359375
1 0.76640625 0.65625 0.0453125 0.1421875
1 0.7796875 0.81484375 0.0609375 0.1703125
1 0.70546875 0.42109375 0.04140625 0.1015625
1 0.70703125 0.528125 0.0546875 0.12578125
1 0.71875 0.66328125 0.0625 0.1640625
1 0.73671875 0.8359375 0.0421875 0.1625
1 0.703125 0.82890625 0.03828125 0.18828125
1 0.6703125 0.41484375 0.03671875 0.12421875
1 0.66640625 0.5375 0.05078125 0.1234375
1 0.6671875 0.65859375 0.06328125 0.14140625
1 0.67265625 0.84140625 0.04140625 0.184375
1 0.6375 0.84921875 0.04296875 0.1765625
1 0.6046875 0.8609375 0.0484375 0.2
1 0.62421875 0.40625 0.034375 0.125
1 0.61640625 0.528125 0.040625 0.12265625
1 0.6203125 0.6546875 0.0578125 0.1515625
1 0.59375 0.40703125 0.03359375 0.1265625
1 0.5609375 0.41328125 0.0359375 0.12890625
1 0.575 0.53828125 0.04921875 0.13984375
1 0.5796875 0.6796875 0.0453125 0.13125
1 0.56796875 0.84921875 0.04921875 0.16015625
1 0.5265625 0.428125 0.03671875 0.13671875
1 0.53671875 0.54921875 0.03671875 0.1328125
1 0.5390625 0.69375 0.05078125 0.13046875
1 0.52421875 0.86875 0.040625 0.1421875
1 0.49140625 0.4390625 0.03671875 0.13828125
1 0.5078125 0.56328125 0.0375 0.1296875
1 0.48125 0.5625 0.03984375 0.13828125
1 0.49609375 0.69609375 0.04453125 0.134375
1 0.48828125 0.87578125 0.0484375 0.18125
1 0.44453125 0.87265625 0.03515625 0.1890625
1 0.45078125 0.69453125 0.0328125 0.1546875
1 0.453125 0.69453125 0.04453125 0.1421875
1 0.45078125 0.43046875 0.04453125 0.134375
1 0.415625 0.42734375 0.0328125 0.1203125
1 0.3796875 0.42734375 0.03671875 0.11875
1 0.34609375 0.43359375 0.03515625 0.1328125
1 0.309375 0.43515625 0.03515625 0.1375
1 0.25546875 0.4234375 0.0390625 0.13828125
1 0.44140625 0.54921875 0.04609375 0.1328125
1 0.4109375 0.5484375 0.02890625 0.1296875
1 0.375 0.5484375 0.040625 0.12578125
1 0.33203125 0.54921875 0.04375 0.12109375
1 0.29609375 0.55625 0.040625 0.13515625
1 0.25703125 0.54765625 0.04609375 0.13359375
1 0.20546875 0.41796875 0.05625 0.1375
1 0.153125 0.415625 0.05078125 0.13125
1 0.11328125 0.40703125 0.0515625 0.121875
1 0.06484375 0.40234375 0.05234375 0.12421875
1 0.0671875 0.51953125 0.046875 0.140625
1 0.109375 0.51953125 0.040625 0.1453125
1 0.14296875 0.52890625 0.03984375 0.1375
1 0.17421875 0.53046875 0.02734375 0.14375
1 0.2015625 0.5421875 0.03515625 0.159375
1 0.22890625 0.5375 0.03359375 0.14765625
1 0.065625 0.66328125 0.04375 0.1734375
1 0.10078125 0.67265625 0.03359375 0.1828125
1 0.13515625 0.6765625 0.0359375 0.184375
1 0.16796875 0.68359375 0.0359375 0.1828125
1 0.20703125 0.68046875 0.04375 0.17109375
1 0.2375 0.68515625 0.0328125 0.16484375
1 0.27265625 0.68359375 0.03828125 0.15390625
1 0.3015625 0.69453125 0.03203125 0.17109375
1 0.33125 0.7015625 0.0390625 0.16875
1 0.36484375 0.69375 0.03984375 0.17109375
1 0.39296875 0.70390625 0.0296875 0.17109375
1 0.42265625 0.6953125 0.0359375 0.1484375
1 0.4109375 0.8734375 0.04296875 0.20390625
1 0.36796875 0.8734375 0.0546875 0.2046875
1 0.3359375 0.85625 0.04296875 0.20078125
1 0.30546875 0.85703125 0.04375 0.18359375
1 0.26953125 0.8609375 0.03984375 0.19140625
1 0.19140625 0.834375 0.03203125 0.178125
1 0.21640625 0.840625 0.0375 0.20234375
1 0.23671875 0.84140625 0.03203125 0.18984375
1 0.153125 0.834375 0.0515625 0.17578125
1 0.09609375 0.85625 0.0328125 0.20078125
1 0.12109375 0.8328125 0.040625 0.1484375
1 0.06171875 0.85859375 0.034375 0.20546875