1 0.8706075226110368 0.8693030920093996 0.1335416754978958 0.06638859016268768
1 0.8617880833181427 0.8309627546753819 0.1379563569862416 0.05860336123992695
1 0.8433208255135943 0.8003803751868869 0.14102679328391082 0.057059041958086
1 0.8375718225183695 0.7636207185710286 0.14253472958158006 0.05550563231716552
1 0.8244914691603249 0.7354139053393121 0.13628472958158006 0.05546927088084708
1 0.8155901843139345 0.6994173180052945 0.11887897477225665 0.04911927693097127
1 0.8074701494675443 0.6634252758508168 0.12529266587924895 0.05384313836728971
1 0.8051189649839736 0.6188712999531178 0.1317063569862416 0.058566999803608154
1 0.8076090479235981 0.5923178903121974 0.12847222958158006 0.05542381908544911
1 0.8017781993748769 0.5579019836963391 0.12836310217691818 0.05229881908544911
1 0.7957563778679979 0.5289548270804808 0.12998016587924913 0.05387040944452863
1 0.7897345563611188 0.5000076704646226 0.13310516587924895 0.053888590162687856
1 0.789399739663563 0.464842330105543 0.14119048439090348 0.061746541958086
1 0.7913541092636762 0.43125312528508275 0.1470585384745874 0.050845403394404444
1 0.7957613562684515 0.39455255600324196 0.1474404843909035 0.06178290339440444
1 0.8142856669755574 0.3563712999531178 0.15374504809323425 0.06338176483072289
1 0.7897866639803326 0.3195025590283041 0.15034722958158006 0.05555108411256367
1 0.7878075017292805 0.28667187831014485 0.13310516587924912 0.053888590162687856
1 0.7802777439247321 0.25615313133520695 0.14253472958158006 0.05550563231716561
1 0.7846849909295074 0.2194525620533662 0.1613938569862416 0.05873971662612103
1 0.7702058286784552 0.18654915846257 0.1349404843909035 0.06171018052176751
1 0.7496949212367268 0.14735939343545534 0.13165179328391083 0.05700449980360824
1 0.7476958122667504 0.8982815440011894 0.15903274881887378 0.08059653590796181
1 0.7428644685273527 0.8576201825648709 0.14442461179556504 0.06488972267624504
1 0.7321824288716391 0.8278645048717739 0.1363938569862416 0.05859427088084708
1 0.7160589210670907 0.797295760921898 0.14129961179556502 0.064871541958086
1 0.7097196410300237 0.7550628091264999 0.14442461179556504 0.06488972267624522
1 0.7116194469278063 0.7230361043060398 0.12551092068857236 0.06009313836728971
1 0.6808431620814159 0.6869122519449077 0.1460962392002269 0.06802381303532493
1 0.6867583453838602 0.6517832730221464 0.13499504809323426 0.06327268052176756
1 0.6754041831328083 0.6188980501495095 0.1410813569862416 0.058621541958086
1 0.6819642071794253 0.5876798664062882 0.12238592068857254 0.060074957649130664
1 0.6730356404818696 0.5524645290722706 0.1367758029025577 0.06953177088084708
1 0.6759622330401409 0.5134111194313503 0.13030754809323425 0.06324540944452864
1 0.673983070789089 0.48058043871319106 0.13504961179556502 0.06483518052176755
1 0.6801165089008567 0.4392014597904299 0.14119048439090348 0.061746541958086
1 0.6795634373939775 0.4102861194313503 0.13310516587924912 0.053888590162687856
1 0.6731150299522489 0.3711781676359521 0.13801092068857254 0.060165861239926774
1 0.6644592817663474 0.32815033030193463 0.13354167549789597 0.06638859016268786
1 0.6571750606222879 0.29060033332699675 0.13165179328391083 0.05700449980360824
1 0.6413516531805593 0.25143783937712094 0.14286211179556502 0.0648806323171656
1 0.6491567186969888 0.20694295081343944 0.13381449400955017 0.07420109016268786
1 0.6382117842134182 0.16233897794080251 0.13058036660488845 0.07105790944452864
1 0.5284548382971022 0.17264015280522926 0.1233135036281972 0.08663745764913058
1 0.4115847968272899 0.18524417105379773 0.14297123920022675 0.06800563231716557
1 0.2774181279528159 0.20087319535249043 0.14173612141421196 0.077371541958086
1 0.11238340499465789 0.20538291246959073 0.17972719473518967 0.09165221057599685
1 0.5478843953760111 0.2204191226528041 0.11964286660488846 0.07099427693097135
1 0.4369915353945445 0.24087200233769104 0.14620536660488845 0.07114881303532483
1 0.28644589837123596 0.2556243278660477 0.1524008029025577 0.06962267447164336
1 0.1243179206037545 0.26640222570130734 0.1827976310328588 0.09010789129415606
1 0.5309399428362731 0.2804890142415477 0.10983135698624161 0.0584397347764936
1 0.42258180581296456 0.2954867794650541 0.1385565577118811 0.07579086123992677
1 0.284727141747814 0.3048430778660477 0.17649306733052797 0.08850902985783762
1 0.10864579138499426 0.31241416246959075 0.17265873920022679 0.06817834913967839
1 0.1192187036360463 0.34529484016268785 0.19615080290255765 0.06987720452587265
1 0.5414310095338288 0.31571344193464485 0.13165179328391083 0.05700449980360833
1 0.4179835858500314 0.3376560987468949 0.13370536660488846 0.07107609016268786
1 0.2962350714220611 0.3557015959182245 0.154563503628197 0.08681926483072289
1 0.11104161588709831 0.37806643354682967 0.1946428666048885 0.07143061416679294
1 0.10744290073348864 0.4139902980082102 0.1868849303072194 0.0729476623713948
1 0.1022407959202406 0.449105641392352 0.2044815918404812 0.08089651775758924
1 0.5555282258685649 0.359554345525441 0.13154266587924912 0.05387949980360833
1 0.4342335792266095 0.3869793878763105 0.13176092068857254 0.060129499803608336
1 0.30556294220330094 0.4018589784317818 0.1638293762235353 0.08374880698520056
1 0.5591244518219478 0.3908316166026799 0.1331597295815799 0.05545109016268794
1 0.5563888322218343 0.42441627624360023 0.1379563569862416 0.05860336123992678
1 0.4296080774125109 0.42992995715815124 0.1509474303072194 0.07273858411256366
1 0.28523059483570606 0.4470623941228264 0.14140873920022673 0.067996541958086
1 0.11592503412860011 0.48436643052176753 0.17136905771188107 0.0759817587805987
1 0.5465128352170593 0.46108502926866235 0.1442063569862416 0.05863972267624522
1 0.42274795300307416 0.4697418909013725 0.1410813569862416 0.058621541958086
1 0.27594487487277297 0.4892044423274283 0.1400099303072194 0.07267495159900647
1 0.10100687305867444 0.5311641624695908 0.15062004809323426 0.06336358411256367
1 0.5389533063611187 0.4985486678323439 0.14738592068857237 0.060220403394404445
1 0.41228167895645706 0.5009373487468949 0.1379563569862416 0.05860336123992678
1 0.4160415960168324 0.5275271198241337 0.14749504809323427 0.06334540339440445
1 0.279104591207509 0.5329817134046672 0.14447917549789596 0.06645222267624522
1 0.09972462605389934 0.5678829124695908 0.1933531851165428 0.07923402380771342
1 0.10679059238863538 0.6116829094445286 0.19760417549789597 0.06676129488495217
1 0.2861159938399142 0.578344210379605 0.1613938569862416 0.05873971662612103
1 0.2861978393934105 0.5760004603796051 0.15078373920022675 0.06805108411256366
1 0.5524329638028472 0.5376975262436002 0.1444791754978958 0.06645222267624522
1 0.559799030500403 0.5729037732185381 0.1268006021769182 0.05228972872636941
1 0.5648213471979588 0.6080963846548567 0.12852679328391084 0.056986319085449114
1 0.5620311638955146 0.643243544295777 0.13940972958158007 0.055487451599006476
1 0.5662176668907394 0.6799941105525557 0.1457688569862416 0.05864881303532492
1 0.5846750010114903 0.7332372852205907 0.14749504809323427 0.06334540339440445
1 0.4350445671608919 0.5651452944921689 0.14297123920022675 0.06800563231716553
1 0.4386407931142748 0.5964225655694075 0.1361210384745874 0.05078177088084708
1 0.4436631098118305 0.631615177005726 0.1349404843909035 0.061710180521767556
1 0.44763135799773196 0.6746157432625047 0.13030754809323425 0.06324540944452864
1 0.4455405791417915 0.712111198082965 0.1443154843909035 0.06176472267624522
1 0.45829355028585095 0.7496930113146816 0.14297123920022675 0.06800563231716553
1 0.5962374943880684 0.7825333032727675 0.15116568511654283 0.07898858411256367
1 0.6045931422111501 0.8341548906067849 0.14157243030721922 0.072684041958086
1 0.6181000815040442 0.8725224990180415 0.1337599303072194 0.07263859016268767
1 0.6297171385829531 0.9202560170702181 0.1353224303072194 0.07264768052176755
1 0.5096129697084791 0.9359668546006275 0.15245536660488845 0.07118517447164337
1 0.5056174396714121 0.8937475383438487 0.15374504809323425 0.06338176483072289
1 0.49189224556919475 0.8616299299325924 0.14749504809323427 0.06334540339440445
1 0.4859522696158118 0.830339023316734 0.1517460384745874 0.05087267447164336
1 0.4712002888531055 0.8052481197259379 0.1677529843909035 0.061901078062439295
1 0.4721824354950609 0.7771231197259378 0.1551438569862416 0.05870335518980241
1 0.3657984823223508 0.9593538367448424 0.1837599303072194 0.07292948165323594
1 0.3513193200712988 0.9264504331540462 0.19124504809323425 0.06359993344863354
1 0.34392597152257764 0.8920254361791082 0.19291667549789598 0.06673402380771343
1 0.3325445274203601 0.8599214633064711 0.19135417549789596 0.06672493344863355
1 0.33156486997863155 0.8208453277678519 0.18058036660488846 0.07134880093507653
1 0.3216640803229178 0.7910941952542945 0.17394842068857255 0.06037493949875809
1 0.3197667636253621 0.7559197645361353 0.1630654843909034 0.06187380698520073
1 0.30509662841615204 0.7284851109453392 0.18019842068857256 0.06041130093507654
1 0.29441458876043824 0.698729433252242 0.17890873920022674 0.06821471057599666
1 0.2979587402117171 0.6643680687908614 0.18203373920022675 0.06823289129415606
1 0.2840425731513417 0.6377192103796051 0.1801438569862417 0.05884880093507636
1 0.2890400971979588 0.6064919362773041 0.15519842068857254 0.06026585518980241
1 0.11027769093735655 0.6460851805217676 0.21511905771188106 0.07623628883482816
1 0.11583572097442343 0.6883135871376258 0.21873513103285877 0.09031696955298721
1 0.1374552606301372 0.7181328973442802 0.2104315577118811 0.07620901775758923
1 0.14027023658352006 0.7494056232419792 0.1931894940095502 0.07454652380771343
1 0.14055048957874494 0.786133463601059 0.2008928666048885 0.0714669756031114
1 0.1778297455691947 0.8598027677575892 0.1865029843909034 0.062010162371394985
1 0.167737982955323 0.8355203852440318 0.21183036660488855 0.07153060811666875
1 0.1645410610856241 0.8151851593463327 0.19905754809323425 0.06364538524403188
1 0.1819344030109233 0.898897084014368 0.18715774881887365 0.08076016237139498
1 0.16733370047118537 0.958980611141731 0.20854167549789598 0.06682492739850972
1 0.1878470971131408 0.9309692406302261 0.15697917549789597 0.06652494554888193
1 0.16894084048971883 0.979188051131468 0.2139732199629331 0.041623897737063945