1 0.7027774325158992 0.9931934876509031 0.14079159997176519 0.013613024698193855
1 0.7085569956559613 0.9744798552420836 0.1461007262518894 0.05104028951583288
1 0.7029741245669217 0.9457450979269797 0.15069722099021768 0.06904355357097244
1 0.7114992561087179 0.906828068291702 0.15529371572854594 0.06759015634451408
1 0.7111121192346627 0.8731797669049313 0.14748121572854575 0.06740831838861112
1 0.7165122507764587 0.8341900020872923 0.13002069994353035 0.06232077488562524
1 0.7242561323182551 0.7952547886564243 0.13654371572854593 0.06715374525034737
1 0.7393952849067387 0.7502332293858687 0.14150423151356134 0.071950348023889
1 0.7526611243551601 0.7239434863197228 0.13819722099021767 0.06875261284152785
1 0.7610952506352845 0.6865889566844452 0.1394867052052021 0.06410148043270851
1 0.7668216058687214 0.6554298756623964 0.14279371572854593 0.06729921561506949
1 0.7724569558404866 0.625833294640348 0.14426521046687385 0.06577308320625015
1 0.7862688268589391 0.590168551574202 0.15253273677523324 0.07376742116215276
1 0.8014611873540479 0.5576651760992368 0.1582367052052021 0.06453789152687506
1 0.8214775557416646 0.5229271533978131 0.15878273677523325 0.07391289152687505
1 0.8545931636059375 0.4916232552214243 0.16686825256024881 0.07878222948277802
1 0.844777818825257 0.4452385644919799 0.16007222099021767 0.06926175911805572
1 0.8568906819512019 0.4118812038346535 0.14582771046687384 0.06580945079743064
1 0.8619722950771465 0.3783601890170146 0.15529371572854558 0.067590156344514
1 0.8804261634647632 0.3435857987244105 0.17606124203690499 0.0758754350298613
1 0.8803575450065594 0.3044687473376396 0.14793624203690497 0.07522081838861121
1 0.8760109502258789 0.2582113431773271 0.14453822625188942 0.07046058320625015
1 0.5715197272401099 0.978202960865417 0.17202618942018652 0.04359407826916595
1 0.5830865587960236 0.9612245745147051 0.15758425782192056 0.07755085097058974
1 0.5842619219219684 0.9289004772016671 0.14619173151356152 0.07205945079743045
1 0.5808862929404208 0.8928356906325352 0.15124325256024881 0.07841855357097245
1 0.5913379455289045 0.8477050285884381 0.15602175782192057 0.08009015634451373
1 0.6064393007623414 0.8167641531134727 0.13837923151356152 0.07187761284152785
1 0.5912917138741688 0.7679084258148964 0.15758425782192056 0.08012652393569457
1 0.6111260717384417 0.7362954031134727 0.1449022472985769 0.07671058320625015
1 0.612528948018566 0.6987772193178825 0.15078822625188942 0.07060605357097245
1 0.6329625453594951 0.6703073804120492 0.1321292315135615 0.07173214247680573
1 0.6375814269012915 0.63129943179882 0.1483912683452644 0.0830333183886113
1 0.6562173058122518 0.5934000415062158 0.1417772472985769 0.07663784802388918
1 0.6683301689381965 0.5600426808488894 0.14655575256024883 0.07830945079743082
1 0.6909178004799928 0.5214529595342368 0.15262374203690499 0.07532992116215294
1 0.7020674030825937 0.49120241508132007 0.1426117052052021 0.06417421561506949
1 0.7115102925168978 0.44995981924163253 0.14619173151356132 0.07205945079743081
1 0.7196636977362173 0.4039933558107645 0.14664675782192055 0.07987195079743063
1 0.7282343319088496 0.36429507617548673 0.14453822625188942 0.07046058320625015
1 0.7285752371281691 0.3181467747887159 0.15436825256024883 0.07849128875333342
1 0.7544243765624731 0.27728603865642426 0.14553928413027978 0.08764808320625014
1 0.7619785423051363 0.22817639142996593 0.1405787683452644 0.08285148043270843
1 0.6512531449077373 0.19508917486496583 0.13680132096198286 0.09836737765916678
1 0.5335420001411744 0.16105705413965324 0.15611276308359248 0.08165265634451405
1 0.39648161589795505 0.12344533852458368 0.15353379465362343 0.0909549211621529
1 0.23422381057981342 0.061777873859444644 0.1951598525320139 0.1090879785328474
1 0.6511474581183867 0.250630660047327 0.1312037683452644 0.08263327488562507
1 0.5344527817817927 0.2260099069131949 0.15951077886860787 0.08641289152687515
1 0.3813956712160966 0.1809850815907295 0.1640162683452644 0.08339699430041678
1 0.2210265895895958 0.1271846683123613 0.19975634727034208 0.10763458130638903
1 0.610507776590708 0.30366408785899357 0.11944722099021768 0.06831620174736122
1 0.4979468634082934 0.2752280037028129 0.1503177893919517 0.08931968597979179
1 0.36134150547343336 0.22980378808774335 0.19194384727034208 0.1074527433504863
1 0.18658370015529177 0.1678453826931599 0.18598227360693614 0.08546864057694456
1 0.1836183238751674 0.20532719889756962 0.21254477360693613 0.08608688962701408
1 0.6058888950489116 0.3426720364722227 0.14453822625188942 0.07046058320625015
1 0.4768307266048254 0.31541659260864624 0.14691977360693614 0.08455945079743063
1 0.35112507131491866 0.2843276339274309 0.1697958314853265 0.10225609707395851
1 0.16244897916507411 0.23299760400781264 0.20960178413027988 0.08913915444465292
1 0.14394960814662155 0.26855324430041677 0.2018802893919517 0.09051981648875014
1 0.12411525028234867 0.3001662670018404 0.22586382096198282 0.1004403303564585
1 0.6021954766754125 0.39265385267663244 0.14279371572854577 0.06729921561506949
1 0.47286429244631056 0.37008590881305603 0.14159523677523325 0.073512848023889
1 0.34196290294141946 0.33418216356270863 0.17898882096198276 0.09934930262104177
1 0.5925173688111396 0.4245032647207297 0.14591871572854576 0.06737195079743064
1 0.576498255685195 0.45776970640010467 0.1476632262518894 0.07053331838861113
1 0.4508759003811707 0.41181881392329894 0.16419827886860805 0.0865219943004167
1 0.30379577403045915 0.3716269589655558 0.15298776308359247 0.08157992116215285
1 0.12404736084804466 0.34162706838861123 0.18478379465362355 0.09168227298576408
1 0.551976397820922 0.48927362632798665 0.15565773677523326 0.07384015634451409
1 0.42842477673188223 0.44806478523795173 0.15253273677523324 0.07376742116215293
1 0.2773018924886629 0.4101257613022572 0.15326077886860806 0.08626742116215294
1 0.09116697141374067 0.38232415036059036 0.16374325256024874 0.07870949430041678
1 0.5296162794333054 0.5239570976426393 0.15878273677523325 0.07391289152687505
1 0.40491168202178895 0.475680638961424 0.14931673151356134 0.07213218597979179
1 0.3993673373116957 0.5037147199834726 0.1605272472985769 0.07707425911805572
1 0.2629439899001793 0.4551655043684031 0.15602175782192065 0.08009015634451408
1 0.088756997545632 0.41956957722232646 0.177513995091264 0.09357208130638899
1 0.08449828441262852 0.4655360406531946 0.16899656882525704 0.08107208130638917
1 0.252310326788352 0.5034211664125003 0.17431673151356133 0.07271406743868063
1 0.25244683468085977 0.5010774164125003 0.16392526308359248 0.0818344943004167
1 0.5270226294756577 0.5684883476426393 0.15611276308359248 0.08165265634451409
1 0.5201510031955332 0.6058792448690976 0.1379242052052021 0.06406511284152785
1 0.510108874284573 0.6439786569131949 0.13819722099021767 0.06875261284152785
1 0.4940897611586282 0.67724509859257 0.15235072625188942 0.07064242116215276
1 0.48248513224766787 0.7153081430454866 0.1570382262518894 0.07075152393569457
1 0.47898142967330176 0.7754643930454865 0.16043624203690499 0.07551175911805572
1 0.40146118735404795 0.5483550727570142 0.15611276308359248 0.08165265634451409
1 0.39251882685893913 0.5810039185967018 0.14720819994353027 0.0627208183886113
1 0.38330345057881476 0.6183402644363893 0.14628273677523324 0.07362195079743081
1 0.3689000453594953 0.6641612575025351 0.1417772472985769 0.076637848023889
1 0.3511819243410427 0.6997350815907295 0.15583974729857691 0.07696515634451409
1 0.34946052964506685 0.7427220153863198 0.15611276308359248 0.08165265634451409
1 0.470327495514787 0.8300246064763546 0.16309080517696728 0.09429812670923639
1 0.45776731135627224 0.8844939009292713 0.15326077886860806 0.08626742116215276
1 0.45443791402946054 0.928225717133681 0.14544827886860787 0.08608558320625015
1 0.4470202561793051 0.9682999775829169 0.14802724729857691 0.06340004483416628
1 0.32494783510438274 0.9486810746568753 0.1640162683452644 0.08339699430041705
1 0.3369164850620305 0.9043680302039586 0.16686825256024873 0.07878222948277802
1 0.3367113587113189 0.8675947288171878 0.1589647472985769 0.07703789152687505
1 0.34418222446809965 0.8333470153863198 0.1629242052052021 0.06464699430041669
1 0.3397068270707007 0.8027327950215974 0.180748742036905 0.07598453780340293
1 0.351501171780794 0.7748441843642712 0.16815773677523324 0.07413109707395851
1 0.17437868770698384 0.9146664845167709 0.19866428413027984 0.08888458130638881
1 0.17431006924878006 0.8755494331300003 0.2044592578219206 0.08121755167111147
1 0.1811361928980685 0.8389397859035418 0.2077662683452643 0.08441528685347244
1 0.18249356654735696 0.8022028521079516 0.2046412683452643 0.08434255167111111
1 0.19735970335082503 0.7618687928373961 0.19553928413027982 0.08881184612402784
1 0.20083331384593386 0.7290926604285766 0.18534523677523324 0.07453114057694457
1 0.21234693749522235 0.69259211597566 0.1745897472985769 0.07740156743868062
1 0.20878929799033114 0.659652329406528 0.19168624203690507 0.07623911094166687
1 0.21074591111627589 0.626058579406528 0.1905787683452643 0.0840152433504862
1 0.2283275242422207 0.5928285053183335 0.19379477360693614 0.08565047853284735
1 0.2255056321064936 0.560688152544792 0.19150423151356133 0.07311411094166687
1 0.2428597320782587 0.5313643284565975 0.16815773677523324 0.07413109707395833
1 0.08436948179591004 0.5022729744487848 0.16873896359182008 0.09204594889756965
1 0.07932566602501193 0.5474945554708335 0.15865133205002385 0.10436411094166687
1 0.08204884762327788 0.5835229744487849 0.16409769524655576 0.09517094889756965
1 0.07249954237572347 0.6153542026972918 0.14499908475144693 0.0932084053945836
1 0.06750122923566128 0.6512007837193403 0.13500245847132256 0.08990156743868064
1 0.06628806875466989 0.7402996513105209 0.13257613750933978 0.07747430262104178
1 0.07275787663306023 0.7123019378796529 0.14551575326612046 0.09022887575930572
1 0.07169590557225539 0.6903905702884723 0.14339181114451077 0.08078114057694456
1 0.06147176613795139 0.7816149823325695 0.12294353227590278 0.09760496466513899
1 0.04719716353535034 0.8352302916031251 0.09439432707070068 0.08296058320625015
1 0.04930569510538143 0.8149541591943056 0.09861139021076286 0.07990831838861112
1 0.042289855656959995 0.8710768726251736 0.08457971131391999 0.08590374525034719