1 0.1597295560063544 0.021239716626121008 0.1350841120127088 0.04140677088084712
1 0.16508525771063776 0.05954823770335986 0.1397988855516592 0.04299654195808598
1 0.18133754910649555 0.09557664129415604 0.14445911201270886 0.04146131303532483
1 0.18281427434972924 0.13542493647369586 0.1475295649348082 0.038354493753484056
1 0.19198076866768637 0.16828743344863373 0.1413068384737585 0.03988063231716561
1 0.19735010714144488 0.2073772045258726 0.12250229139585782 0.03664654800821019
1 0.20115694561520336 0.24645788524403184 0.12880683847375848 0.03980790944452863
1 0.19808253855318875 0.2940914093463328 0.13354888555165917 0.04296018052176755
1 0.19233709902377003 0.3229612979100144 0.13195911201270882 0.04138859016268785
1 0.1937729139585782 0.3604658430895541 0.13187729139585783 0.036701090162687855
1 0.19589452150706016 0.39250618344863375 0.1350568384737585 0.03984427088084708
1 0.1987701055165918 0.4229885689872532 0.1381545649348081 0.038299951599006475
1 0.19395592045139995 0.4604567527304745 0.1445682061685102 0.04771131303532492
1 0.1875383250777826 0.4955720961146162 0.15369774431795716 0.03370335518980259
1 0.17803664001259076 0.5330130087805987 0.15079093262955987 0.046185174471643366
1 0.15290995494739895 0.570363017855785 0.1570682061685102 0.047784035907961805
1 0.17476736403800844 0.6142357377033598 0.1553693384737585 0.039962445548882106
1 0.17302363189491593 0.6485971021647405 0.1381545649348082 0.038299951599006475
1 0.17674864975182342 0.6829902828828998 0.1475568384737585 0.03991699375348397
1 0.16802821468663157 0.720435740728422 0.16945911201270886 0.0416067587805987
1 0.17886630316039004 0.7595573280624395 0.13834547970746058 0.0492374515990063
1 0.1952413254815244 0.8026169816532358 0.13511138555165916 0.04296927088084708
1 0.29409091923687924 0.021240237506968133 0.16005683847375848 0.039989716626121004
1 0.2938824135548364 0.05404819232742832 0.14931025324641087 0.050863584112563684
1 0.3022676578727935 0.0869061441228264 0.13826365909060953 0.04454995159900636
1 0.3138188124991762 0.12212602663638375 0.14462275324641088 0.050836313035324834
1 0.3154046318982112 0.16822432181592353 0.14931025324641087 0.05086358411256366
1 0.3105222629856435 0.2017862555591449 0.12891593262955983 0.04605790944452863
1 0.33784842207625304 0.24569079166349841 0.15090002678536116 0.052435174471643364
1 0.32675696347211086 0.28156011397040126 0.13837275324641088 0.0507999515990063
1 0.3344291416374438 0.31831977058625954 0.14448638555165924 0.043023813035324834
1 0.32326949918592585 0.3502828428931624 0.1242557061685102 0.0475931383672898
1 0.3278439508902092 0.38858681879086143 0.14004434740221222 0.057059041958086
1 0.32076783644186835 0.43072886699546337 0.13365797970746057 0.04921018052176755
1 0.3182428542987758 0.4650856862773042 0.13681025324641088 0.0507908612399266
1 0.30569798985043495 0.5071959182251273 0.1445682061685102 0.04771131303532492
1 0.3023372106294418 0.5384231923274283 0.1365920649348082 0.038290861239926775
1 0.3038684829505761 0.5813964875069682 0.13985343262955982 0.046121541958086
1 0.3085929391190863 0.6282942134046672 0.13683752678536115 0.052353361239926774
1 0.3116594379012703 0.6697140989432866 0.13511138555165925 0.04296927088084708
1 0.32259298376135503 0.7143044362773041 0.14774775324641087 0.05085449375348396
1 0.3085265296214397 0.7587493278660478 0.13387616801906327 0.061710180521767556
1 0.3148680328678506 0.8087811441228265 0.13069662094116258 0.058566999803608154
1 0.4314242873320775 0.818052125874258 0.12159435633066593 0.07413745764913031
1 0.556547018257354 0.8258106046006274 0.14623980032431164 0.05397040339440444
1 0.7004197491826305 0.8336781676359521 0.14327844155801372 0.06332722267624505
1 0.8750885125753112 0.8604729926733296 0.18250458279171583 0.07292948165323558
1 0.4164072134688156 0.7632828126425414 0.1213216209411625 0.05851245764913067
1 0.5374873266993404 0.7632060654712117 0.14941934740221222 0.05711358411256366
1 0.6986157414719928 0.7750798724564124 0.15561480032431163 0.054024945548882285
1 0.8708043871699216 0.7940485619551703 0.18716480925276535 0.0713942527304745
1 0.44346854544975234 0.7025089391059745 0.11019320616851011 0.0475113251355733
1 0.5591753660666032 0.7078691256778662 0.14015344155801374 0.063309041958086
1 0.7063094646866316 0.7235673694313502 0.18094208279171564 0.07292039129415606
1 0.8934373177708868 0.7480911673413646 0.1758454797074606 0.04945562021691714
1 0.8857515028360785 0.7105502607255063 0.20547843262956 0.04650333703942984
1 0.43655034374546897 0.6641913276696559 0.13511138555165925 0.04296927088084708
1 0.5693355702065187 0.6634015081914235 0.13694662094116267 0.05860336123992678
1 0.7006401172844193 0.6672900983541113 0.15594208279171565 0.07277494554888228
1 0.8992548952875966 0.6786008239572229 0.20084547970746058 0.04960106596219109
1 0.9057157834800538 0.6403741161117006 0.18856843303989237 0.05111811416679295
1 0.9053748642431746 0.6044547968298598 0.18925027151365087 0.05740447560311139
1 0.42631622726853324 0.6149180355151783 0.1350568384737585 0.03984427088084708
1 0.559019633112732 0.6094407160369458 0.13360343262955982 0.046085180521767556
1 0.6974099772685333 0.6164952128154919 0.1683329886359143 0.06659766842151918
1 0.42808723295057616 0.5821191710537977 0.13818183847375848 0.039862451599006476
1 0.43525880478524315 0.5454458728491959 0.14136138555165925 0.04300563231716552
1 0.5699474504831721 0.5641963937300429 0.15566934740221222 0.05714994554888229
1 0.7240037049473989 0.5736855440993853 0.14467730032431164 0.05396131303532492
1 0.9082014269442217 0.5646019564707802 0.1775443474022122 0.05727721057599666
1 0.4502565133893853 0.509599276439992 0.14920115909060955 0.044613584112563665
1 0.5825332252399383 0.5244299117822196 0.14451365909060954 0.04458631303532492
1 0.7388514090873143 0.5292451976901814 0.14319662094116267 0.058639722676245044
1 0.926143308845728 0.5178542214978948 0.14771338230854383 0.047765855189802406
1 0.46365081168510197 0.4713998396717086 0.15076365909060954 0.044622674471643364
1 0.5968178676914564 0.4924850201934762 0.14138865909060955 0.04456813231716552
1 0.5963133072208752 0.46357877019347604 0.1508182061685101 0.04774767447164337
1 0.741939452918804 0.4823929235878805 0.14933752678536133 0.052426084112563665
1 0.9179353425309482 0.4771928600615764 0.16412931493810348 0.0572499394987581
1 0.9152506732940691 0.43030422452295697 0.16949865341186196 0.04165221057599684
1 0.7402990864418684 0.4331696284083407 0.16943183847375848 0.040044258780598696
1 0.7403536335197691 0.43629462840834066 0.15558752678536117 0.05246244554888228
1 0.4542797658250173 0.4268185926967707 0.14933752678536116 0.052426084112563665
1 0.4505002008902091 0.3893004119786115 0.1318772913958579 0.036701090162687855
1 0.4490371124164506 0.35023336679907163 0.12886138555165907 0.042932909444528634
1 0.4569899342511176 0.3135646137740095 0.14445911201270895 0.04146131303532483
1 0.4578705957773591 0.27451120413308916 0.15070911201270895 0.04149767447164328
1 0.44589670129724623 0.2150725716195318 0.15079093262955984 0.046185174471643275
1 0.5822820348997407 0.4205327521412993 0.14623980032431164 0.05397040339440444
1 0.5816956538123085 0.38693900214129934 0.14122501785690744 0.03519313231716552
1 0.5810274521080251 0.34865775214129935 0.13831820616851012 0.047674951599006386
1 0.583334245939515 0.3018009328594585 0.13365797970746057 0.04921018052176755
1 0.5896700206962813 0.26199808947531683 0.14769320616851012 0.04772949375348405
1 0.5803535219140972 0.22054184250037895 0.14623980032431164 0.05397040339440444
1 0.4394870142034595 0.16113450536275314 0.15268071509696401 0.06494426483072294
1 0.43771028003177215 0.10409871018321334 0.1447591209411625 0.058648813035324834
1 0.4283528709411626 0.06029871320827544 0.1353841209411625 0.05859427088084712
1 0.4221750089284537 0.019641896951496783 0.13497501785690744 0.03515677088084712
1 0.550313645697929 0.02116855639602544 0.15375229139585792 0.03682835518980254
1 0.5502005974022122 0.059445261216485634 0.1586307061685101 0.04779312626704137
1 0.5602028887980701 0.09543730337096333 0.1508182061685101 0.0477476744716433
1 0.5615841566549775 0.12981684855050316 0.15682274431795715 0.033721535907961765
1 0.5746159906645092 0.1603583214231401 0.17258411201270896 0.04162493949875792
1 0.5696518011350905 0.18923275516636143 0.16008411201270895 0.04155221662612103
1 0.7057960324674041 0.022854297124447403 0.18810001785690744 0.035465843089554125
1 0.7164977532464109 0.054163384458464914 0.19911933847375848 0.04021697560311144
1 0.7202636814117438 0.09090031517662416 0.20073638555165907 0.04335106596219105
1 0.7279222228076018 0.12687872179248244 0.19917388555165907 0.04334197560311144
1 0.7247523583592609 0.16904349589478337 0.18681025324641087 0.05108175273047451
1 0.7300262394466932 0.2026645169720222 0.178779564934808 0.03853630093507636
1 0.7275558043815014 0.240146336253863 0.16638865909060954 0.044713578062439474
1 0.7398336619299833 0.2722457639469601 0.186592064934808 0.038581752730474504
1 0.7474240194784653 0.3043179205628184 0.18360343262956 0.046376072012315285
1 0.7394575608743231 0.34020542358788053 0.18675570616851012 0.047956752730474506
1 0.7501592816533298 0.371514510921898 0.18653751785690745 0.03545675273047451
1 0.7405621392018118 0.4034866735878805 0.16320911201270877 0.04157039734428025
1 0.9109898672877147 0.3943439986252579 0.17802026542457056 0.05107266237139498
1 0.9105262171255589 0.3474689986252579 0.1789475657488822 0.06357266237139489
1 0.9016870052750058 0.31304400165032 0.1966259894499885 0.05117265632127062
1 0.9076506331160271 0.2802678630866385 0.18469873376794582 0.05109993344863373
1 0.9080909638791479 0.23964740826617828 0.1838180722417043 0.047965843089554115
1 0.8917080332781829 0.1567349143163025 0.19440456493480837 0.03862720452587261
1 0.894332426947517 0.18332014021400153 0.21133514610496604 0.04499537919390759
1 0.8980730586438573 0.20599457093216075 0.20385388271228527 0.03869992739850954
1 0.8917528977265239 0.11455195949584229 0.1932238944801128 0.060493114166793
1 0.9025892118505532 0.052905932368479236 0.1948215762988937 0.04019879488495222
1 0.8903579931001412 0.07939116431630248 0.16331820616851012 0.04782039734428025
1 0.9023846603084256 0.022437182368479237 0.19523067938314895 0.026136294884952217