1 0.8600876509499397 0.06595992339148879 0.07357469810012063 0.12226588544042356
1 0.8190941587518559 0.07275482405541873 0.06493668249628826 0.13627384328594588
1 0.7868615128902988 0.09132301687382638 0.06690861827193721 0.14409543364502547
1 0.7489520771146501 0.09891734825591555 0.06394739258219673 0.14720225292686623
1 0.7177463427184823 0.11280258625386301 0.06197545680654777 0.1393806625677866
1 0.680454382632574 0.123526462815492 0.05959408525525038 0.123746572208707
1 0.6432852532793604 0.13190658937712096 0.0630466338757694 0.13001475292686626
1 0.5961645918139711 0.13632137860473245 0.06789790818602892 0.1331670240041051
1 0.5673402289691009 0.1345907069617595 0.06312852103089917 0.13157725292686626
1 0.5317745431934521 0.14219867388246812 0.061566021030899164 0.1315681625677866
1 0.5009373009953683 0.14905266188041558 0.061729795341158675 0.1346931625677866
1 0.47166255879728436 0.15591574023744265 0.061811682496288434 0.1362556625677866
1 0.4348619216421546 0.1572646167990716 0.07003361827193721 0.1441136143631847
1 0.40052786521971945 0.15628337889932004 0.05786116689245624 0.15029089149054778
1 0.36245133310754385 0.1521544151018694 0.07036116689245624 0.1503636143631847
1 0.32354928539153593 0.13395386094533915 0.07537621551297517 0.15664088544042354
1 0.28457531659920043 0.16186069232742833 0.06583744120271566 0.15346134328594582
1 0.2500365422889409 0.16478570442767673 0.06189356965141819 0.13781816256778665
1 0.21755491293572732 0.17319310206654456 0.06394739258219664 0.14720225292686626
1 0.18021868724598678 0.16984993344863372 0.07118003844375372 0.1659886143631847
1 0.1442026221171244 0.18605165036934235 0.0713504568065479 0.1394352047222643
1 0.103171508367743 0.2084760962128121 0.06806168249628838 0.1362920240041051
1 0.8834698400049488 0.18644514021400155 0.09132876413349429 0.16298178903121974
1 0.8409138478068648 0.19323095051885186 0.07496677973732631 0.14882838544042354
1 0.8097490569882619 0.20633493851679932 0.06510045680654812 0.13939884328594587
1 0.7768579918593996 0.22255483615566715 0.07307673111680728 0.14256929508134392
1 0.7326166689286211 0.23167530610143788 0.07480300542706697 0.14570338544042355
1 0.6998860560837509 0.22992190856076586 0.06929663387576941 0.1300511143631847
1 0.659885175826026 0.26251169476331526 0.07661116689245624 0.15039997579950323
1 0.6249745872914153 0.25761966168402384 0.0728310696514182 0.13788179508134393
1 0.5898626028952476 0.27148217378427225 0.06690861827193721 0.14409543364502547
1 0.5573776515157666 0.2650412762436003 0.06905097241038013 0.12536361436318472
1 0.5209078850074231 0.27498844798476907 0.07760045680654777 0.13947156615858275
1 0.4795425785849881 0.2739663034691592 0.07110479534115868 0.13474770472226433
1 0.4458259978522934 0.27611461074894744 0.07439356965141819 0.13789088544042355
1 0.40232165931768266 0.27117258069471817 0.07159611827193721 0.14412270472226432
1 0.37177102216255287 0.2725578186926656 0.061729795341158675 0.13469316256778666
1 0.3315178363869042 0.28013851453613536 0.0683073439616777 0.1409795240041051
1 0.287153682723431 0.291602734481906 0.07595606965141818 0.13789997579950325
1 0.24764080337021738 0.2999692255049156 0.06806168249628844 0.1362920240041051
1 0.20607410108622526 0.3177016261688455 0.07480300542706689 0.14570338544042355
1 0.16030789970674425 0.31118346057599683 0.08212418249628843 0.1363738372358217
1 0.11355905246570623 0.3234152949831481 0.07875352103089917 0.13166815651766245
1 0.11777848371879922 0.43675563231716563 0.09405097241038014 0.12550906010845858
1 0.12631692277380832 0.5571544907284219 0.07800989258219668 0.14728406615858275
1 0.13621646596726042 0.6963169846782977 0.08565861827193717 0.1442045179539809
1 0.1319373224805526 0.8674380057555366 0.10333079715018098 0.183357921544777
1 0.16974709746818065 0.41439481898725317 0.07990658525525038 0.12386474687674198
1 0.184781197988579 0.530142538834828 0.08129866689245616 0.15042724687674217
1 0.1929987324756038 0.686487987605164 0.07850121551297518 0.15665906615858277
1 0.19599650045428524 0.8529624152982611 0.10201395861557021 0.1880363311856975
1 0.23138728233931824 0.4311646833504379 0.06527087516934209 0.11284543364502539
1 0.241157350747541 0.5429743369412341 0.0839323439616777 0.1410704275949012
1 0.24382092605316869 0.6860021742752516 0.10160452283992143 0.1802238311856975
1 0.2436151289029877 0.8688692164297294 0.07956574852966192 0.17697156615858275
1 0.27868616972159066 0.855787954329481 0.08252033016686777 0.20354315651766228
1 0.2671576860027914 0.41965046642972925 0.06649918249628843 0.13628293364502558
1 0.2847435764372815 0.5463538669954634 0.0806435696514182 0.13792724687674215
1 0.2976419668717716 0.6730299964839587 0.09733310266810494 0.15833065046753808
1 0.31187048394594186 0.8637958970496926 0.0838371687014785 0.19886474687674216
1 0.34920670963568234 0.8671390656676035 0.08350962008095948 0.1926147468767418
1 0.38555696743759843 0.8743839391059745 0.09411292740790582 0.21610678903121966
1 0.31493344470921864 0.4027356772021179 0.06337418249628843 0.13626475292686635
1 0.33568527872127363 0.5286760084860112 0.06946040818602892 0.1331761143631848
1 0.3459533141128096 0.6608072524358869 0.09313692559888347 0.16767837939029934
1 0.34638816259704297 0.39901123438371017 0.06189356965141819 0.13781816256778665
1 0.38224377544191324 0.4007828126425414 0.0651823439616777 0.14096134328594587
1 0.3815743108334492 0.5328504240788599 0.08302494120271567 0.1535613372358217
1 0.39180472467368765 0.6806112132082754 0.07628361827193722 0.14414997579950323
1 0.4224771132991555 0.8558430173648057 0.08573386137453216 0.1754454275949012
1 0.4192524525111347 0.41037598126045216 0.0687167797373263 0.1487920240041051
1 0.42195364936806 0.5377742734149299 0.06699050542706679 0.14565793364502538
1 0.43584465174290915 0.6902452884420446 0.08097111827193722 0.144177246876742
1 0.4709588789029877 0.8701918636758137 0.07529432835784551 0.1550783854404237
1 0.45720615389061575 0.41684869505790284 0.068880554047586 0.1519170240041051
1 0.4542338828597166 0.5481214209556018 0.06682673111680745 0.1425329336450254
1 0.48186423790267074 0.5428117522394952 0.07200555404758582 0.15193520472226432
1 0.4814847003634283 0.6842589088553535 0.07644739258219672 0.14727497579950324
1 0.5091991853254229 0.8711958274732643 0.09000528154634875 0.1973386083130606
1 0.5550439518337662 0.8613031978865731 0.07939533016686777 0.20352497579950324
1 0.5288100797166418 0.6759378696277419 0.06805503844375363 0.1659704336450254
1 0.5264663297166419 0.6759242340891226 0.07850121551297526 0.15665906615858277
1 0.4994722190194782 0.40068333957351265 0.0765292797373263 0.14883747579950324
1 0.5366413483726917 0.39230321301188376 0.05992163387576941 0.12999657220870695
1 0.5737285905707756 0.38548558645025477 0.0630466338757694 0.13001475292686618
1 0.6095842034156459 0.38725716470908594 0.06699050542706697 0.1456579336450255
1 0.647329864881035 0.3827878333269968 0.06715427973732631 0.14878293364502548
1 0.7039040914752869 0.36201679107432316 0.07044305404758582 0.1519261143631847
1 0.5228134644969223 0.5219498063960255 0.07800989258219673 0.14728406615858275
1 0.5543091259623116 0.5174441135776178 0.0604948439616777 0.14093407220870696
1 0.5913963681603955 0.5106264870159889 0.07126856965141819 0.13787270472226432
1 0.6369954732033497 0.5054213574292976 0.07266729534115868 0.13475679508134383
1 0.675935142470655 0.5079923664062882 0.07332239258219672 0.14725679508134384
1 0.7150352640219525 0.4925900802037388 0.07800989258219673 0.14728406615858275
1 0.7562035758714545 0.34825427292395056 0.08927494120271576 0.15359769867214013
1 0.810642092379798 0.3384116403121974 0.08097111827193722 0.14417724687674208
1 0.8505234639310956 0.32301389928918783 0.08047979534115868 0.13480224687674197
1 0.9012604483272633 0.3092422907797356 0.08385045680654812 0.1395079275949013
1 0.9119788630720128 0.43277978472961137 0.07998182835784533 0.15510565651766245
1 0.8670791208739288 0.4395519594958423 0.0754581026681052 0.15820338544042353
1 0.8334886929001962 0.4542048119551703 0.07192366689245625 0.15037270472226433
1 0.8003077007021124 0.4610451644144984 0.05975121551297526 0.15654998184962743
1 0.77288538557325 0.47729687831014483 0.07307008706427283 0.1722477047222643
1 0.7447603855732501 0.47713325184671174 0.06772748982323477 0.1597204336450254
1 0.9291995833346863 0.5813627304748852 0.08482645861557003 0.18793633723582168
1 0.893183518205824 0.5975644473955939 0.07438028154634893 0.19724770472226433
1 0.8582762516974807 0.6075207094958424 0.07750528154634892 0.19726588544042353
1 0.8240274044564426 0.6198252667756305 0.07750528154634892 0.19726588544042373
1 0.7832386301461831 0.6227139174395605 0.08474457146044045 0.18637383723582168
1 0.7507160572154046 0.6319025650784283 0.07027263568479185 0.1784795240041051
1 0.7145738393275802 0.635599736819597 0.07438692559888338 0.16756929508134383
1 0.684766830621153 0.652619065176624 0.0721626843053107 0.18473861436318478
1 0.6544651769576799 0.6641650983541114 0.07833079715018094 0.18321247579950323
1 0.6186505076903744 0.6616122700952802 0.08005707146044046 0.18634656615858275
1 0.590487886139077 0.6770781888113868 0.0690376843053107 0.18472043364502538
1 0.5579210476044661 0.6721997912707149 0.06937187697836436 0.16129202400410508
1 0.5904458632991554 0.8568202309658645 0.08967108887329509 0.22076701795398107
1 0.6345643554972394 0.8500435110200939 0.10225297602842467 0.22240224082661797
1 0.6670426628241856 0.8267878182016861 0.08950731456303558 0.21764201795398108
1 0.6985383242895749 0.8222821253832786 0.0869621687014785 0.1988829275949012
1 0.7376827114447047 0.820946884360269 0.08432849163225704 0.2082397468767418
1 0.8163742774780782 0.7807673119551704 0.0740527329258299 0.19099770472226432
1 0.7908010673921699 0.7915593662098964 0.08473792740790564 0.216052246876742
1 0.7695025995043456 0.7953428963623217 0.07627033016686777 0.203506795081344
1 0.8565455760985973 0.7747491161117006 0.0912402329258299 0.19109769867214013
1 0.9191307852799945 0.788398525654425 0.078487927407906 0.21601588544042355
1 0.8897265682966811 0.7679087636523725 0.07562187697836435 0.16132838544042372
1 0.9396889467453835 0.7838292003224601 0.05052670171816516 0.21897725897699036