1 0.30509667695960413 0.0140625 0.15081835391920828 0.028125
1 0.286937710345699 0.034375 0.13637542069139794 0.06875
1 0.2992391335443794 0.08125 0.14138116943775678 0.0796875
1 0.29439852084968254 0.1296875 0.1431709899708702 0.0875
1 0.28631924788842894 0.17421875 0.14620506175762477 0.084375
1 0.28625706340697743 0.22578125 0.16830738229073816 0.0921875
1 0.28548182508545994 0.2796875 0.14620506175762477 0.084375
1 0.2759991764973857 0.3296875 0.14124477711788863 0.075
1 0.4326222833860949 0.0203125 0.15899456677218976 0.040625
1 0.40203151293212375 0.04296875 0.14441524122451135 0.0765625
1 0.40665682845067225 0.09453125 0.13200616943775678 0.0796875
1 0.4166599657559754 0.14296875 0.13499477711788863 0.075
1 0.40936194279472177 0.1875 0.12865384890464338 0.071875
1 0.4089815095669115 0.228125 0.14147209765100222 0.0828125
1 0.4025556648189032 0.27578125 0.1304891335443795 0.08125
1 0.39123773159109293 0.31640625 0.1257561694377567 0.0796875
1 0.38393970862983934 0.3609375 0.12575616943775678 0.0796875
1 0.27118129585600015 0.37890625 0.13811977711788873 0.075
1 0.26615882673481256 0.42109375 0.1414266335443794 0.08125
1 0.3805252036152744 0.4046875 0.1318243130112659 0.0734375
1 0.3722413421742187 0.4421875 0.12410274122451134 0.0765625
1 0.255735803773559 0.465625 0.12410274122451134 0.0765625
1 0.2460485667056827 0.50859375 0.12865384890464338 0.071875
1 0.2410715616911178 0.55234375 0.1286538489046433 0.071875
1 0.3593381768930971 0.48203125 0.11923338479802066 0.0703125
1 0.35594640393184357 0.5265625 0.12387542069139794 0.06875
1 0.3471768091838353 0.57421875 0.12079588479802066 0.0703125
1 0.22196386051661882 0.59375 0.13504024122451136 0.0765625
1 0.2197170504083467 0.65078125 0.12727320533113406 0.078125
1 0.19141620566033848 0.6984375 0.13017088479802066 0.0703125
1 0.18471757627259416 0.73671875 0.1331594924781526 0.065625
1 0.17480301867160447 0.771875 0.134949313011266 0.0734375
1 0.17458170981697357 0.81796875 0.12102320533113406 0.078125
1 0.16688888176201275 0.87578125 0.1242391335443794 0.08125
1 0.26672139720141896 0.896875 0.12915395407749292 0.0890625
1 0.2737920996295592 0.84453125 0.12102320533113406 0.078125
1 0.2896611405375014 0.79921875 0.13352320533113407 0.078125
1 0.3047261993921323 0.753125 0.13035274122451135 0.0765625
1 0.3055241697669612 0.7 0.128699313011266 0.0734375
1 0.3232057632613281 0.66328125 0.11651756175762476 0.084375
1 0.3290322144358271 0.621875 0.12272209765100213 0.0828125
1 0.3577101100544004 0.909375 0.1304436694377568 0.0796875
1 0.3837354009623427 0.8640625 0.12410274122451134 0.0765625
1 0.4714376409332129 0.9515625 0.14031877461060632 0.096875
1 0.5931224243193076 0.971875 0.14694920783841656 0.05625
1 0.4908492189881736 0.89375 0.14188127461060632 0.096875
1 0.6174177306666561 0.94765625 0.13531302586424748 0.0859375
1 0.39085156749710553 0.81328125 0.12097774122451135 0.0765625
1 0.5062863508832004 0.83359375 0.1321880258642473 0.0859375
1 0.6198918613080416 0.8984375 0.1382561694377568 0.0796875
1 0.6307551534696252 0.8421875 0.1508470976510022 0.0828125
1 0.41212116224511375 0.765625 0.1255743130112661 0.0734375
1 0.4274590057394807 0.72890625 0.1333413489046434 0.071875
1 0.43698711843417765 0.68046875 0.14009145407749274 0.0890625
1 0.43180787344874255 0.63671875 0.12915395407749292 0.0890625
1 0.4502707169431096 0.6 0.12088681301126591 0.0734375
1 0.44980170401098574 0.55703125 0.13494931301126592 0.0734375
1 0.46918218982522086 0.525 0.12874477711788862 0.075
1 0.4842245166265404 0.478125 0.14308006175762475 0.084375
1 0.4906730934278601 0.43125 0.1304891335443795 0.08125
1 0.5067694548689157 0.39375 0.13995506175762476 0.084375
1 0.5067634431904331 0.33984375 0.1433983105039836 0.0953125
1 0.51707280588513 0.29140625 0.12910848997087018 0.0875
1 0.5205327750063177 0.24921875 0.1242391335443795 0.08125
1 0.5264046902874393 0.209375 0.12860838479802067 0.0703125
1 0.5234328029821362 0.1609375 0.12593802586424746 0.0859375
1 0.5260205938900784 0.115625 0.1382561694377568 0.0796875
1 0.5183157424781526 0.065625 0.13839256175762477 0.084375
1 0.5516450680258309 0.0296875 0.1376651360516618 0.059375
1 0.6607389231986804 0.046875 0.12548338479802065 0.0703125
1 0.7699464386380866 0.06796875 0.15360838479802066 0.0703125
1 0.9075271750791423 0.096875 0.18494564984171546 0.071875
1 0.6290630258642474 0.0859375 0.1367391335443795 0.08125
1 0.7617535054102763 0.10859375 0.13821070533113405 0.078125
1 0.9007621811162393 0.13359375 0.15066524122451136 0.0765625
1 0.6447167695960413 0.140625 0.1616936694377568 0.0796875
1 0.7609782670887588 0.1625 0.15089256175762494 0.084375
1 0.8928193004748536 0.1828125 0.15539820533113372 0.078125
1 0.6334670325281649 0.18359375 0.13494931301126592 0.0734375
1 0.6363934557268454 0.23046875 0.13365959765100222 0.0828125
1 0.6275783968722146 0.2765625 0.12727320533113406 0.078125
1 0.7552427441275051 0.20703125 0.1398641335443795 0.08125
1 0.7462230967930722 0.24609375 0.14758570533113408 0.078125
1 0.7413370199917526 0.29296875 0.12901756175762494 0.084375
1 0.7419196931904332 0.33984375 0.13329588479802065 0.0703125
1 0.6243912123907631 0.328125 0.13058006175762493 0.084375
1 0.6290392599626229 0.38046875 0.1322334899708702 0.0875
1 0.6108946652146147 0.428125 0.12446645407749272 0.0890625
1 0.7501557420159342 0.38125 0.13297763605166182 0.059375
1 0.7426303985215672 0.41796875 0.12874477711788862 0.075
1 0.7250170011871342 0.45703125 0.1414266335443795 0.08125
1 0.6007216948397858 0.48125 0.12396634890464338 0.071875
1 0.587355528305023 0.53203125 0.12244931301126591 0.0734375
1 0.5759012027573446 0.56796875 0.11927884890464338 0.071875
1 0.714480317959324 0.49765625 0.12897209765100204 0.0828125
1 0.6982930283050229 0.53203125 0.12740959765100204 0.0828125
1 0.6995887553437694 0.5765625 0.13196070533113408 0.078125
1 0.6859043400626477 0.61640625 0.13531302586424748 0.0859375
1 0.6627312645149693 0.65234375 0.1414266335443795 0.08125
1 0.6538025453937817 0.69453125 0.13214256175762476 0.084375
1 0.559941233636157 0.61015625 0.13017088479802066 0.0703125
1 0.5617681580884787 0.64609375 0.15365384890464337 0.071875
1 0.5456490645941117 0.6828125 0.1302618130112659 0.0734375
1 0.5414078454729241 0.725 0.12718227711788863 0.075
1 0.5175671801918025 0.76484375 0.12874477711788862 0.075
1 0.64666965848419 0.7984375 0.15111988229073817 0.0921875
1 0.6505017006457735 0.7421875 0.13811977711788864 0.075
1 0.7253854110579795 0.30859375 0.017460284639735944 0.009375
1 0.9051661877801568 0.23125 0.1757561694377568 0.0796875
1 0.8860130224990351 0.27109375 0.16321070533113408 0.078125
1 0.8753854110579795 0.30859375 0.17106866943775678 0.0796875
1 0.9011272086298394 0.3609375 0.18696645407749274 0.0890625
1 0.8857893651354724 0.39765625 0.17571070533113406 0.078125
1 0.8775964319076621 0.43828125 0.17768238229073816 0.0921875
1 0.8513438204666063 0.47578125 0.16339256175762457 0.084375
1 0.8541565833987301 0.51875 0.17433006175762494 0.084375
1 0.8490886501709198 0.559375 0.18089831050398358 0.0953125
1 0.841904287476223 0.6078125 0.19321645407749272 0.0890625
1 0.8501858004083467 0.65078125 0.2070970976510022 0.0828125
1 0.8275439222742434 0.678125 0.18678459765100186 0.0828125
1 0.8184560787798766 0.71484375 0.16946070533113405 0.078125
1 0.8062659673388209 0.75234375 0.16941524122451135 0.0765625
1 0.7924678917911425 0.78828125 0.1840233105039836 0.0953125
1 0.7933233496295592 0.84453125 0.1869664540774929 0.0890625
1 0.7806020407749281 0.890625 0.19804034639736087 0.09375
1 0.778931892186854 0.940625 0.17915395407749274 0.0890625
1 0.7735457102126849 0.9703125 0.1767276360516618 0.059375
1 0.7537560474388458 0.98828125 0.17880696159934004 0.0234375