1 0.8453253085198366 0.10830349194942719 0.14611732878371625 0.08851223370266399
1 0.8453766583960022 0.15759043810936121 0.1315454065339754 0.07716555674305985
1 0.8142507828792734 0.20440560213684159 0.1358690334984459 0.06948944906292791
1 0.8019476819696507 0.2502038354437942 0.1377954065339754 0.07734741316955063
1 0.7936236056671337 0.2945532290173035 0.14084763192686936 0.07587584138279588
1 0.775034117453958 0.3409508558977653 0.1628681811410811 0.07963733887551347
1 0.7570075554194647 0.39205871483153854 0.1407020827126578 0.07275084138279589
1 0.7476839052956302 0.4410728763517365 0.13572348428423417 0.0663644490629279
1 0.7221981776264246 0.08125159547292404 0.1546190334984459 0.07003501834240007
1 0.7347131401990371 0.13168350448583951 0.13884848428423419 0.06645537727617326
1 0.7129986519858613 0.177990203153056 0.12656680810555193 0.07077916442319183
1 0.686070124897556 0.2186690274470931 0.1294007096771285 0.06462009263643723
1 0.6777824358985921 0.26223717102060234 0.12307793507002263 0.06287573620994644
1 0.6635358453280515 0.29937345816762095 0.13601458271265762 0.07261444906292791
1 0.6527224698113228 0.34677965558119617 0.12514985731976366 0.07385870031656908
1 0.6484865800265706 0.38733645942126216 0.12187930810555195 0.07064277210332373
1 0.6394176410276066 0.43088187094146 0.12187930810555195 0.07064277210332363
1 0.7345267797789016 0.4884108776053777 0.13416098428423434 0.06631898495630537
1 0.7248221399941492 0.5288085570722643 0.13437930810555193 0.07100648495630538
1 0.6272964766357484 0.4727738542484127 0.12627570967712848 0.06452916442319179
1 0.6216800233687607 0.5093789439818559 0.11697348428423418 0.06581887978345584
1 0.7180241763880794 0.5739846647523963 0.1202440334984459 0.0690348079967011
1 0.7121530119962213 0.6160585044858395 0.12307793507002263 0.06287573620994635
1 0.701630734907916 0.6572147018994148 0.12307793507002263 0.06287573620994635
1 0.6189702462804556 0.5507624619285446 0.11363016046291677 0.06104045157021041
1 0.6075939445850445 0.5934584272888086 0.1198073858558109 0.0596598079967011
1 0.5975982063718688 0.640106106755695 0.11526543507002263 0.06264841567683313
1 0.7041713839982933 0.7034448442192828 0.12947348428423416 0.06618259263643722
1 0.6860356600531412 0.756896453153056 0.12344180810555194 0.07068823620994635
1 0.6952800734115421 0.8103624339527261 0.12613016046291675 0.061404164423191784
1 0.6872834828410015 0.8476805775262355 0.12747433664159918 0.05676212852981451
1 0.6840471668775667 0.8835726134196127 0.1294007096771285 0.06462009263643723
1 0.6687646151821557 0.9261549185133198 0.1155565334984459 0.06889841567683277
1 0.6544259793263448 0.9730033828843053 0.11882708271265763 0.05399323423138931
1 0.5573883134867446 0.9633567724990352 0.12224318114108108 0.07328645500192969
1 0.5691284882176848 0.9154327156894684 0.11562930810555194 0.07046091567683277
1 0.5713481137344136 0.8677764656894682 0.1280565334984459 0.0692621285298145
1 0.5735677392511421 0.8201202156894682 0.1264940334984459 0.06921666442319178
1 0.5907402766785296 0.7705521247023838 0.12315070967712849 0.06443823620994653
1 0.588689779159729 0.7305947144358271 0.10974318114108109 0.07809155925034225
1 0.5975767816409284 0.6909555529156292 0.11577485731976367 0.07358591567683312
1 0.4715792460755678 0.9438866731321734 0.12500430810555194 0.07073370031656907
1 0.4629705335029552 0.8935684243858149 0.11704625889134021 0.06738137978345549
1 0.35353772146846196 0.942016633082161 0.13354455417661049 0.08658602084968266
1 0.22772008416490902 0.9391380224990351 0.14179370181924558 0.09618834138279589
1 0.3563759311455904 0.8810791330821608 0.1351070541766104 0.08663148495630538
1 0.22316317080650813 0.8858084340192331 0.12834763192686943 0.07551212852981451
1 0.4746743209303427 0.8438412090255507 0.11555653349844608 0.06889841567683312
1 0.36382886621561294 0.821840525402029 0.12685790653397538 0.07702916442319178
1 0.23784640901968385 0.8392971468722145 0.132744033498446 0.06939852084968265
1 0.24824240757194183 0.7840557174053279 0.14524403349844608 0.06976223370266403
1 0.472388382964836 0.7921423167056827 0.12002570967712849 0.0643473079967011
1 0.4711191354460353 0.7522076384924373 0.12925516046291677 0.061495092636437224
1 0.4787347363556581 0.7062730128656167 0.13467040653397538 0.07725648495630537
1 0.5000853515333045 0.6677788141984002 0.12224318114108108 0.07845527210332363
1 0.49576387862160975 0.6261907077719095 0.11697348428423418 0.06581887978345566
1 0.5108644937992561 0.5875146526782024 0.1294007096771285 0.06462009263643723
1 0.5047621970662439 0.550568582145089 0.12315070967712849 0.06443823620994635
1 0.5077630725829725 0.5029350641984003 0.13772263192686934 0.07578491316955045
1 0.5184672861890423 0.45787261678482505 0.12507708271265763 0.07229620031656907
1 0.5172344259737945 0.4171566885715796 0.13616013192686935 0.07573944906292791
1 0.5359694634011821 0.3676340616911178 0.13659677956950453 0.08511444906292791
1 0.5429493635250167 0.31855170401098587 0.1221704065339754 0.07689277210332382
1 0.5557790033097689 0.2782449527573446 0.11882708271265781 0.07211434389007838
1 0.5638119811838624 0.24014555918383534 0.12300516046291676 0.06131323620994644
1 0.5838548074863793 0.19613714640999616 0.11911818114108108 0.07836434389007843
1 0.5975384718782374 0.15429062720966624 0.1311815334984459 0.06935305674305985
1 0.6230136608772014 0.11122258880900646 0.13296235731976366 0.07408602084968256
1 0.6075920221259065 0.05601225158284564 0.13437930810555193 0.07100648495630521
1 0.5002525570720946 0.042718978225880645 0.1213698858558109 0.05970527210332377
1 0.3920590674111768 0.0309654728156043 0.15025686517764641 0.0433815901291547
1 0.2574122396609178 0.016095327592742386 0.1820505206781644 0.02246133636823101
1 0.5152932061624718 0.08931283339873013 0.13125430810555194 0.07091555674305985
1 0.38744218796550667 0.06290579460235894 0.1326712588913402 0.06783602084968252
1 0.25177866976854163 0.03627143527287434 0.14644266046291676 0.06199519780928666
1 0.4811514925564019 0.13369331921296518 0.1576712588913402 0.06856344655564542
1 0.3687435378416722 0.1116471714828208 0.14382708271265782 0.07284176959604131
1 0.2425641815553659 0.08294184679307227 0.15142125889134023 0.0683815901291547
1 0.4759888035574379 0.17735239099971983 0.12932793507002263 0.06305759263643718
1 0.45754486455847393 0.22062501788018168 0.12812930810555195 0.0708246285298145
1 0.4491844009524041 0.26575566145369095 0.1202440334984459 0.0690348079967011
1 0.35807571153915524 0.15592836889639602 0.13437930810555193 0.0710064849563052
1 0.35238648366506176 0.19409595862983933 0.14197348428423426 0.0665463054894186
1 0.34090102005899187 0.23913567399010324 0.12366013192686945 0.07537573620994645
1 0.3240195810600279 0.28245376497718777 0.12925516046291677 0.061495092636437224
1 0.43364713813212247 0.31380671654739817 0.1252954065339754 0.07698370031656906
1 0.41193264991894674 0.36011341521461465 0.1253681811410811 0.07854620031656907
1 0.4111663624915593 0.41015887932123735 0.11599318114108108 0.07827341567683313
1 0.3020332650965932 0.31780023159109294 0.13030823821317572 0.05060305674305985
1 0.2956719491331584 0.3536013392712249 0.12322348428423427 0.06600073620994644
1 0.29761328474130033 0.3959024995377816 0.13757708271265773 0.07265991316955063
1 0.4016243885464072 0.46386054084143524 0.12002570967712849 0.0643473079967011
1 0.39617060111901975 0.5137696126281899 0.11690070967712848 0.06425637978345566
1 0.3936063732449263 0.5520281305748785 0.11370293507002263 0.06260295157021041
1 0.293377394956548 0.4364593033778476 0.12358735731976359 0.07381323620994636
1 0.2963183043860074 0.4740956956977156 0.12202485731976358 0.07376777210332382
1 0.27954602729770217 0.5150700366848001 0.12649403349844607 0.06921666442319178
1 0.278398750209397 0.5564990187381115 0.12834763192686943 0.07551212852981451
1 0.28580883581753885 0.5989593033778475 0.13594180810555184 0.07105194906292792
1 0.2791928087292336 0.6402291610579794 0.12522263192686944 0.07542120031656907
1 0.3938760469424093 0.5966275767348126 0.1260573858558108 0.05984166442319179
1 0.3790665301931863 0.6290536318285198 0.14956766046291675 0.06208612602253201
1 0.38111702771198697 0.6690110420950764 0.12620293507002253 0.06296666442319179
1 0.36984988792723467 0.7093632574553403 0.12173375889134012 0.06751777210332363
1 0.3764059489282706 0.7533633100417652 0.12322348428423435 0.06600073620994636
1 0.2488267584815646 0.7379165032987053 0.1442637303552928 0.08221676959604132
1 0.26536359512316376 0.6852006802583095 0.13259848428423426 0.06627352084968266
1 0.3493299501666157 0.25972095862983935 0.015988873035529316 0.008267141066226813
1 0.2140731544670607 0.1235752069804867 0.17009848428423427 0.06736465940862688
1 0.2175042154680967 0.16748433135366608 0.15916098428423436 0.06704641066226813
1 0.21419512489755613 0.2049388672470434 0.16697348428423425 0.06727373119538153
1 0.17327687241635675 0.24364601458147636 0.1828895827126577 0.07397837226160835
1 0.17376486993515738 0.2835579607414104 0.16995293507002257 0.06423965940862689
1 0.1671852301504051 0.32404656842154234 0.1706079065339753 0.07830215940862688
1 0.1776475411514411 0.3681602812745238 0.15781680810555185 0.07168844655564541
1 0.15942192597379465 0.4067454081549856 0.170244033498446 0.07048965940862698
1 0.15057131079614822 0.4456033196751836 0.17558650496239875 0.08468855172849495
1 0.13979432258297247 0.49222826708875883 0.1891395827126577 0.07416022868809904
1 0.11695398201243193 0.5291145016493527 0.20283820967712846 0.06675690564770313
1 0.12867057795965597 0.5630946965556454 0.18267125889134012 0.06929087226160835
1 0.12383537469266834 0.5997225183424001 0.1652654350700226 0.06410326708875883
1 0.12127114681857483 0.6379810362890888 0.1652654350700226 0.06410326708875883
1 0.1217955316409284 0.6771117324490227 0.17700345574818704 0.08160901583511766
1 0.10146160690998803 0.7273701452228619 0.1813270827126577 0.07393290815498563
1 0.09539796733012351 0.7749127349563052 0.19079593466024702 0.07889319279472176
1 0.08297822322353565 0.820597307996701 0.1659564464470713 0.07683058762187223
1 0.07688125372405365 0.8640972554102764 0.1537625074481073 0.07673965940862679
1 0.0782789338316775 0.9126256836235218 0.156557867663355 0.09245558762187223