1 0.08828125 0.21328125 0.06484375 0.12734375
1 0.134375 0.20625 0.0546875 0.115625
1 0.18203125 0.2265625 0.04765625 0.12109375
1 0.2265625 0.23125 0.0546875 0.12109375
1 0.26875 0.2328125 0.05234375 0.1234375
1 0.315625 0.24140625 0.053125 0.14375
1 0.3640625 0.25078125 0.05078125 0.12421875
1 0.41171875 0.2515625 0.04375 0.12109375
1 0.08046875 0.33203125 0.0453125 0.1375
1 0.12578125 0.3125 0.04375 0.12421875
1 0.171875 0.32578125 0.05078125 0.1109375
1 0.21328125 0.34375 0.04453125 0.1140625
1 0.25546875 0.3453125 0.04296875 0.10859375
1 0.2921875 0.35234375 0.05 0.11953125
1 0.33671875 0.35546875 0.05234375 0.10859375
1 0.37578125 0.35234375 0.05 0.10546875
1 0.4171875 0.35390625 0.05078125 0.10546875
1 0.45703125 0.25625 0.04375 0.11875
1 0.49609375 0.25859375 0.04921875 0.11953125
1 0.4578125 0.359375 0.04375 0.11328125
1 0.49296875 0.3578125 0.0484375 0.10390625
1 0.53828125 0.2578125 0.04921875 0.1046875
1 0.5796875 0.25703125 0.04296875 0.10859375
1 0.61953125 0.26015625 0.04296875 0.11015625
1 0.53203125 0.35390625 0.04296875 0.1015625
1 0.57265625 0.35859375 0.03984375 0.10625
1 0.61796875 0.359375 0.04375 0.10234375
1 0.66171875 0.25078125 0.04609375 0.1140625
1 0.7140625 0.25859375 0.04921875 0.1078125
1 0.7625 0.2421875 0.04140625 0.1109375
1 0.7984375 0.24296875 0.0359375 0.11484375
1 0.8328125 0.24140625 0.04296875 0.11484375
1 0.8734375 0.2484375 0.05078125 0.10078125
1 0.928125 0.25234375 0.053125 0.103125
1 0.9265625 0.34609375 0.059375 0.10546875
1 0.87734375 0.3421875 0.05078125 0.1
1 0.83359375 0.3484375 0.04765625 0.11328125
1 0.78828125 0.35390625 0.04765625 0.1109375
1 0.73984375 0.3453125 0.04453125 0.10859375
1 0.703125 0.35390625 0.05859375 0.0953125
1 0.66484375 0.3515625 0.0546875 0.1
1 0.91875 0.4296875 0.05078125 0.109375
1 0.87265625 0.4453125 0.0484375 0.10390625
1 0.93359375 0.53984375 0.0640625 0.11484375
1 0.9484375 0.65703125 0.071875 0.121875
1 0.8765625 0.54609375 0.06484375 0.11640625
1 0.89921875 0.66953125 0.05390625 0.1125
1 0.825 0.4421875 0.04921875 0.1015625
1 0.81953125 0.54921875 0.05625 0.11015625
1 0.85390625 0.66328125 0.04765625 0.11796875
1 0.8015625 0.6625 0.0484375 0.13046875
1 0.77734375 0.45234375 0.04453125 0.10703125
1 0.740625 0.459375 0.0421875 0.11484375
1 0.6953125 0.46015625 0.05703125 0.1171875
1 0.6578125 0.446875 0.05859375 0.10625
1 0.61953125 0.45703125 0.046875 0.10234375
1 0.58125 0.44921875 0.04375 0.1140625
1 0.54765625 0.4609375 0.0453125 0.109375
1 0.50234375 0.46484375 0.053125 0.1203125
1 0.459375 0.4625 0.0515625 0.109375
1 0.421875 0.4703125 0.053125 0.11875
1 0.37265625 0.46015625 0.06328125 0.11796875
1 0.32734375 0.46171875 0.0578125 0.10703125
1 0.2875 0.45625 0.053125 0.10234375
1 0.2515625 0.4546875 0.0421875 0.109375
1 0.2078125 0.44296875 0.05859375 0.10390625
1 0.165625 0.4375 0.0484375 0.11640625
1 0.12265625 0.4203125 0.05390625 0.11640625
1 0.0734375 0.44375 0.05078125 0.1171875
1 0.0640625 0.5453125 0.065625 0.10703125
1 0.05546875 0.6484375 0.07109375 0.1359375
1 0.05859375 0.778125 0.05234375 0.16796875
1 0.11796875 0.52421875 0.05078125 0.11484375
1 0.1109375 0.646875 0.0453125 0.1171875
1 0.1046875 0.7765625 0.04140625 0.13125
1 0.1640625 0.5484375 0.04375 0.14140625
1 0.159375 0.65625 0.05 0.128125
1 0.15078125 0.77890625 0.04375 0.13515625
1 0.20546875 0.54609375 0.04296875 0.115625
1 0.24765625 0.55625 0.05078125 0.11328125
1 0.290625 0.55703125 0.0484375 0.10546875
1 0.2015625 0.659375 0.05 0.1171875
1 0.23828125 0.65859375 0.04453125 0.12734375
1 0.28203125 0.6625 0.05390625 0.1078125
1 0.325 0.671875 0.040625 0.11484375
1 0.3375 0.5640625 0.0546875 0.1078125
1 0.384375 0.57734375 0.05703125 0.109375
1 0.43125 0.56953125 0.059375 0.1
1 0.36015625 0.6859375 0.0296875 0.11875
1 0.39453125 0.68671875 0.0453125 0.10859375
1 0.43359375 0.678125 0.04921875 0.12109375
1 0.48203125 0.5703125 0.04375 0.10546875
1 0.5296875 0.56796875 0.0453125 0.103125
1 0.56484375 0.56328125 0.04453125 0.10078125
1 0.471875 0.67578125 0.053125 0.1078125
1 0.50625 0.6671875 0.053125 0.10625
1 0.546875 0.67578125 0.04921875 0.1109375
1 0.5859375 0.67109375 0.0546875 0.1109375
1 0.6234375 0.65703125 0.0484375 0.12109375
1 0.66328125 0.65703125 0.05390625 0.109375
1 0.60625 0.55703125 0.03984375 0.11171875
1 0.63828125 0.565625 0.0375 0.13515625
1 0.675 0.55703125 0.04296875 0.1109375
1 0.7140625 0.5609375 0.04609375 0.1078125
1 0.7546875 0.54765625 0.0453125 0.109375
1 0.75859375 0.66875 0.05859375 0.12734375
1 0.70703125 0.6625 0.04296875 0.1171875
1 0.29921875 0.6515625 0.0046875 0.0140625
1 0.1921875 0.79921875 0.040625 0.15390625
1 0.23203125 0.7890625 0.04140625 0.14296875
1 0.26796875 0.7859375 0.040625 0.15078125
1 0.31015625 0.81796875 0.04609375 0.16484375
1 0.346875 0.8109375 0.03671875 0.1546875
1 0.38515625 0.8109375 0.0515625 0.15390625
1 0.425 0.79453125 0.04765625 0.140625
1 0.4625 0.8046875 0.04453125 0.153125
1 0.50078125 0.80703125 0.05546875 0.15625
1 0.54609375 0.809375 0.04453125 0.1703125
1 0.5828125 0.825 0.0359375 0.18515625
1 0.6125 0.809375 0.04140625 0.165625
1 0.64765625 0.8078125 0.03828125 0.15078125
1 0.68359375 0.80390625 0.0375 0.14921875
1 0.71953125 0.79765625 0.05234375 0.1578125
1 0.76953125 0.80859375 0.04609375 0.1640625
1 0.8140625 0.80625 0.0484375 0.17265625
1 0.859375 0.8140625 0.0484375 0.15625
1 0.9015625 0.8171875 0.05 0.15390625
1 0.94609375 0.8078125 0.0640625 0.15390625