1 0.1421875 0.08340929920256931 0.15 0.08942878875333346
1 0.14296875 0.13026611540697905 0.134375 0.0828151128415279
1 0.17421875 0.17719501358336792 0.140625 0.07827308320625011
1 0.18828125 0.2237427052627429 0.1421875 0.08455945079743073
1 0.196875 0.2696364335112499 0.14375 0.0830333183886113
1 0.215625 0.31763752241708315 0.165625 0.08979246466513899
1 0.23515625 0.3679641775273262 0.14375 0.0830333183886113
1 0.24453125 0.4193084719802428 0.1390625 0.07198671561506949
1 0.26953125 0.04919534052135394 0.15625 0.07238675911805569
1 0.25625 0.09794196504638868 0.14375 0.07365831838861121
1 0.2796875 0.14505270117868033 0.1296875 0.07958101006798621
1 0.30703125 0.18582251833302058 0.13125 0.07336737765916679
1 0.31640625 0.23091681278593726 0.125 0.07009690729444458
1 0.33125 0.2688525706697219 0.1390625 0.08136171561506948
1 0.34296875 0.31623606373586777 0.1265625 0.07950827488562506
1 0.346875 0.3583326447579164 0.1234375 0.07787303970326391
1 0.35703125 0.40340875541524274 0.1234375 0.07787303970326409
1 0.25859375 0.4674186636596178 0.1375 0.071950348023889
1 0.26875 0.5093697743169443 0.1390625 0.07823671561506948
1 0.36953125 0.44530531468579826 0.13125 0.07024237765916688
1 0.37578125 0.4834410943210761 0.121875 0.0747116721120836
1 0.27578125 0.5545186201566317 0.1234375 0.07631053970326392
1 0.28203125 0.5981231497919095 0.125 0.07009690729444458
1 0.29375 0.6416003928580553 0.1265625 0.07013327488562524
1 0.37890625 0.527118359138715 0.1171875 0.0683525693385418
1 0.390625 0.5698143522048608 0.121875 0.06533667211208342
1 0.40078125 0.6172342128621872 0.11875 0.06838893692972228
1 0.29140625 0.688529944244826 0.13125 0.07336737765916687
1 0.31015625 0.7427810331506595 0.1265625 0.07638327488562506
1 0.3015625 0.7992310549021525 0.128125 0.06860714247680555
1 0.309375 0.8373304669462497 0.1296875 0.06395601006798621
1 0.31328125 0.8747395479682982 0.13125 0.07024237765916652
1 0.3296875 0.9173264382609025 0.11875 0.07776393692972228
1 0.34375 0.9638741299402774 0.121875 0.05908667211208325
1 0.4453125 0.9497914865135414 0.125 0.08259690729444458
1 0.43203125 0.9008818610385759 0.1171875 0.07772756933854197
1 0.4296875 0.8524989124253469 0.1328125 0.07652874525034718
1 0.42734375 0.8025534638121178 0.1296875 0.07645601006798622
1 0.40859375 0.7522086249062844 0.125 0.07165940729444457
1 0.4109375 0.7115290735195136 0.1140625 0.08390483415618064
1 0.40078125 0.6703592128621871 0.11875 0.08088893692972228
1 0.53359375 0.92664296761184 0.128125 0.0795446424768059
1 0.5421875 0.8740991958603466 0.121875 0.07471167211208325
1 0.65625 0.919100611704166 0.1375 0.09382534802388917
1 0.78359375 0.9044179030229508 0.14375 0.09397081838861113
1 0.65234375 0.8559102806821176 0.1390625 0.09698671561506984
1 0.78984375 0.8534911826582284 0.13125 0.08274237765916652
1 0.5296875 0.8236088865897913 0.11875 0.07463893692972227
1 0.6453125 0.79435518484243 0.13125 0.0858673776591667
1 0.775 0.8069616747744437 0.1375 0.07820034802388917
1 0.76328125 0.7502031817082979 0.1515625 0.08009015634451408
1 0.53203125 0.7696480852030204 0.1234375 0.07318553970326391
1 0.53203125 0.7290230852030204 0.1328125 0.07184124525034737
1 0.52421875 0.6799861731589232 0.1375 0.087575348023889
1 0.50234375 0.6414328194354509 0.125 0.08728440729444457
1 0.50625 0.5991544004574996 0.1203125 0.07311280452090294
1 0.49140625 0.5588748925737148 0.13125 0.07180487765916688
1 0.496875 0.5204663560045829 0.1265625 0.07325827488562506
1 0.49296875 0.4713385249825343 0.1390625 0.08292421561506949
1 0.48125 0.4247362819163884 0.128125 0.07954464247680555
1 0.48359375 0.38327548052961763 0.1390625 0.08448671561506957
1 0.46328125 0.3321857592149649 0.1390625 0.09386171561506958
1 0.45546875 0.2831488471708677 0.1265625 0.08419577488562506
1 0.44296875 0.24203353790031215 0.121875 0.08096167211208342
1 0.43359375 0.20240799344739546 0.125 0.07009690729444458
1 0.4125 0.158367705928333 0.1234375 0.08568553970326401
1 0.3984375 0.114163764248958 0.1359375 0.07816398043270842
1 0.371875 0.07103201329902746 0.1359375 0.08441398043270847
1 0.3890625 0.026713796210607505 0.1328125 0.05342759242121501
1 0.4984375 0.01443978723472204 0.121875 0.02887957446944408
1 0.609375 0.0008305757037150544 0.153125 0.0016611514074301088
1 0.48359375 0.044212980529617654 0.134375 0.08125261284152789
1 0.615625 0.02330498774781227 0.134375 0.04660997549562454
1 0.753125 0.00617073271381916 0.15 0.01234146542763832
1 0.51796875 0.08794414352364541 0.1625 0.07721972948277792
1 0.634375 0.06101600798069391 0.1484375 0.0831424211621529
1 0.76484375 0.03106162994027749 0.1546875 0.06212325988055498
1 0.52421875 0.1338924231589232 0.1328125 0.07184124525034732
1 0.54375 0.17640657826916623 0.1328125 0.07965374525034737
1 0.55234375 0.22308155651767314 0.1234375 0.074748039703264
1 0.6453125 0.10451143484243001 0.1359375 0.07972648043270843
1 0.6515625 0.1449909644777078 0.146875 0.07685605357097236
1 0.66484375 0.19077558995267305 0.1265625 0.08263327488562511
1 0.68203125 0.23568804644968694 0.1328125 0.07027874525034736
1 0.56875 0.2726996968102773 0.1265625 0.08263327488562507
1 0.5921875 0.31981043294256895 0.1296875 0.08583101006798621
1 0.5921875 0.37137293294256896 0.11875 0.08713893692972237
1 0.7046875 0.26953571637756885 0.1328125 0.056216245250347366
1 0.71171875 0.3068720622172563 0.125 0.07322190729444458
1 0.71015625 0.35065842980843687 0.140625 0.07827308320625015
1 0.603125 0.4258058598043051 0.121875 0.07002417211208342
1 0.60859375 0.47802232323517313 0.11875 0.07151393692972227
1 0.61171875 0.517012088052812 0.1171875 0.06991506933854179
1 0.71484375 0.39195557703489525 0.1265625 0.08263327488562507
1 0.7125 0.43185387842166606 0.125 0.08103440729444458
1 0.7296875 0.47364133491867993 0.1296875 0.07645601006798622
1 0.73203125 0.5157742835319091 0.1296875 0.08270601006798621
1 0.7234375 0.5597243052834022 0.140625 0.07827308320625015
1 0.73125 0.6025112173274995 0.1265625 0.08263327488562525
1 0.61171875 0.563105838052812 0.1296875 0.06708101006798621
1 0.62734375 0.5963359121410063 0.153125 0.06918902393569457
1 0.62578125 0.636997279732187 0.128125 0.07016964247680554
1 0.6375 0.6781307727983328 0.125 0.07322190729444458
1 0.63046875 0.7251694269586453 0.1265625 0.07325827488562506
1 0.7625 0.7025651155038883 0.15 0.09099128875333343
1 0.7453125 0.6490589090068744 0.134375 0.07187761284152785
1 0.65546875 0.2120875454997564 0.0171875 0.009775043502986146
1 0.79453125 0.06431957988468684 0.1734375 0.07747430262104182
1 0.79140625 0.11048606506704794 0.1625 0.07565722948277794
1 0.7953125 0.14945764608909656 0.1703125 0.07583906743868071
1 0.8375 0.18753822112722152 0.1875 0.08561411094166682
1 0.83671875 0.22818140492281183 0.175 0.07438567021222245
1 0.84453125 0.269405816966909 0.1765625 0.08848453780340293
1 0.834375 0.3157359563095826 0.159375 0.08339699430041678
1 0.85234375 0.35438022901100624 0.175 0.08219817021222245
1 0.8625 0.3955500896683326 0.1796875 0.09324477298576399
1 0.8734375 0.44295176653006874 0.19375 0.08575958130638899
1 0.896875 0.47912500266236036 0.20625 0.07980052203583358
1 0.8859375 0.5153170758006242 0.1859375 0.0808902433504862
1 0.89140625 0.5526897892314923 0.1703125 0.07427656743868064
1 0.89375 0.5932602378447215 0.16875 0.07424019984750015
1 0.89453125 0.6323045540491312 0.18125 0.09171864057694457
1 0.9109375 0.6842664443417353 0.178125 0.08383340539458359
1 0.91171875 0.733467010546145 0.1765625 0.08848453780340293
1 0.925 0.7792516360211102 0.15 0.08630378875333342
1 0.93125 0.824418665656388 0.1375 0.08601284802388917
1 0.92890625 0.8729107170431589 0.1421875 0.09862195079743045