1 0.19452760383407014 0.9313098502904502 0.13321247579950318 0.07493584160399784
1 0.18777815496553826 0.8831998360224265 0.12063975292686627 0.06185364474715129
1 0.20994404645608605 0.8321809915229446 0.1268533914905478 0.05589474317557439
1 0.2148997120489348 0.785868917701627 0.12689884328594586 0.06370724317557439
1 0.2159400372827039 0.7413012803980742 0.12844316256778665 0.06065501778268043
1 0.2255922932346322 0.693208382755439 0.15032725292686616 0.06323636228216234
1 0.2360485250842596 0.6411728478092509 0.12999657220870695 0.059165292389786114
1 0.2363348713952676 0.5919540978092509 0.125263620413309 0.051134468568468525
1 0.3187009020386721 0.9333367690255348 0.1440318011314682 0.055132763853738706
1 0.29866111281106056 0.8874078389179108 0.12995112041330897 0.051352792389786114
1 0.31300541394252873 0.838315367453958 0.11593407220870704 0.058510320925833526
1 0.33200994399675804 0.7936920721686878 0.1190227107723885 0.05240587014004507
1 0.3338269740509873 0.7498692975615819 0.11275453005422928 0.0489897717116218
1 0.34108093784843796 0.7112605618296055 0.12530907220870696 0.058946968568468705
1 0.3444741034412867 0.6650212626153937 0.11281816256778665 0.0599272717116218
1 0.34158545277735675 0.6245418118296054 0.10968407220870695 0.05821922249741007
1 0.34340248283158603 0.5807190372224996 0.10968407220870705 0.05821922249741007
1 0.2420808773471959 0.5440431366843803 0.1252636204133089 0.051134468568468705
1 0.24466097668326597 0.5033089747737216 0.12529089149054773 0.0558219685684687
1 0.3491166725267357 0.5382768260976292 0.11901362041330898 0.05084337014004525
1 0.3485490459651067 0.5015944634011821 0.10810339149054782 0.055021447890304206
1 0.24413880191703505 0.4588141120772745 0.10967498184962743 0.05665672249741007
1 0.24360299161218474 0.4166629993808275 0.11275453005422928 0.0489897717116218
1 0.24697343130733446 0.37432995016661574 0.11587953005422928 0.049135320925833434
1 0.34409789530117674 0.4611877872224996 0.10650453005422929 0.048698673283198345
1 0.3490308349963264 0.4187819634011821 0.11117384933607007 0.04579199710451594
1 0.350866045768715 0.37183418879407626 0.10651362041330889 0.050261173283198346
1 0.23785296136156373 0.33101659780925086 0.1190227107723885 0.05240587014004516
1 0.24597907874981054 0.2767464747737216 0.11279998184962733 0.05680227171162171
1 0.22909156059943792 0.22598449545188606 0.11587953005422928 0.049135320925833524
1 0.2308676840378089 0.1891929708447802 0.11896816861791085 0.04303087014004516
1 0.22873301229664014 0.15336463275543896 0.1190136204133089 0.05084337014004516
1 0.2367954971713296 0.11003200971990967 0.10499657220870703 0.05800089867609244
1 0.24102900009819583 0.05360007320214503 0.10813975292686617 0.06127144789030414
1 0.33867615973911624 0.05061416025802894 0.1097386143631847 0.06759422249741003
1 0.33447447306902867 0.10157734677579358 0.10343407220870696 0.05792812406898662
1 0.34045630747618 0.14737999834737017 0.11904089149054772 0.055530870140045166
1 0.3456523467037914 0.19400028722249965 0.11591589149054773 0.05538532092583344
1 0.3367677052132437 0.24440054756158186 0.11277271077238851 0.0521147717116218
1 0.34513874141579304 0.2822815372224997 0.10035452400410509 0.06559507485477489
1 0.342558642079723 0.3230156991331585 0.10501475292686627 0.061125898676092486
1 0.42534945794371815 0.05438766956365386 0.11437157220870695 0.05843754631872757
1 0.4414784519917898 0.10127978618904235 0.10966589149054773 0.055094222497409986
1 0.5402841115345144 0.03490465415747442 0.12070338544042354 0.06980930831494885
1 0.6622500151253105 0.026298037739228307 0.1285613372358217 0.052596075478456614
1 0.5461886778894889 0.0924976375129499 0.12226588544042354 0.07286391935425689
1 0.6760125332756831 0.06301984512316375 0.11751475292686617 0.0617080955329393
1 0.4380625605012421 0.15142533540325406 0.10654089149054773 0.0549486732831983
1 0.5497494942444634 0.15169070099518528 0.11597043364502539 0.06476032092583343
1 0.6687085725032945 0.1102223308551401 0.1221658914905479 0.05567641935425689
1 0.6676046147559681 0.16572746815869305 0.1362283914905479 0.05633139081820961
1 0.44870916901069424 0.20091591315351306 0.11277271077238851 0.05211477171162171
1 0.45551770521324364 0.23886967742153672 0.12056703005422928 0.049353644747151024
1 0.45602624444085504 0.2857082901179838 0.1222204336450254 0.06505141935425689
1 0.44173194028432483 0.32620701158193655 0.1113011143631848 0.06766699710451593
1 0.4516609313073344 0.36479647663574843 0.10654089149054773 0.05494867328319834
1 0.44361208197126434 0.4057853496712777 0.1190227107723885 0.05240587014004507
1 0.45513084407151283 0.43961454011798384 0.11433521077238851 0.05218754631872748
1 0.4603268832991242 0.4862348289931132 0.12531816256778666 0.060509468568468706
1 0.4569382628858153 0.5316928782073249 0.11437157220870695 0.05843754631872748
1 0.46530475390882486 0.5703551178682428 0.12532725292686636 0.06207196856846871
1 0.45406727205919745 0.6224270401179839 0.12381929508134384 0.07137419396136266
1 0.4553525161072692 0.670010515510878 0.11284543364502539 0.0646147717116218
1 0.4496474167711991 0.7108902266357484 0.10657725292686618 0.06119867328319835
1 0.4470809529737485 0.7492806385464073 0.11431703005422929 0.04906254631872766
1 0.43509858256043954 0.7951389480997012 0.1097295240041051 0.06603172249741007
1 0.42859405250621024 0.8391800465281246 0.12216589149054773 0.055676419354256976
1 0.4111429320929013 0.885293067206289 0.12220225292686618 0.06192641935425698
1 0.435061700243274 0.9357275607961484 0.12218407220870695 0.05880141935425698
1 0.5412617032683361 0.93937263751295 0.11289997579950324 0.07398977171162144
1 0.6482702273706369 0.9382938269261988 0.1409886143631848 0.06904971463952733
1 0.7841940918320176 0.9343061861079891 0.17531816256778665 0.06283825599585598
1 0.5189281610156625 0.8849591193159849 0.11905907220870696 0.0586558701400449
1 0.6477935043998042 0.8859864642297517 0.1221568011314682 0.05411391935425698
1 0.7829133929634857 0.8859414607150949 0.13775453005422927 0.050154165425315256
1 0.5442054169675907 0.8361384756022912 0.147138620413309 0.05215331306795079
1 0.6574639410698918 0.8347685665871165 0.13468407220870696 0.059383616211103885
1 0.7847531489154141 0.8382124361079892 0.140888620413309 0.05186221463952734
1 0.5428974470218202 0.792461250209397 0.12056703005422928 0.04935364474715094
1 0.5540894770760494 0.748201827959656 0.11905907220870696 0.05865587014004525
1 0.5551343474893583 0.702852940656103 0.10966589149054773 0.05509422249741007
1 0.6608389259445813 0.7916542673729048 0.12217498184962743 0.05723891935425698
1 0.6602849349215717 0.7526281546764577 0.1330852107723885 0.05306084160399784
1 0.6644548053348807 0.707133718158693 0.11282725292686635 0.0614897717116218
1 0.6740888805686497 0.6621658205160579 0.12056703005422928 0.04935364474715094
1 0.5624519438003663 0.6533067049241267 0.11282725292686617 0.0614897717116218
1 0.5760149949318345 0.6042506207637268 0.1144079336450254 0.06468754631872749
1 0.5684842960633025 0.5561769937992562 0.1034886143631848 0.06730312406898661
1 0.6899275040070207 0.6247193244449993 0.12361930718159223 0.03699919396136266
1 0.690136582265852 0.5887818244449994 0.11277271077238851 0.0521147717116218
1 0.681779181601922 0.5485570847840815 0.12529998184962743 0.05738446856846853
1 0.5695746182720096 0.5030156064957032 0.10964771077238851 0.051969222497410074
1 0.5675172145830175 0.453906018406362 0.1080852107723885 0.05189644789030421
1 0.5630478832009284 0.41662434222767963 0.10652271077238851 0.05182367328319835
1 0.6796717809379921 0.5080412466947403 0.11282725292686635 0.0614897717116218
1 0.6705058591968233 0.47254039433737544 0.11126475292686618 0.06141699710451576
1 0.680126298891973 0.42991624669474027 0.11591589149054773 0.05538532092583352
1 0.6748893530485033 0.39032720781961083 0.11595225292686635 0.06163532092583344
1 0.6610586572050334 0.35113842928356354 0.12529089149054773 0.05582196856846862
1 0.6612995517206434 0.30973217928356356 0.11438975292686634 0.061562546318727575
1 0.556266618075618 0.37398307795965596 0.11742384933607006 0.0460830955329393
1 0.5658370607958296 0.33995268031702086 0.14085225897699055 0.04561221463952716
1 0.5574660245932803 0.30207169065610306 0.11587953005422928 0.049135320925833434
1 0.5616086239293503 0.26126475413833844 0.11278180113146821 0.0536772717116218
1 0.5477915636245 0.2197322256022911 0.1158977107723885 0.05226032092583344
1 0.674376789522199 0.20993123242671669 0.1331670240041051 0.06712334160399784
1 0.6670319221339522 0.264164968158693 0.12213862041330899 0.0509889193542568
1 0.6528405944642962 0.6897107777119869 0.014098861436318444 0.006904971463952592
1 0.8060968837901037 0.79426122891206 0.15962953005422947 0.05117300992479734
1 0.7961860734852533 0.7525467638582481 0.14869203005422946 0.05066358767505648
1 0.793279242103164 0.7151923130724598 0.1564954396951496 0.04946496071058561
1 0.8271275221573934 0.6698776590196839 0.17215680113146803 0.056442706781644245
1 0.8195377359548439 0.631960282055213 0.16272725897699053 0.04663105913900907
1 0.8197649949318343 0.592897782055213 0.16125566256778684 0.06218328453190338
1 0.8028229346269841 0.5515108027333776 0.1471658914905479 0.056840813067950614
1 0.8139876936039746 0.5119388804836366 0.1596477107723885 0.054298009924797344
1 0.8165632477605047 0.4719859685729778 0.16283634328594587 0.06538105913900907
1 0.8199609585328934 0.4249654193587661 0.1783977107723885 0.0551713052100677
1 0.8358132175098838 0.38517517328770745 0.19396816861791066 0.046524051281126334
1 0.8195887746914761 0.354689306662319 0.17212953005422946 0.05175520678164425
1 0.8182353529503074 0.3188245812694249 0.15648634933607006 0.04790246071058579
1 0.8145472715682182 0.2815065177871895 0.15647725897699055 0.0463399607105857
1 0.808515440186129 0.2442976162156129 0.16594316256778646 0.06240160835322088
1 0.8197574672152962 0.19144444396587193 0.1721477107723885 0.05488020678164433
1 0.8176864279876848 0.14467860587653072 0.1799783914905479 0.05836907981717361
1 0.8257716387600732 0.09743973284100144 0.1627908914905479 0.05756855913900918
1 0.8299324188143025 0.05350779632323679 0.15967498184962742 0.05898550992479747
1 0.820048879586691 0.022205543115911795 0.15976588544042372 0.04441108623182359