1 0.961501129193309 0.22449143604321514 0.05479245776545092 0.13757441106992568
1 0.9257988476232779 0.23509411934565935 0.08934946828879475 0.14189981252120454
1 0.8777708713008012 0.2297543441179159 0.09734397881213823 0.14529763103285873
1 0.8330499055016682 0.2211804414855107 0.09587248407380997 0.14680556733052796
1 0.782405163394176 0.22061001181126355 0.1033965577372161 0.16889882213985138
1 0.7286809239175197 0.21936745954167805 0.09587248407381015 0.14680556733052796
1 0.6793634633800585 0.20939474801626545 0.08466196828879458 0.14173612141421188
1 0.966364392488663 0.36855889457340285 0.029413026167184952 0.15695932813030114
1 0.947826495091264 0.338799472703704 0.06921897881213823 0.14431548439090341
1 0.9039399871987562 0.3426710063689679 0.09036593671876361 0.1325793762235353
1 0.8550474608903968 0.3521749811412245 0.08429794724210708 0.13548612141421187
1 0.811062242460428 0.3443550466576538 0.08080892619541977 0.12912699400955016
1 0.7705737503529358 0.3434299529182561 0.09247446828879458 0.14200893992586625
1 0.7234180292921311 0.3365003958393472 0.0902749314570915 0.1310168762235353
1 0.6835210713855059 0.3254190520999495 0.08843941567207594 0.12627481252120454
1 0.6404081082172087 0.31600933576521345 0.08843941567207611 0.12627481252120454
1 0.6305542370575818 0.20408225463968738 0.08447995776545092 0.13861112141421197
1 0.5888217633659412 0.1977429746026205 0.09091196828879458 0.14195437622353535
1 0.5968856213713883 0.31363086943047735 0.08255343671876343 0.1323065577118811
1 0.5600226582030914 0.3040028982864179 0.0852234104104042 0.12460318511654282
1 0.5457543028284799 0.18755200826788448 0.0852234104104042 0.12460318511654278
1 0.5034680922910189 0.177333760081983 0.08080892619541977 0.12912699400955024
1 0.4601276159685422 0.17183029374724695 0.08080892619541977 0.12912699400955022
1 0.520997955558138 0.29133177269585475 0.07870039462538862 0.1196974303072194
1 0.47761197660482535 0.2866095563611187 0.07750191567207612 0.12589286660488846
1 0.43059276343652825 0.27733624928220985 0.07879139988706055 0.1212599303072194
1 0.4199044343702763 0.15296373185901463 0.08586044724210709 0.13554068511654283
1 0.36401845541696365 0.14867802514292544 0.08696792093374794 0.12778274881887364
1 0.31891805801956463 0.11984618621285112 0.07933743145709168 0.1306349303072194
1 0.28109183432792395 0.11337049691995711 0.07639444198043535 0.13365080290255768
1 0.24657262115962686 0.10366068022240135 0.08273544724210717 0.13543155771188106
1 0.20070638431380647 0.1013640594411616 0.08660389988706055 0.12153274881887363
1 0.1434399158838376 0.09400791642740328 0.09000191567207608 0.12632937622353535
1 0.11422358176767515 0.1940451219623661 0.0980874314570916 0.13128969473518967
1 0.16606680282848002 0.20081098793428245 0.08660389988706055 0.12153274881887359
1 0.2111139923192537 0.21717010871552217 0.08742294724210717 0.1355952488188737
1 0.2554254344408634 0.2327752613479274 0.08724093671876343 0.1324702488188736
1 0.30832292128668376 0.23482634546867825 0.08237142619541978 0.1291815577118811
1 0.3431683581466216 0.25232138031506857 0.09267188936371688 0.11862600362819702
1 0.38490083183826235 0.2586606603521355 0.09138240514873237 0.12325893992586616
1 0.09575503185237977 0.2835714134321784 0.08871243145709165 0.13096231252120455
1 0.13855718188061464 0.31170384791574895 0.08522341041040424 0.12460318511654282
1 0.048947192262784 0.3975991970974423 0.097894384525568 0.1408829495445131
1 0.024577252842597434 0.5166592211440595 0.04915450568519487 0.15105655771188112
1 0.10203658197943669 0.4166740901112007 0.10653696828879458 0.14250001324684386
1 0.042671317333371164 0.5436656652462769 0.08534263466674233 0.13586806733052798
1 0.18879240031058356 0.3193055275899962 0.08504139988706054 0.12147818511654282
1 0.1603195188393745 0.4333506694226282 0.09505343671876343 0.13274306733052796
1 0.08662514262983728 0.5474156586228549 0.08925846302712273 0.14033731252120454
1 0.14214710053646248 0.5579513653389442 0.0946740051204975 0.15300100362819702
1 0.23434782401634174 0.3403248665200705 0.08218941567207612 0.12605655771188112
1 0.2708922687687873 0.35542158766412996 0.08117294724210718 0.13537699400955025
1 0.3169937240445766 0.3670659265942043 0.09863346302712275 0.14066469473518958
1 0.36101673982959215 0.3608506429289403 0.09808743145709169 0.13128969473518967
1 0.3981149214278581 0.3798263322218343 0.08200740514873246 0.1229315577118811
1 0.4393391609045144 0.3815053941100667 0.08273544724210709 0.13543155771188112
1 0.4701873425027804 0.40069933821228415 0.08393392619541977 0.12923612141421187
1 0.5161067872552259 0.41546867714235847 0.0941279735504665 0.14362600362819702
1 0.5617000083160308 0.42245279792359824 0.09027493145709169 0.1310168762235353
1 0.5981534478068046 0.4391120190676577 0.09559946828879458 0.14211806733052795
1 0.6518776872834608 0.44035457133724315 0.10662797355046649 0.14406251324684388
1 0.699587145190086 0.4511630965649866 0.09643392619541977 0.12967263103285873
1 0.7414561267742346 0.4551586266020536 0.0899109104104042 0.1247668762235353
1 0.7801091030967113 0.46082578404378205 0.08080892619541977 0.12912699400955036
1 0.8285466030967111 0.4591343092715256 0.09478042093374768 0.12805556733052798
1 0.8736315899425315 0.46145821190393077 0.09072995776545092 0.1388293762235353
1 0.9247313583583832 0.45421614157817797 0.09394596302712302 0.140501003628197
1 0.9476837399707666 0.48849937234088425 0.05148544724210709 0.134340283665264
1 0.9273418769154089 0.596802945661862 0.06950740514873247 0.12249504809323426
1 0.8983607612292154 0.7061878693456594 0.07123650512049765 0.15218254809323425
1 0.8591478008329286 0.8439978933922765 0.07618161035393456 0.1835416754978958
1 0.8956592374105178 0.5651635652619753 0.09063895250377882 0.1372668762235353
1 0.8630147954300824 0.6972865844992691 0.08760495776545092 0.1387202488188736
1 0.8276170797721238 0.836522699290059 0.0867704998588259 0.151165685116543
1 0.8401981926863069 0.5803545448435553 0.09209503669052879 0.1622668762235353
1 0.8092450533225902 0.6968252822296835 0.09458299985882554 0.15143850362819702
1 0.7789898639729909 0.828085205913481 0.09016851564384129 0.15596231252120454
1 0.7979574847796819 0.5693550466576538 0.08273544724210709 0.13543155771188112
1 0.7511279874105178 0.5702107077275795 0.09201944198043535 0.13419643992586625
1 0.7056257716113847 0.5616640869463397 0.08696792093374803 0.12778274881887358
1 0.7652143322617853 0.6897865977461131 0.09082096302712266 0.1403918762235353
1 0.7267433664626524 0.6809944403043844 0.08815098933548207 0.14809524881887376
1 0.6803233927710116 0.6748188513743101 0.09330892619541978 0.12956350362819702
1 0.6334938954018476 0.6756745124442357 0.08108194198043535 0.13381449400955034
1 0.6551175373964003 0.5587499072720925 0.09339993145709151 0.1311260036281972
1 0.6019470347655644 0.5613863231513416 0.09661593671876342 0.13279763103285874
1 0.5562551031672984 0.5427107342212674 0.0977234104104042 0.12503969473518967
1 0.5925503769859961 0.682561918704838 0.06858194198043535 0.13337798439090348
1 0.5563321559251913 0.6752504157096131 0.08393392619541977 0.12923612141421187
1 0.5183617190652534 0.6578645082678845 0.09100297355046649 0.14351687622353532
1 0.5038581452606732 0.5320659001005165 0.0805359104104042 0.12443949400955034
1 0.45472269524655573 0.5189681885751039 0.0820984104104042 0.12449405771188111
1 0.41882299260160244 0.5061879355798788 0.08026289462538863 0.11975199400955035
1 0.4792460111586282 0.6467558826773213 0.09183743145709151 0.13107143992586626
1 0.44596307429869037 0.6292062841286001 0.09174642619541977 0.12950893992586626
1 0.4014773269295263 0.6299800996450295 0.08880343671876342 0.13252481252120454
1 0.3633248795462448 0.615719192203301 0.09523544724210717 0.13586806733052798
1 0.32801671110215846 0.5927826892080761 0.09100297355046641 0.14351687622353532
1 0.2872474979338614 0.5832911273198438 0.09349093671876343 0.1326885036281972
1 0.37846330311082865 0.4896651236916466 0.0793374314570916 0.1306349303072194
1 0.3424803004799927 0.49170133884525635 0.08382751038216937 0.1541815577118811
1 0.3068536136200549 0.4742335858500314 0.0824624314570916 0.1307440577118811
1 0.26498463203590644 0.4702380558129645 0.08393392619541977 0.12923612141421187
1 0.226596966222656 0.4466294302224014 0.08393392619541977 0.12923612141421187
1 0.1840692900272362 0.5744196135248456 0.10239549985882564 0.1517113221398514
1 0.2399552689805488 0.5787053202409348 0.08447995776545092 0.1386111214142119
1 0.6663896953877301 0.6597122065464531 0.010376057878390377 0.017514882213985138
1 0.7299153271412878 0.8407141806857374 0.09291408404557533 0.1763293762235353
1 0.6913001481738578 0.8210118050951742 0.08906104195220052 0.16372024881887343
1 0.6545281902672325 0.8098213339511149 0.09107856826055957 0.17158731252120454
1 0.6008648639729908 0.8343054679791985 0.10292612087727822 0.18759425843752062
1 0.5651471718513811 0.8184002149839736 0.08978908404557515 0.17622024881887377
1 0.525940458683084 0.8088540893934105 0.10559609456891898 0.17989088584218216
1 0.4899875481315055 0.783601118249351 0.09687354195220052 0.16399306733052796
1 0.44697329550066955 0.7858828700634495 0.09751057878390341 0.17493056733052798
1 0.40758457180902885 0.7794617444728863 0.10881209983059073 0.18156251324684386
1 0.359647600748224 0.7725594692451428 0.10329014192396561 0.19384425843752062
1 0.31557908233237253 0.7795560029104068 0.09785918927901224 0.20768850362819719
1 0.2896004112574503 0.7570733677011968 0.09667612087727821 0.187376003628197
1 0.2550811980891532 0.7473635510036412 0.08942506299888783 0.16997024881887376
1 0.21761899544419988 0.7346378617107471 0.08786256299888784 0.169915685116543
1 0.18337279806091833 0.7202405450131913 0.10734060509226265 0.1830704495445131
1 0.1272593059534261 0.7198610882971022 0.10292612087727822 0.18759425843752062
1 0.08198460330847275 0.7074082175158625 0.10825065770898115 0.19869544954451293
1 0.04170108055813796 0.7060292559904499 0.08340216111627592 0.17978175843752062
1 0.019662968712317583 0.6986904711440595 0.039325937424635166 0.1776190577118811
1 0.0015500055440205262 0.6790327355720297 0.0031000110880410525 0.17943452885594055