1 0.876222553138644 0.9271860886105637 0.1427012303552928 0.078934041958086
1 0.8778000157112565 0.8771633627128648 0.12812930810555195 0.06791472872636958
1 0.850507615587422 0.8280900584581385 0.13401543507002245 0.060138590162687675
1 0.8397670146777992 0.7820463054330765 0.13437930810555193 0.06795109016268785
1 0.8329690510717294 0.7367610765103153 0.1374315334984459 0.06640677088084708
1 0.8174317882514478 0.6884008445624922 0.15937930810555195 0.0680965359079618
1 0.8025666135205075 0.637692317435129 0.13728598428423452 0.06328177088084708
1 0.7955503260931199 0.5877195885123678 0.1338698858558109 0.05701359016268785
1 0.7512054365132554 0.9443241125164729 0.15269266046291677 0.05868517447164336
1 0.7661005363894209 0.8950053685665973 0.1369948858558109 0.05703177088084708
1 0.7466934108726923 0.8474491125164729 0.12322348428423417 0.0631999576491303
1 0.7227807218737283 0.8038263775435877 0.1276198858558109 0.05697722872636959
1 0.7160555328747643 0.7601036486208266 0.12122433664159918 0.05381586729005079
1 0.7041163050006707 0.7218814859548439 0.13259848428423418 0.06325449980360816
1 0.694901816787495 0.6750473925707022 0.12173375889134022 0.06475336729005096
1 0.6937545396991898 0.6336365973911625 0.11846320967712849 0.06161018657189175
1 0.6870293507002259 0.5899138684684013 0.11846320967712849 0.06161018657189175
1 0.7855182005763913 0.5401087903077659 0.13230738585581073 0.05700449980360815
1 0.7780845361845332 0.4979531065645446 0.13252570967712848 0.06169199980360816
1 0.6764706863083677 0.5477763654433392 0.12442211124870503 0.055396548008210186
1 0.6731615957378271 0.5102854558024188 0.11519266046291676 0.058467005853732525
1 0.7736667098820161 0.4534354921031641 0.11690070967712848 0.06160109621281205
1 0.7693216581866051 0.41048037764178347 0.121224336641599 0.053815867290050966
1 0.760325493794747 0.3683337842576418 0.12122433664159918 0.053815867290050966
1 0.6727591813459689 0.4680888654433392 0.11184933664159917 0.0537613251355733
1 0.6629817669541108 0.4259468172387373 0.11795378742738745 0.050672686571891744
1 0.6568558914373821 0.37831329313643636 0.11348461124870504 0.05533291549465282
1 0.7652462801886771 0.3229803776417835 0.1276198858558109 0.056977228726369414
1 0.7509804189399721 0.26836105533488064 0.12002570967712849 0.061619276930971356
1 0.7626049696019258 0.21593549210316407 0.1242765620344933 0.05227154800821019
1 0.7561708790313852 0.1784627631804029 0.12554796360606985 0.0460306383672898
1 0.7544606757643976 0.14174401318040292 0.12754711124870505 0.05541472872636941
1 0.7415218740689866 0.09883889569396023 0.11221320967712849 0.06157382513557323
1 0.7310531009096228 0.041853097489358324 0.11548375889134022 0.06471700585373248
1 0.633015861248705 0.05101954011137425 0.12046235731976367 0.07099427693097134
1 0.6424122859796453 0.10175988349551597 0.11221320967712849 0.06157382513557326
1 0.6407256614963741 0.14943885939321502 0.12613016046291675 0.0585306383672898
1 0.6413827870131026 0.1971041997522946 0.12456766046291676 0.05852154800821019
1 0.6554667117440431 0.2478172720591975 0.12129711124870504 0.05537836729005097
1 0.6518173269216895 0.2869115883159762 0.10788958271265763 0.06935905405833438
1 0.6584333540099947 0.3282905672387373 0.11243153349844608 0.0662613251355733
1 0.5462072200162107 0.06637235021983284 0.1215882096771285 0.061628367290050945
1 0.5344371201400452 0.1156729134515494 0.11526543507002263 0.06002950585373248
1 0.4278382096771285 0.05846492233034397 0.13012845574818713 0.07729881908544903
1 0.3025107239451521 0.052160901056713393 0.1383776033908221 0.08671927088084712
1 0.4283326693542569 0.11941605786896341 0.13169095574818696 0.07730790944452863
1 0.2948651978903042 0.10612623839073092 0.12485875889134013 0.0647715480082102
1 0.5437971575674326 0.16563200683569113 0.11221320967712849 0.06157382513557321
1 0.4311708790313853 0.1803535578689634 0.12344180810555194 0.06788745764913058
1 0.30720468610347984 0.1529421510567134 0.13089043507002263 0.060120409444528636
1 0.31451207195929076 0.20916487997947453 0.14339043507002264 0.06019313231716561
1 0.5383862196019259 0.2172399586310892 0.11817211124870504 0.05536018657189175
1 0.5362993347795724 0.2563251845287883 0.12740156203449332 0.05228972872636941
1 0.540862710296301 0.30396779899016885 0.13125430810555194 0.06793290944452864
1 0.5591247127775004 0.34371610021983284 0.12046235731976367 0.07099427693097127
1 0.5532043525622526 0.38438655201523086 0.11519266046291676 0.058467005853732525
1 0.566815242347005 0.42494337432213375 0.12754711124870505 0.05541472872636941
1 0.5583328083104396 0.46093996165615125 0.12129711124870504 0.05537836729005079
1 0.5589899338271683 0.508605302015231 0.1343065334984459 0.06638859016268803
1 0.5673503974332382 0.5538814405789124 0.12166098428423418 0.06319086729005097
1 0.5637737872179904 0.5945382568356912 0.1327440334984459 0.06637949980360833
1 0.5802014619489307 0.6452376936039746 0.1331806811410811 0.07575449980360816
1 0.5848012247692124 0.6936615580653551 0.12038958271265762 0.06943177693097127
1 0.5945422518575176 0.735022356269957 0.11548375889134022 0.06471700585373234
1 0.6017939797316111 0.7732717900131784 0.12115156203449332 0.05225336729005079
1 0.618748193337681 0.818497931601922 0.11733735731976366 0.07097609621281223
1 0.630160882336645 0.8621933894474443 0.12932793507002244 0.06011131908544911
1 0.6533287086391619 0.9066019195998696 0.1296190334984459 0.06636131908544911
1 0.635526932584314 0.9606263442679046 0.13103598428423419 0.06324540944452864
1 0.5264794183162904 0.9682939194034776 0.11831766046291677 0.058485186571891744
1 0.41899440404826677 0.9759524041799714 0.14891268899896398 0.04460449375348432
1 0.2833843897802431 0.983774515419898 0.1826327175350113 0.030741981653235585
1 0.5445359054960088 0.9197382447354429 0.1278382096771285 0.06166472872636959
1 0.4156125388706203 0.936898994539051 0.13081766046291676 0.058557909444528634
1 0.27965792224523184 0.9541006509585177 0.14473461124870504 0.05551472267624504
1 0.513482804586386 0.8738126663784158 0.15581766046291676 0.05870335518980241
1 0.3999661141396799 0.8861950125912277 0.14197348428423426 0.063309041958086
1 0.27111552212139733 0.904918262394836 0.1494948858558109 0.05710449375348396
1 0.510663865587422 0.8300672115579555 0.12747433664159918 0.05385222872636959
1 0.4945272892849051 0.785617774789672 0.12471320967712848 0.06164654800821019
1 0.4876929383752822 0.7395512958669108 0.11839043507002245 0.060047686571891745
1 0.39089717514071587 0.842485919207086 0.1309632096771285 0.06168290944452863
1 0.38826017265951657 0.8026467143866258 0.1401198858558109 0.05704995159900648
1 0.37837359635699963 0.758160916182024 0.12024403349844608 0.06630677693097127
1 0.36376313275092975 0.7129211390546608 0.12740156203449332 0.05228972872636941
1 0.47528067555500064 0.6911728832009284 0.12187930810555195 0.06787836729005096
1 0.4558007754311662 0.6420541271508041 0.12351458271265763 0.06944995764913067
1 0.45741462530733157 0.5928126512531051 0.11421235731976367 0.07095791549465283
1 0.3433393167874951 0.6770927233636164 0.12845463978475236 0.041361319085449114
1 0.3392853635205074 0.6403876089022357 0.1213698858558109 0.05694086729005097
1 0.3428255864322022 0.598949542645457 0.13416098428423426 0.06326359016268786
1 0.45099765136217956 0.5389291271508042 0.11817211124870504 0.05536018657189175
1 0.44788761393479215 0.488933672330344 0.1151198858558109 0.05690450585373234
1 0.4476307487571457 0.4498620819712643 0.11192211124870503 0.0553238251355733
1 0.34093344664744984 0.5583245426454571 0.12017125889134021 0.06474427693097126
1 0.3454368560769093 0.5207881812091386 0.11860875889134022 0.06473518657189174
1 0.3317531916850512 0.4786688589022357 0.12464043507002262 0.06008404800821019
1 0.33216841459674595 0.43724897336361623 0.12493153349844599 0.06633404800821019
1 0.3419586375084407 0.3957745456705191 0.13408820967712848 0.061701090162687856
1 0.3376863604201355 0.3543819312091386 0.12180653349844599 0.06631586729005097
1 0.45031694706173464 0.4068660608940255 0.12420378742738744 0.05070904800821019
1 0.43699715570540576 0.37255923858712264 0.14920378742738744 0.050854493753484054
1 0.44064654052775937 0.33346492233034397 0.12434933664159917 0.05383404800821019
1 0.43168676343945406 0.29209957894620225 0.11988016046291676 0.05849427693097127
1 0.441404211744043 0.24906265125310512 0.1213698858558109 0.05694086729005097
1 0.3134975355653606 0.25449556069763374 0.14241013192686944 0.072684041958086
1 0.3261645095105127 0.30834272336361623 0.1307448858558109 0.05699540944452863
1 0.38762016376817643 0.7385705788480064 0.015988873035529316 0.007903403590796287
1 0.24574949503309207 0.8636483677810304 0.16817211124870504 0.055651078062439296
1 0.25156069333768094 0.8206341659856321 0.15723461124870503 0.05558744554888193
1 0.24974132816003455 0.7815716659856322 0.16504711124870503 0.05563289734428025
1 0.21109405107172935 0.7403790394240032 0.18096320967712848 0.06197380093507654
1 0.21396218589408292 0.7012892683467643 0.16795378742738745 0.05096357806243947
1 0.2089450461093306 0.6606824490649236 0.168681533498446 0.06658857806243948
1 0.2217511071103666 0.6168460906536672 0.1559632096771284 0.061828355189802585
1 0.20586924193272016 0.5778654038853838 0.16831766046291677 0.05877607806243947
1 0.19854473945152082 0.5380534701421624 0.17202485731976358 0.0712942587805987
1 0.19085636393479216 0.4904290363989411 0.1871404350700226 0.06044766237139498
1 0.17032338606069866 0.45225687070789655 0.2008390620344933 0.05271697560311139
1 0.18289400661502858 0.42014380747617996 0.18074488585581086 0.05728630093507654
1 0.180366166044488 0.3826483526557197 0.16490156203449327 0.052507897344280255
1 0.1801456881703945 0.34435801229664015 0.1649015620344933 0.052507897344280255
1 0.18226896029630096 0.3060540363989411 0.17344180810555185 0.06817834913967839
1 0.16420601095825477 0.2538011899897373 0.17940070967712846 0.06196471057599684
1 0.1612051354415261 0.20614948516927706 0.18892125889134018 0.0651442527304745
1 0.14726675992479746 0.15856141286237418 0.17166098428423432 0.0634817587805987
1 0.13901545822938638 0.11562902429869268 0.16860875889134014 0.06502607806243947
1 0.14300944540910482 0.06715516286237422 0.1708990049623987 0.08066016842151909