1 0.09282589247680566 0.12760230435292197 0.1521093202884723 0.09149767447164328
1 0.09324477298576403 0.1791693495324618 0.1361570119678473 0.07734427088084712
1 0.12407785210795157 0.22821538270994904 0.14069904160312507 0.071121541958086
1 0.13688762984336827 0.27502220501685193 0.14244337955902786 0.07894313231716561
1 0.1457729737831947 0.32107050322145386 0.1439331443766667 0.07582722267624523
1 0.16410605290538227 0.37018925927157803 0.16595361474138898 0.08220448770335978
1 0.18247549961875037 0.4208705153217022 0.1439331443766667 0.07582722267624523
1 0.19150631392329903 0.4731688135263042 0.1390274388295834 0.06642495159900648
1 0.22111389342673618 0.10028984972885353 0.15788654160312507 0.07122153590796176
1 0.20748845773128485 0.15271995814010988 0.14371493882958336 0.06645222267624522
1 0.22969141926229186 0.20025348829253503 0.12983427678548623 0.07418290944452863
1 0.25647277801975715 0.24307224736772132 0.13281380642076393 0.06795109016268785
1 0.2661211881639933 0.28833475039278345 0.12489220364722228 0.0632181383672898
1 0.2803116279435073 0.32731998234060666 0.13920927678548622 0.0742374515990063
1 0.2907958394745142 0.37492169018612903 0.12667290919430557 0.07260222872636941
1 0.29492094823197956 0.4178722594679698 0.12354790919430556 0.0725840480082102
1 0.30376992458062535 0.46235805767257165 0.12354790919430556 0.0725840480082102
1 0.20513370924989624 0.5215335906536672 0.13742857123840277 0.06485336123992677
1 0.21470938421177127 0.5636710936787294 0.13913654160312508 0.07111245159900648
1 0.316506967133681 0.5060398799794745 0.13117857123840276 0.06481699980360815
1 0.32210365691319487 0.5450751089022356 0.1219126740119445 0.06944995764913049
1 0.221269161947188 0.6105142774219506 0.12351154160312508 0.07102154800821019
1 0.22775620450024361 0.654232461165172 0.12489220364722228 0.0632181383672897
1 0.23893074705329917 0.6979233738311545 0.12645470364722228 0.0632272287263694
1 0.3238668318750699 0.5872580637226958 0.11707970364722228 0.06317268657189175
1 0.33660387442812556 0.6309398860295987 0.12169446846486114 0.060074957649130664
1 0.34556195355031305 0.6801131842342006 0.11864220364722229 0.06318177693097127
1 0.23531609099312562 0.7440443949083934 0.1328501740119445 0.06951359016268785
1 0.25303157427562567 0.8001989461380574 0.12663654160312507 0.07103972872636959
1 0.24416637376253542 0.8557267834720749 0.1280172036472223 0.0632363190854491
1 0.25208862974645907 0.8939671268562165 0.13103310087368064 0.058566999803608154
1 0.2553233857303827 0.9322347413175972 0.13117857123840287 0.06481699980360815
1 0.27024052412312577 0.9688716780858806 0.11856946846486113 0.060056776930971265
1 0.3831769352172925 0.9869671722321481 0.1208216462765277 0.022574957649130666
1 0.37247517134958413 0.9635887595661657 0.1172251740119444 0.06942268657189174
1 0.3721472098185772 0.9159279643866259 0.13288654160312507 0.07107609016268768
1 0.3702021969007993 0.8659325095661657 0.12976154160312509 0.07105790944452864
1 0.35183275018743126 0.8152512535160416 0.12649107123840286 0.0647897287263696
1 0.3547934428167368 0.7746035276183424 0.11431837955902786 0.07877950585373235
1 0.34598083405927144 0.7316802294137406 0.11889677678548613 0.07411927693097127
1 0.4728206634657994 0.9778507265850702 0.12590918977951376 0.039789728726369586
1 0.48450239266423695 0.9426217537124331 0.12191267401194458 0.06944995764913031
1 0.5938234944878481 0.9732399737563998 0.1307785277354167 0.04762949980360816
1 0.7217121051451744 0.9623383143118712 0.13684668977951392 0.03985336123992696
1 0.5936410033215633 0.9318291785768599 0.1395729526972918 0.08986245159900648
1 0.732031356095105 0.9357121817983138 0.1330320119678472 0.07732609016268768
1 0.4731460121552785 0.8911183410464506 0.11882404160312507 0.07099427693097127
1 0.5874806158787507 0.8685751996540987 0.13150587955902787 0.07887949980360816
1 0.7168596445640979 0.8881377450300303 0.1375740416031249 0.07110336123992696
1 0.7069384774860076 0.8311564920049681 0.15167290919430557 0.07274767447164336
1 0.4750345140551396 0.8379751603282914 0.12496493882958326 0.06634313836728971
1 0.47641452288885483 0.796555274789672 0.13274107123840295 0.06482609016268785
1 0.4682558775622576 0.7481586814055303 0.13779224715020852 0.0804783612399266
1 0.4470341877827437 0.7092143560735653 0.12532861474138884 0.08196813836728971
1 0.451484645229688 0.6654325398167866 0.12031380642076392 0.06787836729005096
1 0.43649477165458384 0.6256706030485033 0.13277743882958343 0.06638859016268803
1 0.4426531994662505 0.5881296964326449 0.12808993882958344 0.06636131908544911
1 0.43914568654847275 0.5381433319712643 0.1392456443766667 0.07579995159900647
1 0.429460908813056 0.49131832894620225 0.12823540919430557 0.07261131908544911
1 0.43084091764677124 0.4498984434075828 0.1392820119678472 0.07736245159900648
1 0.4116538533422226 0.3976592325369984 0.13950021751493064 0.0867374515990063
1 0.4042400904244447 0.3476955939733169 0.12681837955902786 0.0788522287263694
1 0.3915394154625697 0.305576271666414 0.1220581443766667 0.07569995764913048
1 0.3828177256830558 0.2665592234618121 0.12489220364722228 0.0632181383672898
1 0.3630130655388196 0.22135580777076752 0.12372974715020835 0.0803965480082102
1 0.34947658919017377 0.1768972806434045 0.13601154160312506 0.07109427088084712
1 0.3242031790459376 0.13172568120913858 0.1361570119678473 0.07734427088084712
1 0.3400814457634375 0.07537568725926276 0.13608427678548624 0.07421927088084712
1 0.44807513050895836 0.04896265730322934 0.12859908510611112 0.08823631908544903
1 0.5578858883927431 0.035327925060818485 0.15952177678548624 0.07065585012163697
1 0.7005818814588889 0.02324101551809397 0.1917887629177777 0.04648203103618794
1 0.43464971656500007 0.1099865157144857 0.1345217767854862 0.0742101805217675
1 0.5668621513105209 0.08343258519271819 0.13593880642076392 0.06796927088084712
1 0.7060876522604514 0.056056498055092406 0.15000130642076392 0.06805108411256369
1 0.4693344943004168 0.15666607299427393 0.16253767401194458 0.06968630698520065
1 0.5860310318194794 0.13489054606330259 0.1486206443766669 0.07585449375348405
1 0.7166264151782292 0.1060019559006147 0.15468880642076394 0.06807835518980254
1 0.4742954044446529 0.2019558470965749 0.13274107123840295 0.06482609016268785
1 0.49330063079329883 0.24638255796715924 0.13295927678548622 0.07420109016268786
1 0.5022041585287156 0.2932121061717612 0.12347517401194459 0.06945904800821019
1 0.5972419419637154 0.18014395872928507 0.13604790919430557 0.07265677088084713
1 0.6020755655388197 0.21996498283158603 0.1484751740119446 0.06960449375348406
1 0.6141040932742363 0.2667763503180287 0.1283081443766667 0.07573631908544902
1 0.6315650034184725 0.31199340154769273 0.13270470364722228 0.06326359016268786
1 0.5182116714464933 0.34312574776050486 0.1283081443766667 0.07573631908544912
1 0.5404328167730906 0.39144052791292994 0.12994337955902785 0.07887040944452864
1 0.540070447282049 0.44301211827200965 0.11904224715020853 0.08036927693097126
1 0.6534770242200351 0.3470269317001179 0.1339398953265974 0.04921018052176755
1 0.6598367802039586 0.3852763654433392 0.12652743882958326 0.06635222872636941
1 0.6585113227570142 0.4290400009819586 0.1406990416031249 0.071121541958086
1 0.5499552467689588 0.49843087129707164 0.12336607123840296 0.0647715480082102
1 0.5558610610735074 0.5507473502198328 0.12027743882958344 0.06631586729005097
1 0.5575515008530213 0.589805305040293 0.11867857123840278 0.06474427693097126
1 0.6626182477188893 0.47120932026379947 0.1283081443766667 0.07573631908544912
1 0.6588399374984032 0.5102990913410383 0.12674564437666672 0.07572722872636942
1 0.6762462962558685 0.5531723925707023 0.12976154160312509 0.07105790944452864
1 0.6780094712177436 0.5953553473911624 0.1314331443766667 0.07575449980360816
1 0.6688533299752089 0.63838318472518 0.14069904160312507 0.071121541958086
1 0.6761216225282645 0.6820968232888616 0.12830814437666688 0.07573631908544912
1 0.5570618447928478 0.6359081453993727 0.12954333605604162 0.06168290944452863
1 0.5719062480032298 0.6694200821676561 0.15454333605604162 0.061828355189802585
1 0.5705262391695145 0.7108399677062754 0.12805357123840294 0.06479881908544911
1 0.5808831641313896 0.7529729255517978 0.12652743882958326 0.06635222872636941
1 0.574143508071216 0.7991121273471959 0.12808993882958344 0.06636131908544911
1 0.7066105159550007 0.7834956968254284 0.1503649823325695 0.08367608411256384
1 0.6896944664680908 0.7281178504162246 0.13430357123840278 0.06483518052176755
1 0.6052018719595835 0.2871433924725064 0.015806837955902785 0.007903403590796198
1 0.746496406344514 0.1472400342576418 0.17503767401194442 0.06975902985783752
1 0.7420823164887501 0.1925843505144204 0.16250130642076394 0.06812380698520064
1 0.7453534400638544 0.232414464975801 0.17183993882958326 0.0666158491396783
1 0.7884864974345488 0.27279402528065133 0.1876831443766669 0.0760817527304745
1 0.7870883048052433 0.31343266081927074 0.17649107123840277 0.06508062021691714
1 0.7935389797671183 0.35558834456249205 0.17685474715020852 0.08070562021691714
1 0.7828748899113546 0.40096902225558917 0.16108427678548623 0.07436471662612103
1 0.8002085134864586 0.4407173234852532 0.17514677678548624 0.07444652985783762
1 0.8097478208571532 0.48129232651031534 0.18005248233256949 0.08384880093507655
1 0.8210314661837504 0.5296707391762978 0.1939331443766669 0.07611811416679296
1 0.843797472167674 0.5678247241491832 0.20785017401194458 0.06994992739850954
1 0.8321157429692366 0.6030536970218201 0.1875740416031249 0.0713942527304745
1 0.8368948151575699 0.640530971124121 0.17180357123840295 0.06505334913967839
1 0.8386216225282646 0.6811514259445813 0.17024107123840296 0.06504425878059869
1 0.8387495623077784 0.7202184711241211 0.18157861474138884 0.08229539129415606
1 0.8595173104079172 0.7732298416356258 0.1861206443766669 0.07607266237139498
1 0.8653322057345146 0.8216400705583868 0.19716724715020817 0.08082379488495235
1 0.8813033510611119 0.8699912121471307 0.1799070119678472 0.07759880093507618
1 0.8925142612053479 0.9152446248131131 0.17681837955902785 0.07914312021691713
1 0.8860467088686466 0.9395042814289714 0.17129442496187508 0.04317834913967857