1 0.9480945047496985 0.29346961720246056 0.07957239258219673 0.14771134134309047
1 0.9154834006112555 0.2751105158736876 0.0928979081860291 0.13381247334499946
1 0.8602226905253471 0.2866843625477782 0.08524918249628825 0.1368465666772723
1 0.813675239145866 0.28097980255414157 0.09158106965141818 0.138481792011454
1 0.7696353120766446 0.27212297056018675 0.0917448439616777 0.141606792011454
1 0.7204575056542095 0.2719144325668682 0.09757876413349428 0.16353633601209036
1 0.667496279964469 0.26940759790741337 0.08853795680654777 0.1400079293443631
1 0.6188097964728124 0.25982405991409485 0.08212418249628843 0.13681020401018137
1 0.9329497823393182 0.4185696145369605 0.08779432835784533 0.15561474801081765
1 0.8931812754419134 0.3878014198759148 0.08228795680654813 0.1399352040101814
1 0.8414550011316537 0.3915264038829145 0.08475785956551007 0.12747156667727227
1 0.7941296217784402 0.4006655938892779 0.08023413387576923 0.13054202267663584
1 0.7500487511316537 0.392590011895323 0.07678158525525056 0.1242556600095451
1 0.7111090818643484 0.3907007952339591 0.08681168249628826 0.13686474801081766
1 0.6645616304848674 0.38499623524032245 0.08780097241038014 0.1259454293443632
1 0.6261951713034704 0.3721695185789586 0.08294969810012062 0.12276588534372675
1 0.5828955506566839 0.36408484591823104 0.08294969810012062 0.12276588534372683
1 0.5706589015157666 0.25491893125400367 0.08047979534115868 0.13522952267663585
1 0.5304023937138505 0.24836039592618522 0.08516729534115867 0.1352840666772722
1 0.5401315185445082 0.3606785825907307 0.0785078595655099 0.12739884134309049
1 0.5046853414752868 0.351721753262276 0.07957903663473136 0.11804202267663592
1 0.48722560379975877 0.23793197326545767 0.08286781094499104 0.12120338534372674
1 0.44639256388566695 0.22747627860441194 0.07678158525525039 0.12425566000954502
1 0.404532612506186 0.22171717461013896 0.07678158525525039 0.12425566000954502
1 0.4655785758714545 0.33812287726768486 0.07472776232447202 0.11486247867599957
1 0.422814543759279 0.3347166139401846 0.07341092378986111 0.11953179734245412
1 0.37725306026762234 0.3250967132797752 0.07637214947960161 0.11644316000954502
1 0.36414995194530786 0.20266772994909324 0.08179663387576941 0.13056020401018137
1 0.3089268634106971 0.19862566728995654 0.08459408525525039 0.1243465666772722
1 0.26274458220303265 0.1710551979630926 0.07530097241038014 0.12579997867599957
1 0.2264352679786814 0.16366995930141057 0.0706953595655099 0.12730793467536325
1 0.1918522280645897 0.15314153930618307 0.08023413387576941 0.13054202267663592
1 0.14740286521971943 0.15209720731222826 0.08105964947960165 0.11649770401018138
1 0.09160324457293308 0.14415798531986426 0.08591092378986116 0.1196772480108177
1 0.06625468453245334 0.24048809265595503 0.09240658525525039 0.12443747334499947
1 0.1165855551792397 0.24849094931572807 0.08105964947960165 0.11649770401018138
1 0.15947574005037732 0.2643881219764556 0.08327724672063966 0.12901588534372682
1 0.20392842492151492 0.28026711330363774 0.08163285956550989 0.12743520401018138
1 0.2561084006112554 0.2827830386298653 0.07834408525525038 0.12427384134309047
1 0.2911451419048281 0.2995523679583201 0.08862648801421233 0.11190111067790856
1 0.3314016497067443 0.30611090328613855 0.08582903663473136 0.11811474801081764
1 0.04986836669005748 0.3296869526575459 0.08467597241038015 0.12590906667727228
1 0.0914450350528517 0.35574946598504614 0.08122342378986114 0.11962270401018138
1 0.026111041384429778 0.4402068293284548 0.052222082768859555 0.13208634134309047
1 0.004290273067064081 0.5607375053310001 0.008580546134128161 0.1378999893379998
1 0.058655789236723196 0.45997388932209143 0.10243668249628841 0.1370465613462722
1 0.02156298224846119 0.5824034199952275 0.04312596449692238 0.12894316000954512
1 0.14017246212207318 0.3645517539783646 0.0810596494796016 0.11649770401018138
1 0.11556753053029593 0.47648867998090993 0.09108974672063966 0.12910679201145392
1 0.046595123248778174 0.5858187739895004 0.08352290818602891 0.13370338534372675
1 0.10144971958530505 0.5968920866486371 0.08730300542706693 0.14623974801081766
1 0.18672323552782152 0.38509097330522857 0.07661781094499087 0.12113066000954502
1 0.22180092039895913 0.4010790526336834 0.07702724672063965 0.12894316000954512
1 0.2681027103130509 0.41147111262731995 0.09297979534115867 0.13537497334499946
1 0.31053587177844016 0.406292716621593 0.09240658525525039 0.12443747334499947
1 0.3470122823393182 0.4253876146165023 0.07957903663473136 0.11804202267663584
1 0.3883775887617533 0.425687059277548 0.08023413387576941 0.13054202267663584
1 0.4185630557450666 0.44563593260663914 0.07834408525525038 0.12427384134309047
1 0.4630976277713339 0.4599524239338212 0.09158106965141818 0.1384817920114541
1 0.5087409984181204 0.4680098245942306 0.08623847241038014 0.12592724801081764
1 0.5445999332892579 0.48398881325591264 0.08993668249628843 0.13690111067790856
1 0.5968617961341282 0.4849422385821402 0.10095606965141819 0.13859088001272682
1 0.643903892470655 0.4961064579090042 0.09084408525525038 0.12441929201145392
1 0.6858866745828307 0.49952181190327716 0.08591092378986112 0.11967724801081765
1 0.7230181823847468 0.5061167098981865 0.07513719810012062 0.12267497867599957
1 0.7707563195398766 0.5039996792250505 0.09224281094499087 0.12131247334499946
1 0.8150828516520521 0.5073877612190053 0.08500352103089917 0.13215906667727212
1 0.8646291502725709 0.5005650492123237 0.0897729081860291 0.13377611067790857
1 0.9080991892821517 0.5351940405395059 0.08672979534115868 0.13530224801081764
1 0.8876461691557637 0.6423980132081877 0.09873847241038014 0.12607269867918128
1 0.8670703182966811 0.7519457358768693 0.11287621551297526 0.15746814934754472
1 0.8249536601106522 0.8851673158816418 0.10505707146044045 0.187046561346272
1 0.8394476865686183 0.6086048158816417 0.08656602103089917 0.13217724801081765
1 0.8100357462704137 0.7377746952180507 0.0819604081860291 0.13368520401018139
1 0.7779525073516902 0.8732218465547777 0.0810530054270668 0.14616702267663584
1 0.7848044521724505 0.6232945718889596 0.08787621551297527 0.15717724801081764
1 0.7577738834255434 0.7368212698918232 0.09034611827193721 0.14471361067790872
1 0.7307466367049038 0.865182627227914 0.08598616689245624 0.1509090666772721
1 0.7432720494134885 0.6112854678946866 0.0786716338757694 0.13052384134309047
1 0.6971373558359236 0.6126030672342773 0.08483974672063965 0.1290340666772723
1 0.6530974287667022 0.6037462352403224 0.08138719810012063 0.12274770401018138
1 0.7143923756236273 0.7302990972310957 0.08672979534115868 0.13530224801081764
1 0.6766433921319708 0.720588289902959 0.08401423111680746 0.14307838534372674
1 0.6308771907524898 0.7148746392425496 0.08771908525525056 0.1243829293443632
1 0.5848243843300546 0.7146297385821402 0.07702724672063965 0.12894316000954512
1 0.6025208966545266 0.6004308785805493 0.0910078595655099 0.12754429201145392
1 0.5508355659218319 0.6033746125875491 0.0925703595655099 0.12756247334499946
1 0.506505711783389 0.585151871260367 0.09051653663473154 0.11816929201145392
1 0.5446530857095356 0.7213433625875492 0.06452724672063966 0.12879770934118148
1 0.5090840779076196 0.7147302832590944 0.07990658525525056 0.12429202267663583
1 0.47178547376917657 0.6964257259309578 0.0884560696514182 0.13844542934436319
1 0.4539948654468621 0.5740512866009121 0.07661781094499087 0.12113066000954494
1 0.40629434984302987 0.5605524079408208 0.07801653663473136 0.11802384134309048
1 0.3710119470840678 0.5484705786123663 0.07629026232447185 0.11488066000954511
1 0.43333712743264974 0.6851615092695938 0.08615658525525038 0.12436474801081765
1 0.40064413613907696 0.6683649079408209 0.08607469810012063 0.12280224801081766
1 0.35689413613907695 0.6688739852800933 0.0831953595655099 0.1274533853437269
1 0.3185686205352447 0.6552660186187295 0.08952724672063965 0.12908861067790872
1 0.283859427862191 0.6322466892902747 0.08681168249628843 0.13686474801081766
1 0.2429445007929695 0.623353494629229 0.08936347241038015 0.12596361067790873
1 0.33124676221293026 0.5325370432845477 0.07373847241038015 0.12578179734245404
1 0.29609051221293026 0.5329461232893202 0.07965427973732649 0.14927384134309046
1 0.2602315773417926 0.5169671346276381 0.0769453595655099 0.12738066000954512
1 0.21911193238474674 0.5119801899665924 0.08138719810012063 0.12274770401018138
1 0.18205898971169304 0.48898813263845586 0.07990658525525038 0.12429202267663583
1 0.14273646087887776 0.6135886906429102 0.09824050542706693 0.14636701734563573
1 0.19713735583592365 0.6184210939688196 0.08039790818602892 0.13366702267663583
1 0.6160710623037873 0.6994314525780041 0.010275758706427319 0.017296588001272716
1 0.6832984266189955 0.8766655672342774 0.08853131275401331 0.16967724801081766
1 0.6444782660581174 0.8575979412396861 0.08483310266810502 0.1587033853437269
1 0.6091549197215906 0.8462973619112315 0.0868050384437538 0.1665340666772721
1 0.5571863059722092 0.8695445052514582 0.09543640999505118 0.18224997334499946
1 0.5212864275235066 0.8543467665897764 0.08384381275401331 0.16962270401018137
1 0.48275619403185016 0.8446450499284124 0.0979881999091429 0.1713488360120902
1 0.44660733209149106 0.819300151933503 0.09108310266810485 0.15877611067790837
1 0.40433794493636127 0.82135354793923 0.09165631275401313 0.16971361067790874
1 0.3656439371344452 0.8147768312778663 0.10448386137453217 0.176109061346272
1 0.3191783729100939 0.8075097712842295 0.09576395861557022 0.18849997334499946
1 0.27584113071201 0.8150410079567292 0.09173155585660826 0.20094542934436319
1 0.25046599446139145 0.7926938406270019 0.09066702283992142 0.1806329293443632
1 0.2158829545472997 0.7821654206317744 0.08359815128862395 0.16493520401018139
1 0.1790380517883377 0.7701017726368651 0.08359815128862395 0.16493520401018139
1 0.14461878618450547 0.7564483526416375 0.1013588613745322 0.17607269867918127
1 0.09079442333963521 0.7555131086489555 0.09535452283992148 0.18068747334499946
1 0.04783169352179405 0.742768207988546 0.0956633870435881 0.19011701734563574
1 0.022688391000316985 0.7409426259945912 0.04537678200063397 0.17436474801081764
1 0.0009771653105764872 0.7333846646642274 0.0019543306211529743 0.17073067067154532