0 0.8874651296874999 0.9600572078124999 0.8721973609375 0.9540984015625 0.8402755875000001 0.9518671218750001 0.8151841890625 0.959352990625 0.814931865625 0.9636834562500001 0.823840821875 0.9659367156249999 0.8226122890625 0.9729165078124999 0.831615865625 0.97354584375 0.8335052031249999 0.9693298031250001 0.8426980234375 0.966711290625 0.8653323531250001 0.9731850062499999 0.8825840828124999 0.9733038484375 0.89020296875 0.9694882937499999 0.891305340625 0.964673734375 0.8874651296874999 0.9600572078124999
0 0.9016097984375 0.8724533250000001 0.8715458203124999 0.8665473140625 0.8524678375000001 0.8695618953125 0.8456674578125 0.8734346609375001 0.8501684734375001 0.8808149406249999 0.8614383312499999 0.8848637609375001 0.8618783515624999 0.8914166703124999 0.8851434921875001 0.8870642249999999 0.8907468796875 0.8896299437499999 0.9006005046875 0.8897751843749999 0.9090694375 0.885475534375 0.9109903156250001 0.8807181859375 0.9016097984375 0.8724533250000001
0 0.7611311890625 0.9561182875 0.7703555468750001 0.952958465625 0.766767659375 0.9440114765625 0.7604719281250001 0.9392233125 0.7411431625 0.9324371375 0.7141639750000001 0.9300078234375 0.6899857046875 0.9359269796874999 0.6890410359375 0.9380349984375 0.6938259171875 0.94054350625 0.7044980484375001 0.9407459578124999 0.7157363625000001 0.9453360859375 0.730374865625 0.9479898312499999 0.7341835375 0.953147665625 0.7297755984375 0.958274684375 0.735505146875 0.958675171875 0.7389684171875001 0.9556561718750001 0.7472796500000001 0.9540630625000001 0.7611311890625 0.9561182875
0 0.7689962828125 0.8607888390625 0.75278384375 0.85693805625 0.736319084375 0.8574177328125 0.718375009375 0.8550764453124999 0.69759693125 0.8590592203125 0.696683803125 0.8606259312500001 0.7053719765625 0.8666683484375 0.728100928125 0.871518140625 0.73172035625 0.8799238234375 0.74245556875 0.879043659375 0.7698763265624999 0.8738946593750001 0.773623459375 0.8660038875 0.7689962828125 0.8607888390625
0 0.6492180578125 0.930359825 0.6068133953125 0.9246782453125 0.59828138125 0.9300605125000001 0.579108775 0.9346990171874999 0.5886154546875 0.940798646875 0.620095659375 0.9506082375 0.6513566296875 0.9500757656250001 0.6584724140625 0.94078991875 0.6587878171875 0.9353768375 0.6492180578125 0.930359825
0 0.6565308062499999 0.8471700156249999 0.6405391515625001 0.8395300734375001 0.6274114984375 0.8391559859375001 0.6120175671875 0.8353624125 0.606728040625 0.841514834375 0.5934742281250001 0.8433059796875 0.594764296875 0.8493747921875 0.6286369421875 0.8604386375 0.6394983171875 0.857393240625 0.6525313484375 0.8593912546875 0.6600556125 0.8571996234375 0.6603710171875 0.8517865421874999 0.6565308062499999 0.8471700156249999
0 0.8982188750000001 0.789602371875 0.8563173171875 0.7893910859375 0.8486038078125 0.794830565625 0.8320759671875001 0.796392859375 0.8464936875 0.8028357625 0.863745415625 0.802954603125 0.8773761703125 0.8087989859375 0.89295934375 0.8093447109374999 0.9037891765625 0.806840621875 0.9224255953125 0.8114043531249999 0.9215455531250001 0.7982985359375 0.9127942984375 0.793338734375 0.8982188750000001 0.789602371875
0 0.7796615234375001 0.7791413578124999 0.7659676859375 0.77437959375 0.727497859375 0.7716906156250001 0.71547103125 0.7806331875 0.6973061781250001 0.7820810578125 0.715879515625 0.7877274062499999 0.718869678125 0.792828028125 0.7253546515625 0.79436834375 0.744274934375 0.7940603015625001 0.749343678125 0.791697034375 0.761621284375 0.79255521875 0.770340996875 0.7980563265625 0.7801630796875 0.7987428750000001 0.7919375843750001 0.7941307640625 0.791402940625 0.7892017796874999 0.7796615234375001 0.7791413578124999
0 0.671870925 0.767258871875 0.663780475 0.765062825 0.631953321875 0.761207621875 0.60780659375 0.76658546875 0.6026116890625001 0.7711139703125001 0.596032090625 0.771197578125 0.6040594593749999 0.7744762421875 0.61725019375 0.7737677140625 0.6235143843750001 0.7790971859375 0.6400422265625 0.7775348921874999 0.6560969625 0.78409221875 0.6651320796875 0.7841802453125 0.6710193328125 0.7818741890625 0.6764981015625 0.7724739203125 0.671870925 0.767258871875
0 0.6542735640624999 0.702548309375 0.6043446359375 0.6990583609375001 0.60988494375 0.7027066937499999 0.606200890625 0.7095148499999999 0.592947075 0.71130599375 0.5960003203124999 0.7153240000000001 0.6008482828124999 0.7167498890624999 0.61583373125 0.713449246875 0.625655815625 0.7141357937499999 0.6432844828125 0.7218901609375 0.6450476593750001 0.719839353125 0.6540512359374999 0.7204686875 0.6563490546875 0.7233468656250001 0.6605362109375 0.7220090031249999 0.673413084375 0.7125823328124999 0.6671488921875001 0.7072528625000001 0.6542735640624999 0.702548309375
0 0.782722490625 0.7125032515624999 0.7541062859375 0.7099595140625 0.7391208359375 0.7132601578125 0.7365076125 0.7157950609375 0.7371368781250001 0.719100121875 0.755520971875 0.72799431875 0.7702856390624999 0.7284828296875 0.782405540625 0.7320475546874999 0.8005703984375 0.730599684375 0.8033413218750001 0.7253582421875 0.801106584375 0.7213974484375 0.782722490625 0.7125032515624999
0 0.9222456203125 0.7298648671875 0.902003728125 0.7246454015625 0.8840596546875 0.7223041171875 0.8692319078124999 0.7228982187499999 0.8529863843750001 0.7337199640625001 0.8536787296874999 0.735942409375 0.8660194171875 0.7357179765625 0.8731967359375 0.7394807343750001 0.8984442906250001 0.7434195484375 0.905118509375 0.7417120140625 0.9255181046875001 0.7442249390625 0.9339554968750001 0.7404665968749999 0.9309653328125 0.735365975 0.9222456203125 0.7298648671875
0 0.883712709375 0.72825850625 0.8842788921875 0.73264618125 0.8874267609375 0.7350402640625 0.8924008828125001 0.7343009203124999 0.8928109093750001 0.727263915625 0.887962946875 0.7258380265625 0.883712709375 0.72825850625
0 0.8989034703125001 0.6537720484375 0.8743167203125 0.6525969875000001 0.8395294015625 0.6572310765625 0.84931994375 0.65845893125 0.8678302 0.6651878953125 0.8709149859374999 0.6686645921875 0.9159959515624999 0.6707286515625001 0.9276442921875001 0.6682817765625 0.9207823749999999 0.6591059375 0.8989034703125001 0.6537720484375
0 0.8089839734375 0.6567265375 0.7863811828125 0.649711515625 0.754522490625 0.6463976171875 0.7407971140625 0.6421771609375 0.739726284375 0.6464504140625 0.754049384375 0.6545172406249999 0.7577949734375 0.6607576921875 0.7724019359375001 0.66395274375 0.7860011515625 0.6703384328124999 0.7950362703125 0.6704264609374999 0.81339036875 0.6657307421875001 0.8128872656249999 0.6602604484375 0.8089839734375 0.6567265375
0 0.6905527828125 0.64410029375 0.6734272171875 0.6418162187500001 0.6268969359375001 0.65052110625 0.618773403125 0.6629975906250001 0.636559771875 0.66804541875 0.6443363609375 0.6615233234375 0.688882684375 0.6586583984375001 0.6999648421875 0.65182384375 0.697730103125 0.64786305 0.6905527828125 0.64410029375
0 0.5776003609375 0.6220737749999999 0.5431284468750001 0.6212947828125001 0.5222557453125 0.6269014796875 0.5213110765625 0.6290095 0.5219403421875 0.6323145609374999 0.537334271875 0.6361081343749999 0.539537471875 0.640610234375 0.5374273484375001 0.6486154328125 0.5425276343750001 0.6457108578125 0.5437246265625 0.6392723734375 0.5554675875 0.6352015718749999 0.584146871875 0.6366626937500001 0.5926473484375 0.6318217374999999 0.5928996718749999 0.627491271875 0.5776003609375 0.6220737749999999
0 0.6766128015625 0.5871441015625 0.642393209375 0.5820346453125 0.626652334375 0.584195459375 0.6240391109375001 0.5867303640625 0.6384568328125 0.5931732656250001 0.654826971875 0.5943175109375 0.6636097671875001 0.598736003125 0.6757927484375 0.6012181125 0.6824038875 0.60059319375 0.6900227734375 0.5967776390624999 0.690212015625 0.593529790625 0.6766128015625 0.5871441015625
0 0.777604565625 0.5887681328125 0.7464382203125 0.5876766812499999 0.7453673890625 0.591949934375 0.7562902984375001 0.6019531437500001 0.7855042265625001 0.60834325 0.8092724703125 0.6094611 0.8122641796875 0.6004304984375 0.7938170046875 0.5926189187500001 0.777604565625 0.5887681328125
0 0.915869165625 0.5995196265625 0.8889845984375 0.5954663890624999 0.8692142687500001 0.5962585234375 0.8689619453124999 0.600588990625 0.8774293343749999 0.6104205625 0.902016084375 0.611595621875 0.9190154890625 0.61604493125 0.9281452281250001 0.61450903125 0.9301291859375 0.60866906875 0.92783136875 0.605790890625 0.915869165625 0.5995196265625
0 0.9377542515625 0.548328621875 0.8960419343750001 0.5448694890625 0.8686527171874999 0.5494771796875 0.8733429781250001 0.5536096109375 0.8856836625 0.5533851796875 0.9018330203125 0.5583185828125 0.9064917375 0.5629923203125 0.9256012640625 0.5594364296875 0.9403028484375 0.5610075578125 0.944553084375 0.5585870796875 0.9458447 0.550524671875 0.9377542515625 0.548328621875
0 0.93712961875 0.5026298953125 0.917643153125 0.49855025937499997 0.8856267593749999 0.4979429046875 0.8789525421875 0.49965044062499997 0.884398228125 0.5049226984375 0.8925202156250001 0.5065774375000001 0.9011768484375 0.513161159375 0.9272744515625 0.516615878125 0.9429837859375001 0.5149963718749999 0.9472340234375001 0.512575890625 0.9466678390625001 0.5081882156249999 0.93712961875 0.5026298953125
0 0.9496972671874999 0.44209141562500004 0.9417960624999999 0.436647521875 0.9271575578125001 0.43399377499999997 0.9042078203124999 0.432933140625 0.8891592890625001 0.43731639843750003 0.89353414375 0.4468619109375 0.9253297546875 0.451258421875 0.9468001812500001 0.44949809375000005 0.9510819578125 0.4465363046875 0.9496972671874999 0.44209141562500004
0 0.7996390078125 0.5321524421875 0.76645870625 0.5233110421875 0.7549049875 0.52413399375 0.7464675921875 0.5278923375 0.74863925 0.532935746875 0.760822234375 0.5354178546874999 0.7693211625 0.54470811875 0.782417275 0.545623515625 0.7895315140625 0.5504688921875001 0.8026907078125 0.5503016734374999 0.8144336687499999 0.5462308703125001 0.816354546875 0.541473521875 0.7996390078125 0.5321524421875
0 0.681935178125 0.5099043265625001 0.642615303125 0.50769944375 0.6257405140625 0.515216128125 0.623914259375 0.5183495515625001 0.6302099906249999 0.5231377140625 0.6586054109374999 0.5294706078125 0.6632641312499999 0.534144346875 0.6875054796875 0.527142575 0.6997515437499999 0.5285420671875001 0.706520384375 0.5252106078125001 0.7035933 0.5190273703125 0.681935178125 0.5099043265625001
0 0.6814115828125 0.462471603125 0.65918573125 0.46309210468749995 0.6496775078125 0.47112369843749996 0.6544939296875001 0.47309089843749996 0.6685347078125 0.47189827500000003 0.6937822625 0.4758370875 0.7066891328125 0.48000033281250004 0.7124817625000001 0.4793182015625 0.7162288984375 0.47142742968749995 0.71308103125 0.46903334843750005 0.6814115828125 0.462471603125
0 0.8179130078125001 0.47527390468749997 0.77931701875 0.4747501609375 0.767700215625 0.4766557296875 0.7615921828125 0.4827509390625 0.7728620375 0.4867997609375 0.8022967484375 0.4894007109375 0.8138820093750001 0.48803644999999996 0.8223194015624999 0.4842781078125 0.825090328125 0.4790366640625 0.8179130078125001 0.47527390468749997
0 0.819524659375 0.4194047484375 0.7843288578125 0.41694461875 0.7666355640625 0.42440409062500006 0.7949679046875 0.43181960156250004 0.82361565 0.4338220328125 0.8337531390624999 0.42909549843750006 0.8364609812499999 0.424936671875 0.819524659375 0.4194047484375
0 0.727348771875 0.407526678125 0.6822993484375 0.40492131249999996 0.6748381640625001 0.40603032343749995 0.6713433531249999 0.40959063125000006 0.6726018812500001 0.41620075312499993 0.7298973703125 0.42020561250000005 0.7349661140625 0.4178423484375 0.7343999328125 0.41345467031250005 0.727348771875 0.407526678125
0 0.7203668734375 0.34399118125 0.70088040625 0.33991154375 0.6869342484375001 0.3394802453125 0.668485528125 0.3457998875 0.7032397625 0.3558383296875 0.7350669140625 0.3596935328125 0.7378693796875 0.35391078125000003 0.7339976296875 0.3498355640625 0.7203668734375 0.34399118125
0 0.8021544921875 0.3507950265625 0.7807786890624999 0.35093143125 0.7719943515625001 0.3606441609375 0.77429216875 0.36352233906250003 0.81169116875 0.37048456875 0.8247557375 0.371941275 0.8297929421875001 0.3701193140625 0.8367510250000001 0.363540009375 0.8337923999999999 0.3578980796875 0.8021544921875 0.3507950265625
0 0.9583616203125 0.378019028125 0.9382143515625 0.3711756390625 0.9227888796875 0.3679233734375 0.9112351609375 0.3687463265625 0.8920940953125 0.3728435234375 0.8869307296875 0.37683071562500003 0.902103878125 0.384413446875 0.9169631640624999 0.383278034375 0.9412029703125 0.3904074859375 0.945137803125 0.3934000875 0.949261878125 0.393144840625 0.9651919984375 0.3877361765625 0.964657353125 0.382807190625 0.9583616203125 0.378019028125
0 0.9594401734375 0.303089665625 0.921788853125 0.3004579 0.8989952750000001 0.31082194375 0.9427846265625 0.3209484125 0.957612371875 0.320354309375 0.9728816874999999 0.31218189375 0.9698915234375001 0.307081271875 0.9594401734375 0.303089665625
0 0.8350586515625 0.2938520875 0.8262127781249999 0.2905162109375 0.793535578125 0.2871451046875 0.7785816703124999 0.28990443906249996 0.7782662640625 0.29531752187500004 0.7903230859375 0.2999648625 0.831846159375 0.30667184375 0.8368518234375 0.30539119375 0.8397173703125 0.29852582656250004 0.8350586515625 0.2938520875
0 0.732827196875 0.2852946515625 0.7207703734375001 0.2806473109375 0.700465403125 0.2765104625 0.683937559375 0.2780727578125 0.675500165625 0.2818310984375 0.6766640734375 0.290065146875 0.70842814375 0.2950029640625 0.7305909140625 0.2954650796875 0.7355650375 0.2947257375 0.736698946875 0.28936986875000004 0.732827196875 0.2852946515625
0 0.7263295609375 0.22755273125 0.7085747312499999 0.22196359375000002 0.681784784375 0.21628643281249998 0.6600620359375 0.2223772265625 0.6889290203125 0.234721721875 0.7231486109375 0.23983117968749998 0.7299174500000001 0.23649972031250002 0.7302328546875 0.231086640625 0.7263295609375 0.22755273125
0 0.79467566875 0.22526434375 0.77367680625 0.233036275 0.7708743390625 0.238819028125 0.77713853125 0.24414849843750003 0.8143482875 0.2543585765625 0.8225333578124999 0.2549307 0.8284206078125 0.2526246453125 0.83717340625 0.24345322343750003 0.8277928890625 0.23518836250000003 0.79467566875 0.22526434375
0 0.9500642906250001 0.2524311359375 0.9130737734375 0.2525631234375 0.8987175890625 0.2591688265625 0.9041317328125 0.26498239375 0.9491811578125 0.26758776093750003 0.9533683140625 0.2662498984375 0.9605156390625 0.2564227421875 0.9500642906250001 0.2524311359375
0 0.9700615812500001 0.191324953125 0.9580363015625 0.1861363015625 0.9360943125000001 0.1818850296875 0.897088296875 0.188398290625 0.9031947875 0.1964343 0.909711303125 0.1974333078125 0.9144330999999999 0.201024428125 0.9138338328125 0.2113092828125 0.919594921875 0.21116846093750002 0.92494753125 0.2039334234375 0.9389567703124999 0.20328210625 0.9512028359375 0.20468160000000002 0.9615911031250001 0.20975582343750002 0.9707523828125 0.20767861875000002 0.9754126453125 0.198221134375 0.9700615812500001 0.191324953125
0 0.963614325 0.1327184375 0.9212412046875 0.1264955515625 0.8980706843749999 0.129224071875 0.9036109906249999 0.1328724046875 0.906380371875 0.1417621828125 0.9095597796874999 0.1436149578125 0.938994490625 0.146215909375 0.951901359375 0.150379153125 0.9609680171875 0.149925871875 0.976016546875 0.1455426140625 0.9739710515625 0.13833397187500002 0.963614325 0.1327184375
0 0.820150184375 0.1688891125 0.7783432484375 0.1670539015625 0.7707243609375001 0.17086945625 0.7752569171875 0.177708428125 0.7944910578125 0.18611852499999998 0.8214071703125001 0.18963045625 0.8323631640625001 0.184961134375 0.8344102031249999 0.17803855625 0.820150184375 0.1688891125
0 0.8311108125000001 0.12182612343749999 0.7886115296875 0.11776846875 0.7717998234375 0.1242025359375 0.767454965625 0.1282469390625 0.7689658171875 0.13052659687499998 0.7826911937500001 0.134747053125 0.8250958562499999 0.1404286328125 0.8309200265625 0.13920519375 0.8390120187500001 0.1272700203125 0.8359587749999999 0.1232520140625 0.8311108125000001 0.12182612343749999
0 0.718718396875 0.1607121734375 0.70382756875 0.1623888921875 0.6800908671875 0.1607297359375 0.66904025 0.1670229796875 0.6632476203125 0.167705109375 0.7176144828125001 0.1796579546875 0.728444315625 0.177153865625 0.732757634375 0.173650771875 0.7314675640625 0.16758195781250002 0.718718396875 0.1607121734375
0 0.7214778875000001 0.10492324687500001 0.6798286499999999 0.1003814953125 0.674854528125 0.1011208375 0.6705096687500001 0.10516524218750001 0.69868430625 0.1152872921875 0.7281820984375 0.1168056265625 0.7349509375000001 0.11347416875 0.734290134375 0.11071041562499999 0.7214778875000001 0.10492324687500001
0 0.5067384390624999 1 0.503112478125 0.9977590875000001 0.4925665078125 0.9953914015625 0.45818921562500003 0.9929884859375001 0.44411689374999996 0.9947224171875 0.4295258609375 1 0.5067384390624999 1
0 0.5312284328125 0.910155265625 0.4862420875 0.90646728125 0.45079396406249994 0.908337615625 0.45214711406249997 0.9133238140625 0.45617656875 0.9146924921874999 0.4927886 0.9210562015624999 0.505600846875 0.9268433703125 0.5303137609374999 0.9258531984375 0.5427806093750001 0.9234635359375 0.5375872453125 0.9138608125 0.5312284328125 0.910155265625
0 0.5479217000000001 0.8352303171875001 0.53740726875 0.832321325 0.50293535625 0.831542334375 0.47951251250000004 0.83860131875 0.48020485781250005 0.8408237640625 0.49814893125 0.8431650515625 0.5051054671874999 0.850716965625 0.520668128125 0.8469131546875 0.546943946875 0.8520108687500001 0.555475959375 0.8466286015625 0.5549728578125 0.8411583109375 0.5479217000000001 0.8352303171875001
0 0.5468601359374999 0.754716234375 0.5099327 0.75376560625 0.4757115625 0.762787371875 0.48027566093749996 0.769085034375 0.48839765 0.7707397734375 0.5319362234375 0.7710654859375 0.5481486609374999 0.7749162703125 0.5523988984375 0.7724957921875 0.5576253453125 0.767425984375 0.5580669109375 0.759847671875 0.5468601359374999 0.754716234375
0 0.5584515734375 0.6968270828125 0.5504872859375001 0.6924658046875 0.5335194234375 0.6874751906250001 0.52124181875 0.68661700625 0.5113566546875 0.6870130734375001 0.49624504218750004 0.69247895 0.49769281249999997 0.6958412234375 0.513244446875 0.6969282578125 0.5245458421875 0.7004357703124999 0.5339579 0.708159321875 0.5444723296875 0.7110683156250001 0.5475255734375 0.7150863203125 0.562290240625 0.715574834375 0.5672959046875 0.71429418125 0.5661635375 0.705518828125 0.5584515734375 0.6968270828125
0 0.5734509250000001 0.5663454375 0.5349495546874999 0.5641977703125 0.5148007406249999 0.5714856046875 0.54502241875 0.5746850734375 0.5708361562500001 0.5830115640625 0.5807528609375 0.5820741859375 0.5868293546875 0.5765202859375 0.58623163125 0.5726739171874999 0.5734509250000001 0.5663454375
0 0.5667198046874999 0.5126107 0.556236915625 0.5091603984375 0.5202541468749999 0.5061017484375 0.5026870156250001 0.5113959875 0.5046378890625001 0.5202285546875001 0.5177970828125 0.5200613359374999 0.5266114171875 0.52393851875 0.570842334375 0.5264866765625 0.5767611265625 0.5236393125000001 0.5769503703125001 0.5203914625 0.5667198046874999 0.5126107
0 0.563988140625 0.446654721875 0.5252344484375 0.4488375171875 0.51430999375 0.45296552968750003 0.514876178125 0.45735320625 0.5205111046875001 0.4593776171875 0.5499142765625 0.4625198765625 0.5595786578124999 0.46591296406250005 0.56530820625 0.4663134484375 0.5703769515625 0.4639501828125 0.57676885 0.4529832 0.5744710296875 0.45010502187499996 0.563988140625 0.446654721875
0 0.5673614234375 0.402865978125 0.52725458125 0.400062578125 0.5204857421875 0.40339403437500004 0.5216811890625 0.411086771875 0.5266553125 0.41034743125000006 0.5509581984375 0.41639426406249996 0.562480378125 0.41611262031249996 0.5718308999999999 0.410787565625 0.5712962562499999 0.40585858124999996 0.5673614234375 0.402865978125
0 0.5777243296875 0.351956621875 0.56815456875 0.3469396109375 0.523892109375 0.3449327609375 0.5114252625 0.34732242812499997 0.5046248828125 0.3511951921875 0.5247406125 0.3585798890625 0.57057700625 0.361783778125 0.576432715625 0.3600190296875 0.57835359375 0.35526168281250003 0.5777243296875 0.351956621875
0 0.58406086875 0.2714161421875 0.534321184375 0.26467834218749997 0.5199649984375 0.2712840484375 0.521223528125 0.27789416875 0.5666183546875 0.288676371875 0.577290484375 0.28887882187499997 0.5900727390625 0.281076078125 0.589506553125 0.2766884 0.58406086875 0.2714161421875
0 0.58003759375 0.213522575 0.571915603125 0.2118678359375 0.5457233796875001 0.21003704218750002 0.5299825046875 0.21219785624999998 0.51738949375 0.21675275312500003 0.53492354375 0.2261310453125 0.5800675890625 0.2271124875 0.5826177296874999 0.2256602015625 0.582303871875 0.216942059375 0.58003759375 0.213522575
0 0.5916921109375 0.1545508078125 0.5861518046875 0.15090247343750002 0.5691208609375 0.1469944734375 0.536222878125 0.1474125234375 0.5216459109375 0.1578073828125 0.535276665625 0.163651765625 0.5680800265625 0.164857640625 0.5903374171875 0.163695834375 0.59386376875 0.1595942171875 0.5916921109375 0.1545508078125
0 0.5732826546875 0.0896730296875 0.5496090328125 0.08693125625 0.5386530375 0.091600578125 0.5375506671875 0.0964151375 0.5406039109375 0.10043314375000001 0.576995159375 0.1105860109375 0.5893043046875001 0.1109028859375 0.599757196875 0.100763271875 0.59513001875 0.095548225 0.5732826546875 0.0896730296875
0 0.328260971875 0.9802126453125 0.31126156875 0.9757633374999999 0.2776397 0.97450025 0.26894998281250004 0.9825890578124999 0.25985178593749997 0.9835836468749999 0.27367178281250004 0.9861801781249999 0.2828015203125 0.9846442828124999 0.313210896875 0.9987271281250001 0.3247961578125 0.997362865625 0.33128113125 0.99890318125 0.3438741421875 0.9943482843749999 0.3434341203125 0.9877953749999999 0.328260971875 0.9802126453125
0 0.3472851421875 0.89349334375 0.3079021859375 0.8923710781249999 0.29386140625 0.8935637 0.28706102499999997 0.8974364671874999 0.2876587484375 0.9012828359375 0.3224445234375 0.9107799703125 0.3332112765625 0.9093584968749999 0.34523655937500003 0.9145471453124999 0.3632437125 0.9158058171875 0.36456686718750003 0.9072021015624999 0.3705487390625 0.903272121875 0.3472851421875 0.89349334375
0 0.3424779875 0.8067388109375001 0.3379438859375 0.8140310625 0.326295546875 0.8164779375 0.321037559375 0.8220890546874999 0.3386662296875 0.8298434218749999 0.3641976484375 0.8289104609375 0.37024105625 0.8380290890625 0.3748697796875 0.8291129140625 0.3999927171875 0.8210857375 0.384851109375 0.812961696875 0.3537163046875 0.811328940625 0.3424779875 0.8067388109375001
0 0.39487015937500003 0.7397442843750001 0.3531578421875 0.7362851499999999 0.329231896875 0.7378738421875 0.325044740625 0.739211703125 0.3204791 0.7470452640625 0.31553651562499996 0.7472432984374999 0.320384478125 0.7486691890625 0.324161609375 0.75436833125 0.335999190625 0.7486736078125 0.360428240625 0.7525552078125 0.36282068125 0.753809459375 0.36159214687499996 0.760789253125 0.381457096875 0.7583731921875 0.3964740875 0.7545312390625 0.4011343515625 0.7450737562499999 0.39487015937500003 0.7397442843750001
0 0.39163539375 0.6683180140625 0.35757350625 0.6605020171875 0.3353476546875 0.6611225187499999 0.3321982453125 0.6728596609374999 0.371139634375 0.6815602390625 0.3750113859375 0.6856354546875 0.38741515312499997 0.6843284078125 0.40013432499999996 0.6776082796875 0.39720724218750003 0.671425040625 0.39163539375 0.6683180140625
0 0.3966156953125 0.6110537828125 0.346907553125 0.6037746765625001 0.3426888546875 0.605653846875 0.3443874046875 0.618816878125 0.371114271875 0.62557665625 0.394000928125 0.6277199062500001 0.39903813125 0.6258979499999999 0.407917090625 0.61456129375 0.3966156953125 0.6110537828125
0 0.42007136875000006 0.5551914640625 0.3792091015625 0.551248234375 0.356794009375 0.5551165828125 0.3516621828125 0.558562465625 0.358650259375 0.5655730734375 0.4029442578125 0.5670386125 0.41953518125 0.5643937015625 0.42391158124999995 0.559807990625 0.42007136875000006 0.5551914640625
0 0.41457212343750005 0.5003452890625 0.391780090625 0.49657811250000006 0.3654301640625 0.49745385937500003 0.3594482921875 0.5013838374999999 0.3616199484375 0.5064272484375001 0.3860489984375 0.5103088484375 0.39722423125 0.5159815937500001 0.4103203421875 0.516896990625 0.41809693125 0.5103748953125 0.4184438765625 0.50442050625 0.41457212343750005 0.5003452890625
0 0.4244019296875 0.43037572187500006 0.40340461406249994 0.42401643125 0.3853974578125 0.42275776093750006 0.35051551718749996 0.42901577343749997 0.361943075 0.430358053125 0.381082596875 0.44039207812500003 0.40239531875 0.4413382890625 0.4231733984375 0.437355515625 0.4274551765625 0.434393728125 0.4244019296875 0.43037572187500006
0 0.3888669078125 0.36321387031249996 0.35442653125 0.3618935703125 0.34520217343750004 0.3650533921875 0.35933603125 0.3763680671875 0.38313581406249997 0.3769446078125 0.40180377343749996 0.38096703125000003 0.4052039625 0.3790306484375 0.4095803625 0.3744449359375 0.4081956703125 0.3700000484375 0.3888669078125 0.36321387031249996
0 0.364664821875 0.299018225 0.366710315625 0.306226865625 0.3722821625 0.309333890625 0.39737201718750004 0.315979246875 0.42686980781250006 0.31749758125 0.4282875828125 0.3072699390625 0.421141803125 0.302965871875 0.364664821875 0.299018225
0 0.4096130984375 0.24694064999999998 0.37451191875 0.24285659843750002 0.3651929375 0.24764034218750003 0.374510375 0.2569878203125 0.403787384375 0.2622953109375 0.4250685640625 0.2637828296875 0.4271786875 0.2557776328125 0.4233069359375 0.251702415625 0.4096130984375 0.24694064999999998
0 0.43462721249999997 0.1984670140625 0.39074323906249997 0.18996446875 0.37733172187499997 0.1944621546875 0.37852716875 0.2021548921875 0.4034908625 0.21096547656250003 0.4279829890625 0.2137644609375 0.43890744687499994 0.2096364484375 0.43849896250000003 0.2025422328125 0.43462721249999997 0.1984670140625
0 0.41974410625 0.1294876203125 0.3780317890625 0.1260284859375 0.37526086406250003 0.1312699296875 0.3813358140625 0.13984725 0.4031200984375 0.1468050609375 0.40702339062500004 0.150338971875 0.4266675578125 0.151712065625 0.43183092343749996 0.1477248765625 0.43069855781250005 0.13894952031250002 0.41974410625 0.1294876203125
0 0.43829208125 0.07915038437500001 0.41087286875 0.07016816249999999 0.39377884375 0.06734278125 0.386254578125 0.069534409375 0.38499450468749996 0.0770555125 0.3992545234375 0.0862049546875 0.4267368171875 0.0941045609375 0.43495342656249997 0.0941353765625 0.4409037609375 0.090746703125 0.44147148906250006 0.081003159375 0.43829208125 0.07915038437500001
0 0.212505678125 0.10358822812499999 0.203312859375 0.1062067421875 0.20063655625000001 0.10982426249999999 0.2246240375 0.121284175 0.254090290625 0.12334381875 0.2579005046875 0.11437043124999999 0.245182878125 0.1069593375 0.212505678125 0.10358822812499999
0 0.2261426109375 0.052907720312499996 0.213612684375 0.056380001562500004 0.2220485328125 0.06675288124999999 0.2637293078125 0.070753325 0.26690871562499996 0.072606096875 0.272859046875 0.06921742812500001 0.27500070781249997 0.06067092187499999 0.262220003125 0.0543424453125 0.2261426109375 0.052907720312499996
0 0.2112744640625 0.9992111156249999 0.206710365625 0.992913453125 0.1978644921875 0.989577578125 0.170035253125 0.9876323593749999 0.15256274375 0.991302675 0.147567334375 0.99475809375 0.2112744640625 0.9992111156249999
0 0 0.8945736999999999 0.008767103125 0.8921155109375001 0.0450637296875 0.9038923015625 0.051801028125 0.901102153125 0.0582229234375 0.9037250828125 0.0766716421875 0.8974054406249999 0.074815390625 0.8869489484375 0.0619716015625 0.8817030875 0.0120426765625 0.8782131375000001 0 0.8798406062499999 0 0.8945736999999999
0 0.20750814375 0.894593415625 0.1986622703125 0.891257540625 0.144420025 0.8912706859374999 0.1382173703125 0.8989898203125 0.151848125 0.9048342015624999 0.154114403125 0.9082536875 0.1624571765625 0.906119271875 0.177756484375 0.9115367671874999 0.19906920625 0.9124829812499999 0.2049564578125 0.9101769265625 0.21374079687499997 0.9004641953125001 0.20750814375 0.894593415625
0 0 0.820117459375 0.003800703125 0.8221987421874999 0.030119087500000002 0.8218643015625 0.0370125453125 0.830498834375 0.0478108390625 0.8285360531249999 0.06238626093750001 0.8322724156250001 0.062953990625 0.8225288703125001 0.0681488953125 0.8180003703125 0.070227475 0.8105364828124999 0.0672057703125 0.8059771687499999 0.05920994375000001 0.8021571968749999 0.0501748265625 0.8020691687499999 0.042965965625000005 0.7988477203125 0.0329546375 0.8014090203125 0.0134050921875 0.798412 0 0.8022691562500001 0 0.820117459375
0 0.202700990625 0.80783888125 0.200529334375 0.8027954718749999 0.19498902812500002 0.7991471375 0.18277450312500002 0.7972063375 0.1780842453125 0.7930739078125 0.1637911421875 0.7985969953125001 0.14817642656250002 0.798592578125 0.1413760484375 0.80246534375 0.11389221093749999 0.8086969609375 0.117858584375 0.8111482546875 0.16020016406249998 0.81791245 0.1751856140625 0.8146118078125 0.1891002328125 0.8155844171875 0.202700990625 0.80783888125
0 0.196759925 0.72644021875 0.172928603125 0.7264049875 0.16162720625 0.722897475 0.15558225312500001 0.72791006875 0.1356857609375 0.7308674390625 0.12293505 0.738128875 0.1475533421875 0.7387626265625 0.15542300625 0.74474783125 0.164426584375 0.7453771671875 0.1949952046875 0.7426222484375 0.20233022812499998 0.7436784671875001 0.212593878125 0.7367867015625 0.21369625 0.731972140625 0.196759925 0.72644021875
0 0 0.725944115625 0.0067701375 0.7289221140625 0.022258690625 0.7310917625 0.0372741359375 0.741381034375 0.0497725234375 0.7384500609375 0.0650102953125 0.7308189546875 0.0669311734375 0.7260616078125001 0.0647279765625 0.7215595046875001 0.0495548296875 0.713976775 0.0169407109375 0.70952305 0 0.723373615625 0 0.725944115625
0 0.047610134375 0.6486193171875 0.021165585937500002 0.6511189890625 0.012759732812499999 0.6543360234375 0.021510987500000002 0.6592958234374999 0.07622479374999999 0.665294278125 0.08337211875 0.6554671234375 0.0770763859375 0.6506789609375 0.047610134375 0.6486193171875
0 0.2372845171875 0.651550503125 0.22749397500000001 0.6503226468750001 0.182097603125 0.65367166875 0.16934689218750001 0.6609331046875 0.17151855 0.6659765140625 0.16389966250000002 0.66979206875 0.1768696125 0.6728726984375 0.1819383578125 0.6705094296875 0.1901549671875 0.670540246875 0.20605200156249998 0.6798041125000001 0.2071859125 0.6744482453125 0.2156548453125 0.67014859375 0.240997021875 0.6724634828125 0.24354716562499998 0.6710111953125 0.24276174374999998 0.656281453125 0.2372845171875 0.651550503125
0 0.2307441828125 0.5804366921875 0.1698592625 0.5816160640625 0.1672775796875 0.5836096578125 0.1719047578125 0.5888247046874999 0.1823876453125 0.5922750046874999 0.1852831875 0.5989995515625 0.1809383296875 0.60304395625 0.1841492765625 0.6043554203125 0.19076041562499998 0.603730503125 0.20174794999999998 0.598519875 0.2386438453125 0.6000118109375 0.2512999359375 0.594374296875 0.2523392265625 0.590642353125 0.2307441828125 0.5804366921875
0 0.097357540625 0.584701003125 0.08117664375 0.5803089078125 0.05016799843750001 0.5765109171875 0.0296107015625 0.5767045359375 0.010595796875 0.5786365015625 0.0021899453125 0.581853534375 0.02425809375 0.5839395734374999 0.0412574984375 0.58838888125 0.049284865625 0.5916675437500001 0.0523381109375 0.59568555 0.0883839578125 0.59766158125 0.0959082234375 0.5954699515625 0.10122929218750001 0.588776221875 0.097357540625 0.584701003125
0 0.1073135078125 0.5125662046875 0.054613656249999996 0.5143177 0.04759249375 0.521979621875 0.0481902171875 0.5258259921875 0.052188129687499994 0.5277359781250001 0.0933027234375 0.52734874375 0.110428290625 0.5296328171875 0.122328953125 0.5228554765625 0.1162540046875 0.5142781578125 0.1073135078125 0.5125662046875
0 0.260183528125 0.5406439749999999 0.2538562546875 0.53639711875 0.198323940625 0.5303414531249999 0.1766642734375 0.5353496296875 0.1756249859375 0.5390815734375 0.18623403593750001 0.5403666406250001 0.19583533749999998 0.5448423453125 0.24727511406249997 0.5506119515625 0.2564048546875 0.5490760546875 0.2607497125 0.5450316515625 0.260183528125 0.5406439749999999
0 0.2179931265625 0.47486637187499997 0.20061523593750002 0.47691276406250005 0.193027890625 0.480187009375 0.20382463906249998 0.4923554515625 0.2113173625 0.4907051296875 0.2301745640625 0.4914797046875 0.24229446718749997 0.49504442812500005 0.250668778125 0.49236870312500003 0.2585084484375 0.48476399218750005 0.2368187859375 0.4761822546875 0.2179931265625 0.47486637187499997
0 0.106690421875 0.45273625468749995 0.08635390937500001 0.449140715625 0.057580001562500004 0.44930351718750006 0.053392845312500006 0.45064138125 0.050558839062500006 0.456965440625 0.039823628124999996 0.4578456046875 0.0413029390625 0.46066657031249997 0.050432678125 0.459130671875 0.0617025328125 0.46317949374999995 0.089531771875 0.4651247109375 0.10933364062499999 0.4637912671875 0.11049909375 0.4578940875 0.106690421875 0.45273625468749995
0 0.11566863593750001 0.3973820078125 0.0888786875 0.3917048453125 0.062654925 0.39041536250000003 0.0601047828125 0.3918676484375 0.062339520312499994 0.3958284421875 0.085571575 0.406148528125 0.10096550468750001 0.40994210156250005 0.1165486796875 0.41048782812500006 0.122404390625 0.40872308124999995 0.12350676093749999 0.4039085203125 0.11566863593750001 0.3973820078125
0 0.2556317875 0.42129653125 0.25172849531249997 0.417762621875 0.20431817031250002 0.41336169375000004 0.19607001875000002 0.4138721875 0.184137815625 0.42119083437500004 0.19200748125 0.4271760390625 0.1875680015625 0.4328443671875 0.18174383125 0.43406780468750006 0.1898973609375 0.43518123593749997 0.20249036875 0.43062633906250003 0.24681590937500003 0.4315505703125 0.2518215734375 0.4302699203125 0.2553794640625 0.425626996875 0.2556317875 0.42129653125
0 0.258000409375 0.35243598125000003 0.214840321875 0.345614571875 0.199981034375 0.34674998437500004 0.1915751828125 0.3499670171875 0.191322859375 0.3542974828125 0.2033165984375 0.3600274390625 0.25730651875 0.3643447578125 0.2632883921875 0.3604147796875 0.263540715625 0.3560843171875 0.258000409375 0.35243598125000003
0 0.11608484062499999 0.3338201125 0.0867447515625 0.3295952375 0.06048944375 0.3288470625 0.0657458890625 0.33736716875 0.07862121718750001 0.342071721875 0.1171225859375 0.3442193921875 0.1231359984375 0.3397481046875 0.12247519375 0.3369843515625 0.11608484062499999 0.3338201125
0 0.1321788390625 0.26918001875 0.0944959765625 0.2670895609375 0.0753864515625 0.2706454515625 0.0791320421875 0.2768859015625 0.077368865625 0.27893670937500004 0.0813667796875 0.28084669687499997 0.12468456875 0.28496156250000004 0.14527340625000001 0.2842266375 0.1512237375 0.2808379671875 0.151507603125 0.2759661953125 0.1321788390625 0.26918001875
0 0.25813275 0.2937458578125 0.25092388906249996 0.2905244078125 0.2077638 0.2837029984375 0.18519100625 0.2902778890625 0.19551619375 0.2964347296875 0.22321926875 0.30054517812500003 0.239368625 0.30547858125 0.2541332921875 0.3059670953125 0.260807509375 0.3042595609375 0.26354689531250003 0.299559425 0.25813275 0.2937458578125
0 0.1404647078125 0.211603328125 0.1299187375 0.20923564374999998 0.09875239218750001 0.20814419218750002 0.08458544999999999 0.21150205 0.085686275 0.2208187109375 0.141092428125 0.229039609375 0.148711315625 0.2252240578125 0.14902671875 0.219810975 0.1404647078125 0.211603328125
0 0.27600758281250004 0.22107755 0.2736151421875 0.2198233 0.2494368734375 0.22574245624999997 0.23703310625000001 0.227049503125 0.2141149109375 0.225447559375 0.2090146265625 0.228352134375 0.2103993171875 0.232797021875 0.2144287703125 0.2341657 0.2707795921875 0.2402785796875 0.273455896875 0.2366610609375 0.2707811359375 0.226147359375 0.27600758281250004 0.22107755
0 0.23337065625000003 0.16863764375 0.2153319625 0.1679202796875 0.197733290625 0.17375582812499998 0.19423847968750002 0.1773161359375 0.19735480625 0.180251525 0.22178385312499999 0.184133125 0.260348303125 0.18519817968750002 0.265669371875 0.1785044484375 0.2601921453125 0.1737734984375 0.23337065625000003 0.16863764375
0 0.10697518125000001 0.15165011718750002 0.08254613281249999 0.1477685171875 0.060162579687499995 0.1510955578125 0.0630896625 0.1572787953125 0.071840915625 0.1622385953125 0.088147975 0.1644654578125 0.1002363390625 0.16857149062500001 0.1198805046875 0.16994458437499999 0.12409920156250001 0.1680654140625 0.12129828125 0.15971694218750002 0.10697518125000001 0.15165011718750002
0 0.1182827546875 0.098632740625 0.1126793671875 0.096067021875 0.0708724296875 0.0942318125 0.0615219078125 0.0995568640625 0.0708078046875 0.10944564999999999 0.11327554531249999 0.1140446125 0.1191627984375 0.1117385578125 0.122059884375 0.10433188125 0.1182827546875 0.098632740625
0 0.14152253125 0.0382967140625 0.125341634375 0.03390461875 0.08762723125 0.03235546875 0.0776789859375 0.0338341546875 0.073334128125 0.037878557812500005 0.08605175468750001 0.0452896515625 0.13267511406250002 0.0490920609375 0.14098634375000002 0.0474989515625 0.1461812515625 0.0429704515625 0.14152253125 0.0382967140625