0 0.8488527703125 0.027428923437500002 0.8320394609375 0.029111500000000002 0.810482759375 0.037459078125 0.8013102796875 0.0357492828125 0.7991326390625 0.031823490625 0.790402984375 0.033252967187499996 0.7921560421875 0.0399247734375 0.7836478 0.0429238875 0.78423823125 0.0471095859375 0.809301046875 0.052105618750000006 0.8402516375 0.047037471875 0.8546658953125 0.0398594671875 0.8580434875 0.03502400625 0.8565856453125 0.03044505 0.8488527703125 0.027428923437500002
0 0.8582067875 0.11100952187499999 0.8351740078125 0.10889285625 0.8352660484375001 0.1153013546875 0.8245984046875 0.12025996406249999 0.8207962265625 0.1278414359375 0.8277354984375 0.130987515625 0.8465788421875 0.13218430625 0.875425596875 0.1237135796875 0.8839155999999999 0.11482917968749999 0.8816641546874999 0.110380175 0.8730638703125001 0.1069707875 0.8634668078125 0.10800700625 0.8582067875 0.11100952187499999
0 0.6460815249999999 0 0.6494937921874999 0.007079409375 0.672305159375 0.0076264390625 0.7029605343750001 0.00046544375 0.703325596875 0 0.6460815249999999 0
0 0.731786503125 0.0551632359375 0.7184428296875 0.05841885 0.7102115640625 0.057625526562499994 0.7065943203125 0.055006062499999994 0.7010390875 0.05591573125 0.70574515 0.0604980890625 0.7024413625 0.0658567625 0.6883778859375 0.0697655421875 0.67778404375 0.0752473640625 0.6673933765625 0.07641353437500001 0.6629269640625 0.079286096875 0.664015784375 0.08124899375 0.68806358125 0.0848053421875 0.7141787390625 0.0799937 0.7324872171875 0.07164271718750001 0.738245625 0.0664174015625 0.7410327859375 0.05739624375 0.731786503125 0.0551632359375
0 0.7063054140625 0.1403833140625 0.6845273 0.14716125625 0.6765356875 0.15382285625 0.6775507015625 0.1552625390625 0.698128865625 0.15724585 0.715440565625 0.153340471875 0.7315340765625 0.152311059375 0.747037153125 0.1470959484375 0.751134546875 0.141607325 0.7468530671875 0.134278953125 0.7197046546875 0.1317656234375 0.709166378125 0.1318853671875 0.7063054140625 0.1403833140625
0 0.5787580578125 0 0.536747178125 0.0078767984375 0.5389986234374999 0.012325803125 0.5339044515625 0.0222600296875 0.5450331609375 0.0263259828125 0.5806715765625 0.0199549078125 0.5940708171875 0.01133721875 0.5944771624999999 0.0027059187500000003 0.5918011328125 0.0010029281249999999 0.585474403125 0 0.5787580578125 0
0 0.583806125 0.099736265625 0.624704559375 0.0903626765625 0.6336373859375 0.08461755 0.632899346875 0.079385428125 0.6252220359375 0.071007228125 0.5946960296875 0.0733293609375 0.56477869375 0.08572247656250001 0.555993475 0.09251402812500001 0.5750582328125 0.09528045625 0.583806125 0.099736265625
0 0.6101957140625001 0.16018598906249998 0.578045171875 0.1740153890625 0.57726980625 0.1800306265625 0.590336503125 0.18056745000000002 0.59598378125 0.18606628125 0.6106932546875 0.1809811234375 0.6234647375 0.1794250953125 0.6384511875000001 0.17054750000000002 0.64182878125 0.165712040625 0.6410907406249999 0.16047991875 0.6335792765625 0.1590334296875 0.6210292046875 0.16215909374999998 0.6101957140625001 0.16018598906249998
0 0.8720089796874999 0.1858322703125 0.8568566828125 0.18777815625 0.8440296359374999 0.19469625625 0.8272163265625 0.196378834375 0.8136694765625 0.20395010156249999 0.82991059375 0.2039671109375 0.8378648828124999 0.208552875 0.878707753125 0.20454136093750003 0.8926236203125001 0.19958615468750002 0.9007628437499999 0.1939709796875 0.9005787578125 0.1811539828125 0.88276866875 0.18728216250000002 0.8720089796874999 0.1858322703125
0 0.7747090328125 0.2097945578125 0.7628605234375 0.206381771875 0.753337265625 0.2079412015625 0.7452718468749999 0.21407958906250002 0.7333677734374999 0.21602887499999998 0.7282371249999999 0.21419252812499998 0.7097628 0.21561179843749997 0.70356156875 0.21769784374999998 0.701051384375 0.22292656093750002 0.6833889046875 0.230101165625 0.70121723125 0.2298582734375 0.7136561734375 0.23745675937500002 0.750955603125 0.23134899375 0.7639302578125 0.225477315625 0.7745796640625 0.21463342187499998 0.7747090328125 0.2097945578125
0 0.6518478812499999 0.23098361406249998 0.6430444234375 0.23188987968750002 0.627910365625 0.23972105156249998 0.611669246875 0.2397040375 0.60598464375 0.24545256875 0.593065553125 0.24596217187499997 0.585498525 0.24987775625 0.59192116875 0.24936134999999998 0.5973470328125 0.25329054375000004 0.6213210265625 0.25632368125 0.65205020625 0.24968590000000002 0.65976484375 0.24681673750000002 0.6638622359374999 0.24132811250000002 0.6577721359375001 0.232690009375 0.6518478812499999 0.23098361406249998
0 0.6599322328125 0.30556328125 0.6656168359375 0.2998147515625 0.6523104875 0.29182300625 0.6481210515625 0.2909031296875 0.64610925625 0.29390905 0.6373796015625001 0.29533852656250004 0.6354971765624999 0.2935055828125 0.6189235156249999 0.3026430828125 0.6094002578125 0.30420251249999997 0.5945249390625 0.302355959375 0.589910915625 0.3041821 0.5872531234375 0.30836439531250004 0.6003198234375 0.3089012140625 0.60445369375 0.3151831640625 0.5993412828125 0.3192321046875 0.6477511812500001 0.3113050046875 0.6599322328125 0.30556328125
0 0.7444574578125 0.27737805937500004 0.7272378015625 0.2876919359375 0.7268870203125 0.29096116250000004 0.7296368546875 0.29318736562500003 0.744512175 0.29503391875 0.7722145421875 0.2899623703125 0.7894341984375 0.27964849375 0.7912983859375 0.27559615000000004 0.7881795312500001 0.2707538859375 0.7703512031249999 0.270996778125 0.75881615 0.275562125 0.7444574578125 0.27737805937500004
0 0.8892443296874999 0.250457484375 0.882600275 0.24940425624999998 0.8582937390625001 0.25552562968750003 0.8515941203124999 0.25983447656249997 0.8395424374999999 0.26073733906249996 0.8390440484375 0.262960140625 0.8557462296875 0.2720017125 0.8702525281250001 0.2712322046875 0.8875642296875 0.2673268265625 0.906887725 0.26041552968750004 0.9149531421875 0.25427714218749997 0.9174633249999999 0.24904842343750003 0.9089368453125 0.24616224843749998 0.8892443296874999 0.250457484375
0 0.8696438593750001 0.2611612203125 0.8694406859375 0.2654768703125 0.87377773125 0.26744316874999996 0.8783917515624999 0.2656170296875 0.8774323 0.2588152703125 0.8725230625 0.2585485625 0.8696438593750001 0.2611612203125
0 0.8662953484375 0.339862984375 0.8901772984375 0.3364876234375 0.9110880015625 0.32931642031249997 0.91704958125 0.3197754546875 0.9054962906249999 0.3184555140625 0.8617004125 0.324556475 0.8589688171875001 0.3282155578125 0.84145394375 0.3364365875 0.8320044890625 0.338519228125 0.8662953484375 0.339862984375
0 0.7660116140625 0.3380842828125 0.7520219406249999 0.3425162796875 0.7488657609375 0.34892137343749996 0.735540325 0.3580622765625 0.7369243609375 0.36211802187500003 0.7499728203125 0.35676955781249997 0.780775803125 0.3506549859375 0.8022587 0.341784196875 0.8057839015624999 0.3379951609375 0.805839465625 0.3326330859375 0.7875683140625 0.32973670624999996 0.77876485625 0.3306429703125 0.7660116140625 0.3380842828125
0 0.6712583265625 0.3685884265625 0.687776421875 0.364813 0.69447604375 0.36050415468749997 0.6963402296875 0.3564518125 0.6849901093749999 0.35081622343749996 0.6413236015625 0.3520783203125 0.63322170625 0.346446134375 0.6162790265625 0.3529675734375 0.625192765625 0.3643550953125 0.6712583265625 0.3685884265625
0 0.5846077843749999 0.38170681875 0.556757809375 0.38573194375000003 0.54498310625 0.3828423671875 0.5433038531250001 0.3766937734375 0.5380994 0.3743342140625 0.54079366875 0.38192249375 0.5390032859375 0.386498046875 0.5242938125000001 0.39158320625 0.52394303125 0.3948524328125 0.5250318515625 0.39681532812500003 0.545831428125 0.40036827500000005 0.5793842453125 0.396479909375 0.5938723046875001 0.38982511406250003 0.5932818734375 0.3856394171875 0.5846077843749999 0.38170681875
0 0.6568979374999999 0.41644022812500003 0.641025840625 0.41903927812499997 0.627478990625 0.42661054375 0.630228825 0.42883674687499995 0.6457501437500001 0.429506925 0.6787125281249999 0.421432859375 0.691465771875 0.4139915453125 0.6910229484375 0.41085227187499995 0.683290071875 0.40783614687499997 0.676793625 0.4078293421875 0.6651109640625 0.41134826562500004 0.6568979374999999 0.41644022812500003
0 0.7925670484375 0.40546571875000004 0.8099343140625 0.396198265625 0.8062988328125 0.3876935140625 0.7832104859375 0.390938925 0.7552311406250001 0.3998029109375 0.745375340625 0.410516853125 0.7467593765625 0.4145725984375 0.7770639703125 0.4106808296875 0.7925670484375 0.40546571875000004
0 0.86520968125 0.3908940328125 0.8658001125 0.3950797296875 0.8851418453125 0.39405371875 0.911035590625 0.38767243906250004 0.9222016265624999 0.38049102968750004 0.92421341875 0.3774851125 0.921814365625 0.371989684375 0.9127894953125001 0.371326309375 0.8965666171875 0.3771945875 0.872684665625 0.38056994843749997 0.86520968125 0.3908940328125
0 0.9006249890625 0.42898919375 0.8852695171875 0.43525072812500004 0.8732178375 0.4361535890625 0.8689728359375 0.4405957890625 0.8960474453125 0.44258590625 0.9364474906250001 0.4354351171875 0.9441621265625001 0.43256595625000005 0.9422614609375 0.42484772656249997 0.93792441875 0.4228814265625 0.9237133328124999 0.4257437828125 0.9047961859375 0.42402378125 0.9006249890625 0.42898919375
0 0.8956584875000001 0.4801204265625 0.8878700484375001 0.482466375 0.8829790484375 0.488084953125 0.889623103125 0.4891381828125 0.9207951062499999 0.48563967343750003 0.9394726046875 0.479904753125 0.9483316265624999 0.4736364125 0.9485348 0.4693207640625 0.94419775625 0.4673544640625 0.9287502421875 0.4672075015625 0.9035762984375 0.47293561562499997 0.8956584875000001 0.4801204265625
0 0.94927029375 0.543606690625 0.9565421078125 0.5375982546875 0.957538884375 0.5331526546875 0.9531280375 0.53066314375 0.9320514859375001 0.5309026343750001 0.9013961109374999 0.538063628125 0.8978891484375 0.5477379515624999 0.912912078125 0.5506309265625 0.93520681875 0.5475154703125 0.94927029375 0.543606690625
0 0.785188109375 0.45217431093749993 0.7724904296874999 0.45425354999999995 0.764941640625 0.4640544234375 0.753258978125 0.4675733484375 0.7515424 0.4726721140625 0.7600688796874999 0.4755582875 0.7714007609375 0.47530859062499997 0.8030529124999999 0.46370199218749997 0.8186115562499999 0.45312480624999996 0.8163601125 0.448675803125 0.8045854078125 0.4457862265625 0.791740121875 0.44681904218749996 0.785188109375 0.45217431093749993
0 0.665739409375 0.47911930468749997 0.63855366875 0.4878533390625 0.6327952625 0.49307865624999997 0.63482529375 0.495958025 0.6518782562500001 0.5017303703125 0.6900450953124999 0.496015865625 0.7104391703124999 0.485182178125 0.7128017484375 0.47890703281249997 0.7059362796875 0.4762841671875 0.6941060109375 0.4787566671875 0.66991060625 0.4741538921875 0.665739409375 0.47911930468749997
0 0.6662137796875001 0.534286121875 0.6616735640625 0.536635475 0.67158408125 0.5435773921875 0.6933066296875 0.542161525 0.7236667875 0.53290768125 0.7265459921875 0.530295021875 0.7222645125 0.5229666500000001 0.7165616703125 0.5228298921875 0.7043068156250001 0.5280484046875 0.6800002796875 0.5341697812499999 0.6662137796875001 0.534286121875
0 0.7878011765624999 0.5213351078125 0.825395821875 0.5173201921875 0.8320954437499999 0.513011346875 0.8289765875 0.5081690812499999 0.8204501078125 0.505282909375 0.8090444234374999 0.5050093953125 0.7805484515625001 0.5102108953125 0.76988080625 0.515169503125 0.7763216890625 0.5205383828125 0.7878011765624999 0.5213351078125
0 0.8342531484375 0.5570877234375 0.806476978125 0.5616360593749999 0.7794388453125001 0.5714165171875 0.7972854125 0.577058909375 0.8314104234374999 0.5714709546875001 0.84748569375 0.5645562546875 0.844514446875 0.5607604140625 0.8342531484375 0.5570877234375
0 0.7488755140625 0.584986009375 0.7490786859375 0.5806703609375 0.7439480374999999 0.5788340140625 0.68839569375 0.5879306859375 0.6876941328124999 0.5944691375 0.6913851796875 0.5976118125000001 0.698749034375 0.598011878125 0.7424711078125 0.5913877046875 0.7488755140625 0.584986009375
0 0.753542553125 0.646851603125 0.7569939515625 0.6425393546875 0.753801290625 0.6371738765625 0.7230721124999999 0.6438116593750001 0.6899803578125 0.6567245859375 0.7084729234375 0.6611906015625 0.7220380093750001 0.6595046234375 0.7407155078125001 0.6537697015624999 0.753542553125 0.646851603125
0 0.7990732515625 0.641537159375 0.8199283890625001 0.6397280328125 0.8502147453125 0.6299509765625 0.8526511234375 0.6241990453125 0.8453428328125 0.61843690625 0.8402859875 0.617123771875 0.8276621140625 0.6197262234375 0.79174671875 0.6298897343750001 0.7897349250000001 0.6328956531250001 0.7990732515625 0.641537159375
0 0.95596821875 0.585333715625 0.9523692140625 0.5885995375 0.92929910625 0.597730234375 0.9147190000000001 0.5979765296874999 0.90052615625 0.6067241734375 0.9058782171875001 0.61013015625 0.9248691703125 0.6123733703124999 0.9362010515625 0.6121236734375 0.9509843281249999 0.607561728125 0.9700864093750001 0.5990807953124999 0.9758448156249999 0.5938554765624999 0.9759741875 0.5890166140625 0.9600100453125 0.5852071640625 0.95596821875 0.585333715625
0 0.9405911140625 0.677781703125 0.9770969390625 0.6718038890625 0.9869709796875 0.666975234375 0.9883048515624999 0.664196775 0.98835590625 0.6612718171874999 0.9739416078125 0.6551910515625 0.9594353078125 0.6559605578125 0.9175400953124999 0.66977975 0.9405911140625 0.677781703125
0 0.848182165625 0.6961254140625 0.8565427984375 0.692079875 0.8607139953124999 0.6871144625000001 0.85737373125 0.6807025609374999 0.8523906890624999 0.6799126390625 0.812433465625 0.6902027000000001 0.801046021875 0.695814471875 0.8017840609375 0.7010465953125 0.8165855765625001 0.7023699359375 0.848182165625 0.6961254140625
0 0.71043420625 0.7211424671875 0.726675325 0.7211594781249999 0.746146428125 0.7152946078125 0.757533871875 0.709682834375 0.76098526875 0.7053705859375 0.7594536234375 0.700268415625 0.7545443859375001 0.70000170625 0.732969446875 0.7024639984375 0.702387875 0.71014820625 0.7019077234375 0.71825629375 0.71043420625 0.7211424671875
0 0.7593149578125 0.7626012453125 0.75857691875 0.7573691234375 0.7517114515625 0.7547462578124999 0.7187490640624999 0.762820321875 0.6915815656250001 0.777439640625 0.713248546875 0.7813858484375 0.73892088125 0.7734349328125 0.7557897578125 0.76639028125 0.7593149578125 0.7626012453125
0 0.801523625 0.7567601890625 0.8226184156249999 0.7624059859375001 0.8541229609375 0.7497529640625 0.8626129640625001 0.7408685625 0.8533484437500001 0.73275026875 0.8474241890625 0.731043875 0.8394881390625001 0.7323434 0.80401556875 0.7456461828125 0.7983309671875001 0.7513947125 0.801523625 0.7567601890625
0 0.9699163203125 0.70723875625 0.926194246875 0.71386293125 0.9213770531250001 0.72000471875 0.9359015921875 0.7251205 0.9719828328125001 0.7218886999999999 0.981856871875 0.7170600453125 0.9741057578125 0.7081586328125 0.9699163203125 0.70723875625
0 0.9455525218749999 0.7647580781250001 0.9399234828124999 0.76514453125 0.9413257578125 0.775085565625 0.9370069531249999 0.7790045515624999 0.9307319187499999 0.7805673843750001 0.9254163343749999 0.788931975 0.9639704312499999 0.7917188171875 0.9850287453125001 0.7855940390625 0.9861969109375 0.784960584375 0.9865919078125 0.7623312390625 0.9768903718749999 0.768191278125 0.9650601015625 0.7706637781250001 0.95134740625 0.771303334375 0.9455525218749999 0.7647580781250001
0 0.9381861203125 0.8334118187499999 0.9361925640625 0.8423030218750001 0.9310801546875 0.8463519640625 0.9538915234375 0.846898990625 0.985248459375 0.839297371875 0.9855723187500001 0.8207434656249999 0.9818899546875001 0.820902359375 0.9696351015625 0.8261208703125 0.9411391281249999 0.8313223703125001 0.9381861203125 0.8334118187499999
0 0.865120603125 0.8046936484374999 0.8625739421875 0.79815179375 0.8515190374999999 0.7946090546875 0.8255514859374999 0.8004671218749999 0.807464421875 0.8103877390625 0.8035884390625 0.8174460015625 0.8113213140625 0.8204621265625001 0.8519427734375 0.8148809765625 0.865120603125 0.8046936484374999
0 0.8037899140625001 0.8591662203125001 0.808348371875 0.8627021562499999 0.8252537265625 0.8674280781249999 0.8663735734375001 0.8596241265625 0.87098759375 0.8577979875 0.8736453859375001 0.8536156921875 0.8648054500000001 0.8427513828125001 0.8590288046874999 0.8420914140625 0.81813036875 0.851465003125 0.805081909375 0.8568134671875001 0.8037899140625001 0.8591662203125001
0 0.739029465625 0.8317645875 0.753683375 0.8320415046875 0.7655692078125 0.82420693125 0.7663445734375001 0.8181916921875001 0.7618599234375 0.8151789687500001 0.7511002343750001 0.813729078125 0.6990357656249999 0.830284075 0.7047386078125 0.83042083125 0.7160149234375 0.8355332093750001 0.739029465625 0.8317645875
0 0.77284433125 0.8792218796875 0.773268915625 0.8764758640625001 0.7664034484375 0.8738530015625001 0.73775986875 0.878008075 0.7110907578125001 0.890404596875 0.7156492140624999 0.8939405296875 0.7205584515625 0.894207240625 0.7608108890625 0.8860100296875 0.77284433125 0.8792218796875
0 0.40638957031249995 0.027725753125000002 0.391772140625 0.039219409375 0.4195847890625 0.046441646875 0.4334450921875 0.0468485171875 0.4667764984375 0.0413905125 0.47687194999999993 0.03813149375 0.48421756718750003 0.032646271875 0.4837009390625 0.0289837859375 0.4729230140625 0.021648609375 0.459505534375 0.0243810125 0.45120046406250003 0.023064475 0.4263217375 0.0308854390625 0.40638957031249995 0.027725753125000002
0 0.43388860156250003 0.12482049218749999 0.4329656296875 0.1297893078125 0.46768107187499997 0.12838704843749998 0.5112555359375001 0.12071645312499998 0.5171615515625 0.1165375609375 0.5214621187499999 0.106733284375 0.5091152218749999 0.10554329843750002 0.48493805468750006 0.106825809375 0.4729046125 0.113613959375 0.43770901718750005 0.12312430625 0.43388860156250003 0.12482049218749999
0 0.4843259890625 0.1888265671875 0.467014290625 0.19273194375 0.4665159 0.1949547453125 0.4899177015625 0.199687471875 0.5234705187500001 0.1957991046875 0.5334921671874999 0.192016875 0.5398965703124999 0.18561518125 0.5399521359375 0.18025310625 0.53120424375 0.175797296875 0.505987175 0.18313836562500002 0.4905089828125 0.1808552359375 0.4843259890625 0.1888265671875
0 0.4727883890625 0.26244571875 0.46883860468750005 0.2689807671875 0.5029262890624999 0.2746401734375 0.5388599203125 0.27036194999999996 0.5493799578125 0.26435691875 0.5483467 0.25703194687500003 0.5428470328125 0.25257953906249997 0.5385099890625 0.250613240625 0.5230069125 0.25582835 0.48057683124999995 0.26009976875 0.4727883890625 0.26244571875
0 0.5620021359375 0.30779033437500003 0.5570190921875 0.307000415625 0.5426604015625001 0.3088163453125 0.540002609375 0.3129986421875 0.5299809625 0.316780871875 0.5214171546874999 0.3251420625 0.5106757046875 0.3295774546875 0.4955972125 0.332046553125 0.4944528265625 0.3354457296875 0.5096233640625 0.3393851328125 0.51929423125 0.338872128125 0.5311983031249999 0.3369228421875 0.547347378125 0.3305313546875 0.5547668 0.32556934375 0.5615957890625001 0.3164216359375 0.5620021359375 0.30779033437500003
0 0.59172944375 0.443705765625 0.5920064218750001 0.43991332656250004 0.58563934375 0.43506766093750004 0.5758946734375 0.43505745312500005 0.551384965625 0.445494478125 0.522169190625 0.45134914375 0.542396571875 0.45660168125 0.5797698062500001 0.4510171265625 0.59172944375 0.443705765625
0 0.51513533125 0.510848371875 0.5326866828125 0.5143979171875 0.5675314921875 0.508156796875 0.5774793375 0.503851353125 0.58683675 0.49536021406249997 0.5863939265625 0.49222093906250003 0.5803958671875 0.48999133281249996 0.5374673984375 0.49648555468750005 0.5291805703125 0.501054303125 0.5163352828125001 0.50208711875 0.51513533125 0.510848371875
0 0.5650751781250001 0.5540593125 0.5366530078125 0.559784025 0.5313191859375 0.562263328125 0.5311160140625 0.566578978125 0.5420971125 0.56959850625 0.580060778125 0.5681996515625001 0.590008621875 0.5638942078125 0.5920204171875 0.560888290625 0.5849153 0.5508105015625 0.57978465 0.548974153125 0.5742294171875 0.5498838203124999 0.5650751781250001 0.5540593125
0 0.547945865625 0.6168175578125 0.58683250625 0.6104498875 0.5904315109375 0.6071840640625 0.5905608796874999 0.6023452015624999 0.5810193828125 0.59801934375 0.56976130625 0.598792253125 0.5465435890625 0.6068765265625 0.541634353125 0.6066098156249999 0.5410803984375 0.61419469375 0.547945865625 0.6168175578125
0 0.5920535015625 0.664730603125 0.6009863281250001 0.6589854749999999 0.6013371078125 0.6557162484375 0.5990856625000001 0.6512672453125 0.5932352140625 0.6500840625000001 0.5487933390624999 0.6573614 0.5297650593750001 0.6663655453125 0.5367043312499999 0.6695116249999999 0.5490512296875 0.6707016109375 0.5920535015625 0.664730603125
0 0.618461328125 0.7310656125 0.618664503125 0.7267499625 0.6055795640625 0.7203278546874999 0.5951888984375 0.7214940234375 0.5517802796875 0.7360963328125 0.551078715625 0.7426347843750001 0.56560325625 0.7477505625 0.6135703312499999 0.736684190625 0.618461328125 0.7310656125
0 0.606462665625 0.79566020625 0.6142511078124999 0.7933142578125 0.6161890984375 0.7897851250000001 0.6158018390625 0.7812837781249999 0.6131996140625 0.780104 0.5692561281249999 0.785158534375 0.5529038796875 0.795865671875 0.5655459921875 0.7991485078125 0.5810673109375 0.799818684375 0.606462665625 0.79566020625
0 0.625193184375 0.853617015625 0.63030559375 0.849568075 0.6320221734375 0.8444693093750001 0.6282573218749999 0.8408034203125 0.6064609703125 0.8416960765624999 0.574569165625 0.8458477500000001 0.56174211875 0.8527658499999999 0.5767832859375 0.8615441140625 0.6088965015625 0.858962078125 0.625193184375 0.853617015625
0 0.59464639375 0.9191076671875 0.617513328125 0.9142926203125 0.638350228125 0.9065982046875 0.6424476203125 0.9011095812500001 0.6314482828125 0.892204765625 0.6194704062499999 0.8936308421874999 0.584791440625 0.9068036734374999 0.5821336500000001 0.91098596875 0.5835914890625 0.9155649265625 0.59464639375 0.9191076671875
0 0.29161530625 0.05444060625 0.26308200937500004 0.0708894671875 0.2540571390625 0.070226096875 0.2407872671875 0.07400492656249999 0.24973833281250002 0.074145084375 0.25885524531250004 0.08121695625 0.2915406546875 0.0769353296875 0.307763534375 0.07106705468749999 0.3219563796875 0.0623194109375 0.3218643359375 0.0559109125 0.3092222234375 0.0526280765625 0.3030209921875 0.0547141203125 0.29161530625 0.05444060625
0 0.30761338125000004 0.139074434375 0.274447821875 0.1514641484375 0.27417084375 0.1552565875 0.281110115625 0.158402665625 0.294896615625 0.1582863234375 0.3332110625 0.153618240625 0.3551185453125 0.1420014359375 0.348972878125 0.13872540625000002 0.3469984109375 0.1304839625 0.3295391015625 0.1333429171875 0.31822546093750004 0.1394779015625 0.30761338125000004 0.139074434375
0 0.354839021875 0.214847678125 0.3298682484375 0.21626014374999997 0.313294590625 0.2253976453125 0.3188680625 0.23037326406249997 0.3304213546875 0.231693203125 0.3354226359375 0.2383684125 0.3460164765625 0.2328865921875 0.3762472671875 0.2284716109375 0.39036630781250004 0.21920075468750003 0.36522968906250003 0.21368150937500002 0.36000699687500004 0.20543666562500001 0.354839021875 0.214847678125
0 0.39222794843750003 0.2842022171875 0.377278825 0.28183245156250003 0.3577156796875 0.28128882499999996 0.359468734375 0.28796063125 0.3572355296875 0.2893969140625 0.33372259843749996 0.295388334375 0.3217264828125 0.2909291234375 0.3184964984375 0.2968110078125 0.313882475 0.298637146875 0.318717909375 0.2983806453125 0.32379299375000004 0.3055790671875 0.3279824296875 0.30649893906250003 0.351439796875 0.305869590625 0.3918398421875 0.2987188046875 0.39752444531250003 0.292970275 0.39222794843750003 0.2842022171875
0 0.361772353125 0.37911930312500003 0.3943657171875 0.368429178125 0.3995519328125 0.364903446875 0.40191450937499995 0.3586283046875 0.3889771796875 0.35325262031250004 0.3767778921875 0.3531090578125 0.37332649375 0.3574213046875 0.3360453015625 0.3694143578125 0.3400498046875 0.3805351703125 0.361772353125 0.37911930312500003
0 0.4145175984375 0.4191943703125 0.4049578625 0.40898322656249997 0.39990101562499997 0.4076700921875 0.377753884375 0.411831971875 0.35222915781249997 0.4208293140625 0.35161963749999997 0.433776265625 0.3558828796875 0.4352193515625 0.40377615 0.423629765625 0.4145175984375 0.4191943703125
0 0.43446866875 0.47095419843749997 0.42983640625 0.4668950484375 0.41344768125 0.4658316125 0.37037160468749997 0.47127941093750003 0.364114809375 0.47872752656250006 0.369393065625 0.48161029843750003 0.3915584390625 0.48333370468750003 0.431091075 0.4757896578125 0.43446866875 0.47095419843749997
0 0.3762544734375 0.5335900515625001 0.382400140625 0.53686608125 0.40816451562499995 0.5353236640625 0.43009023749999997 0.5295921484375 0.43354163437500004 0.5252799 0.432729790625 0.519524565625 0.42462789531249995 0.5138923796875 0.411930215625 0.51597161875 0.4014839828125 0.5224998609375 0.377971053125 0.528491284375 0.3762544734375 0.5335900515625001
0 0.4252704984375 0.6047877421875001 0.4452399890625 0.5967000671875 0.44789778125 0.592517771875 0.4434869328125 0.5900282609375 0.42290877031249996 0.5880449515625 0.4022012390625 0.5909005015625 0.384335584375 0.6023907578125 0.3732989203125 0.6047333015625 0.4078111890625 0.6076466968750001 0.4252704984375 0.6047877421875001
0 0.3824506125 0.6696116156249999 0.4159296265625 0.6652000375 0.4342381046875 0.65684905625 0.4352348828125 0.6524034546874999 0.430602621875 0.6483443078125 0.4271329875 0.6467712671875 0.4092490953125 0.6523762359374999 0.38608694374999997 0.6550984328125 0.37320433125 0.667378609375 0.3824506125 0.6696116156249999
0 0.45662319062499995 0.7061779703125 0.4279796125 0.710333046875 0.4040420953125 0.7190704828125 0.39885588125 0.7225962109374999 0.3974345171875 0.7297878265625 0.4521932546875 0.7208211078125 0.458819071875 0.71598905 0.45662319062499995 0.7061779703125
0 0.45838130312500003 0.7704454828125 0.4618327 0.7661332359374999 0.45913842968749996 0.7585449578125 0.4385047015625 0.761923721875 0.41037775156249995 0.7697412828125 0.40203535468749996 0.7796721078125 0.41150304843749996 0.7834747531249999 0.445406646875 0.7763171609375 0.45838130312500003 0.7704454828125
0 0.4771050703125 0.8168424562500001 0.47693922187500004 0.80991074375 0.46595812187499996 0.8068912171875 0.442297584375 0.8118362140625001 0.41865528281250003 0.8226665000000001 0.418101328125 0.8302513749999999 0.43153704687500005 0.8334042609375001 0.473653671875 0.8211547031249999 0.4771050703125 0.8168424562500001
0 0.4242262109375 0.8966959250000001 0.46462625625 0.8895451375000001 0.474555859375 0.87935440625 0.47496220625 0.8707231078125 0.4696101453125 0.8673171234374999 0.4505636296875 0.870435984375 0.44703842656250004 0.87422501875 0.4263491359375 0.88296585625 0.42110735625 0.8918536593749999 0.4242262109375 0.8966959250000001
0 0.4367372578125 0.9508534921875 0.44424872187500003 0.95229998125 0.4606930125 0.9480013421875 0.48671612656249996 0.9367812015625001 0.489669134375 0.934691753125 0.4883406640625 0.9252739343749999 0.48226880000000005 0.9225211171875 0.47425894843750005 0.9232974265625 0.44808822499999995 0.9334711453125 0.434910396875 0.9436584734375 0.4367372578125 0.9508534921875
0 0.30358002812499996 0.9105634109375 0.27501025 0.9152416999999999 0.2525305765625 0.9285580937500001 0.25542801718749997 0.931830721875 0.26460049531249996 0.9335405171875 0.2961970828125 0.9272959953125 0.3080091140625 0.9189382078125 0.30358002812499996 0.9105634109375
0 0.316994959375 0.9768848125 0.3289545984375 0.9695734500000001 0.326186525 0.9614619609374999 0.3201146640625 0.958709140625 0.31716165625000003 0.9607985890625 0.2768354140625 0.9684725890625 0.26943423125 0.979319884375 0.2819287375 0.9815562968749999 0.316994959375 0.9768848125
0 0.1355521203125 0.0762488015625 0.152882059375 0.0782287109375 0.179864625 0.0738103265625 0.188225259375 0.0697647890625 0.19217504375 0.0632297390625 0.18551275 0.056291225 0.1747530625 0.0548413328125 0.13507281875 0.0613389546875 0.12909299999999999 0.0649946359375 0.12673042343750002 0.07126978125 0.1355521203125 0.0762488015625
0 0 0.0998719109375 0.00800314375 0.09874078593749999 0.0439185375 0.088577275 0.0513379578125 0.0836152640625 0.048348471875 0.0739341375 0.04220280625 0.07065810781250001 0.035558751562500004 0.069604878125 0.0231562890625 0.073776965625 0.007782579687500001 0.0741532140625 0 0.0771589578125 0 0.0998719109375
0 0 0.198611684375 0.0075195984374999995 0.1989206140625 0.055929496875 0.1909935140625 0.06803674531250001 0.184728575 0.069015284375 0.1743976875 0.050522720312500005 0.1699316703125 0.044469096875 0.1730641375 0.0376774328125 0.170964484375 0.0032198796874999998 0.18570695312500002 0 0.185120515625 0 0.198611684375
0 0.143669709375 0.1568200796875 0.1417317171875 0.16034921093750001 0.1289046703125 0.1672673125 0.1355669640625 0.1742058296875 0.188461515625 0.169291453125 0.19682215 0.1652459140625 0.20243295 0.15897417187500001 0.19309462500000002 0.150332665625 0.1871703703125 0.1486262703125 0.16646283906249998 0.1514818234375 0.151974778125 0.1581366171875 0.143669709375 0.1568200796875
0 0 0.2734781328125 0.015194364062499998 0.27635261875 0.03401946875 0.271664121875 0.0439855515625 0.273243965625 0.0507589765625 0.269458334375 0.059562434374999994 0.2685520671875 0.06705565937499999 0.2641132703125 0.069639646875 0.2594077625 0.06701918125 0.252342696875 0.061593315625 0.24841350156250003 0.06026484375 0.23899568124999998 0.0463489765625 0.2439508875 0.0356630921875 0.2430242078125 0.029627707812499997 0.2520419625 0.003937134375 0.2541075921875 0 0.2567406953125 0 0.2734781328125
0 0.1160377515625 0.25448658125 0.1123649421875 0.25722919375000003 0.1396609640625 0.26078894375 0.146600234375 0.2639350234375 0.1618263359375 0.26251235156249997 0.17620326718749998 0.2665817046875 0.18044826875 0.2621395046875 0.1922047328125 0.25914379374999996 0.19731714375 0.255094853125 0.1990337234375 0.24999608593749997 0.1851551796875 0.24370392968750001 0.17166389843750002 0.245913121875 0.1567885765625 0.24406656718750003 0.1160377515625 0.25448658125
0 0.19670592656250002 0.31407767343750004 0.166678309375 0.3141770046875 0.1579486578125 0.31560648125 0.1507506484375 0.322138128125 0.1267948921875 0.324990278125 0.139806025 0.3308891734375 0.159442975 0.3319560125 0.16573625 0.336278465625 0.1764776984375 0.331843071875 0.1997136515625 0.3296440859375 0.21578892343749997 0.3227293859375 0.21433108125000003 0.31815043125 0.20377456718750003 0.3123848890625 0.19670592656250002 0.31407767343750004
0 0.005963775 0.3490587015625 0.02571100625 0.36241932656250003 0.057159985937500005 0.355128378125 0.07135283125 0.3463807359375 0.07314321562500001 0.3418051796875 0.07089176875 0.337356175 0.055426015625000005 0.3313239234375 0.043005315625 0.329610725 0.029181490625 0.3409744296875 0.014250603125 0.34448995 0.005963775 0.3490587015625
0 0.0870382984375 0.4000184921875 0.0341619859375 0.41081815625000007 0.0260227640625 0.41643333125000004 0.0344754390625 0.418796290625 0.060461228125 0.41882351093750003 0.0890310046875 0.41414522187499997 0.0947894125 0.40891990468749995 0.0870382984375 0.4000184921875
0 0.24974554062499998 0.3792635265625 0.24714331406249998 0.3780837453125 0.22261536718750002 0.382635484375 0.21401508125 0.3792261 0.21248343749999998 0.37412392968749997 0.19771840000000002 0.3845711625 0.1897085453125 0.38534747343750003 0.1845778953125 0.383511128125 0.172175434375 0.3876832171875 0.179908309375 0.3906993421875 0.1781917296875 0.395798109375 0.1912028640625 0.40169700625000004 0.23573678125000003 0.40082816718750003 0.24518623593750002 0.398745525 0.2501510390625 0.39365015937500003 0.24974554062499998 0.3792635265625
0 0.214750575 0.4535120265625 0.20362186875 0.449446075 0.1971254203125 0.44943926875000006 0.194098609375 0.45100550312500004 0.1986570671875 0.4545414375 0.1963682953125 0.4613397953125 0.18642045000000002 0.4656452375 0.18232305625 0.4711338625 0.1849990875 0.472836853125 0.24446389062499999 0.46845249375 0.264710359375 0.4565723828125 0.2634001265625 0.45303984843749995 0.250610403125 0.448710590625 0.214750575 0.4535120265625
0 0.06928122812500001 0.46983840312499997 0.06662343750000001 0.474020696875 0.0590564078125 0.477936284375 0.042833528125 0.4838045578125 0.02148 0.48783648749999997 0.0299326765625 0.49019944843749996 0.0486284140625 0.49034981406249994 0.06868994843750001 0.488670640625 0.098625521875 0.482162809375 0.114054796875 0.4764244875 0.11750619375 0.472112240625 0.1117851125 0.4660901953125 0.104273646875 0.46464370781250003 0.06928122812500001 0.46983840312499997
0 0.077971009375 0.5487100921875 0.1294997640625 0.5456252578125 0.138081809375 0.5431493546875 0.1433235890625 0.534261553125 0.13117986406249998 0.528755915625 0.1146617703125 0.5325313421875 0.0745387015625 0.535889690625 0.0707920890625 0.5381090921875 0.0705151109375 0.541901528125 0.077971009375 0.5487100921875
0 0.195314253125 0.517183340625 0.21683362968750003 0.520083125 0.2705035453125 0.5091535078125 0.276335759375 0.5044514046875 0.2765389296875 0.5001357546875 0.271980475 0.49659981875000003 0.2629556046875 0.4959364453125 0.21325371249999997 0.5062163 0.2042470796875 0.5114382156249999 0.19400402187500002 0.513650809375 0.195314253125 0.517183340625
0 0.2252184046875 0.556500646875 0.21565781875 0.5693074375 0.223316890625 0.5718003515625 0.24042541874999998 0.5722106218749999 0.25867833125 0.5692217171875 0.2791462125 0.5589112421875 0.2708967078125 0.5522326296875 0.262517834375 0.55039288125 0.25098278125 0.5549582281250001 0.2326560640625 0.5574239234375 0.2252184046875 0.556500646875
0 0.0782827671875 0.6027240968750001 0.069257896875 0.6020607265625 0.0680397078125 0.6049366921875 0.07857798437499999 0.604816946875 0.0818444453125 0.6107056359375 0.08603388281249999 0.611625509375 0.11410527031249999 0.6091700234374999 0.1336501765625 0.6038283625 0.136953965625 0.5984696890625 0.13534851718750002 0.5928443078125001 0.115932978125 0.59334710625 0.08895041249999999 0.5977654890624999 0.0782827671875 0.6027240968750001
0 0.0930634984375 0.6672159578125 0.09566572500000001 0.6683957359375 0.12113488593749999 0.66476046875 0.1468072203125 0.656809553125 0.153931425 0.6497546937500001 0.152473584375 0.6451757375 0.1466231359375 0.6439925546875 0.1314708359375 0.6459384390625 0.11676136562499999 0.651023596875 0.09492768593749999 0.6631636140625 0.0930634984375 0.6672159578125
0 0.22882635156250003 0.616614078125 0.2161842375 0.6133312421875 0.20832199375 0.6151539781250001 0.2140986390625 0.6158139484375 0.2188785078125 0.6209195203125 0.21168049843749998 0.6274511671874999 0.2238980265625 0.633480015625 0.2319816828125 0.633226915625 0.277863159375 0.6246432484375 0.281388359375 0.6208542125000001 0.28079792812500004 0.616668515625 0.27695927343750004 0.6124794171875 0.27197623125 0.6116894937499999 0.22882635156250003 0.616614078125
0 0.2476298234375 0.698112034375 0.2891742546875 0.6875620687499999 0.294286665625 0.683513128125 0.2936962328125 0.6793274312500001 0.2875505671875 0.6760514 0.2352464484375 0.685151475 0.2240066109375 0.691809671875 0.2245970421875 0.69599536875 0.23304971874999997 0.6983583296875 0.2476298234375 0.698112034375
0 0.1582476859375 0.7148895109375 0.1586722703125 0.712143496875 0.1524528 0.708344253125 0.11507956718750001 0.7139288078125 0.102898515625 0.719670534375 0.098450340625 0.7284283828125 0.12399330625 0.725316328125 0.15226786718750002 0.718545190625 0.1582476859375 0.7148895109375
0 0.12076162343750001 0.7772340843750001 0.11760544218749999 0.7836391796875 0.136522590625 0.7853591828125001 0.1731022203125 0.7799045828125 0.1914106984375 0.771553603125 0.1907464625 0.7668446906249999 0.18467460156249998 0.7640918734375 0.1645392625 0.7652478359375 0.1226258109375 0.7731817390625 0.11887919843750001 0.775401140625 0.12076162343750001 0.7772340843750001
0 0.22311841718749997 0.7545849296875 0.24565280937499998 0.7589243953125 0.2871972421875 0.7483744296875 0.2939706640625 0.7445887984375 0.298787859375 0.7384470078125001 0.2957428078125 0.7341279562499999 0.289098753125 0.7330747265625 0.27474006093750003 0.734890659375 0.2593845921875 0.7411521921875 0.232697240625 0.747663425 0.22311841718749997 0.7545849296875
0 0.193457275 0.826354128125 0.1927192359375 0.821122003125 0.1849863578125 0.8181058796875 0.1316116578125 0.8311283421875 0.131279115625 0.84028285625 0.1453608296875 0.8422593609375 0.1756654234375 0.8383675921875 0.1857608765625 0.8351085734374999 0.193457275 0.826354128125
0 0.2512743359375 0.8126042265625 0.2564787890625 0.8149637843749999 0.2786997265625 0.811325115625 0.2908990171875 0.8114686796875 0.31494681406249997 0.8150250281250001 0.317180021875 0.8135887468749999 0.311680353125 0.8091363390625 0.313452496875 0.7986754984375 0.310555053125 0.79540286875 0.2560915328125 0.8064624374999999 0.25227111562500004 0.8081586234374999 0.2512743359375 0.8126042265625
0 0.26224046562500003 0.87076185625 0.2797735765625 0.868426115625 0.3055197140625 0.8609984109375001 0.31048451718750003 0.8559030453125 0.3047634359375 0.8498810015625 0.2672425953125 0.85441913125 0.2437296625 0.8604105531249999 0.2409242640625 0.863546425 0.2446153109375 0.8666891 0.26224046562500003 0.87076185625
0 0.1146299546875 0.8949330140624999 0.11226737812500001 0.9012081578125001 0.1343589453125 0.9024083515625 0.15787187656249999 0.896416928125 0.1711973140625 0.8872760265625 0.17326467343750002 0.878908034375 0.16900143437499998 0.8774649468750001 0.14995491562500002 0.88058380625 0.138493665625 0.8856723656250001 0.1227691765625 0.889317840625 0.1146299546875 0.8949330140624999
0 0.17634450468750001 0.9410335296874999 0.172930434375 0.9340984156250001 0.16700617812500002 0.932392021875 0.12596013749999999 0.9407191859375 0.11769154687500001 0.9511732234375 0.12723304375 0.9554990796875 0.1678545 0.9499179296875001 0.17311452031250002 0.9469154124999999 0.17634450468750001 0.9410335296874999