0 0.12209299375 0.01840989375 0.128066925 0.00149019375 0.11242804375 0.00130821875 0.10382373125 0.0164623484375 0.0987523125 0.0210873703125 0.09649434999999999 0.029749670312499997 0.12209299375 0.01840989375
0 0.1732904296875 0.0317470515625 0.18024555 0.032607509374999996 0.1795452453125 0.0416501 0.183699 0.0426642171875 0.1986838046875 0.0211947578125 0.20359103125 0.002368996875 0.1860631859375 0.002165040625 0.1854859609375 0.014622192187499999 0.18011268593750002 0.02252390625 0.175548390625 0.023084753125 0.1732904296875 0.0317470515625
0 0.2741758640625 0.038788115625 0.2799717734375 0.033502378124999996 0.28884672031249997 0.0164044125 0.290564609375 0.003381025 0.27080678125 0.003151121875 0.2623907234375 0.0183213015625 0.268416084375 0.0206299578125 0.2686576296875 0.032415289062500005 0.2741758640625 0.038788115625
0 0.10290636093750001 0.09413490937499999 0.0925219765625 0.09159962187500001 0.085301275 0.1065886703125 0.07453068125 0.15002693281249999 0.0773441375 0.154064209375 0.090831746875 0.153169146875 0.10073304218750001 0.1321337734375 0.1066616671875 0.10091492500000002 0.10290636093750001 0.09413490937499999
0 0.1696320046875 0.09451125 0.1671808640625 0.10815196875 0.1630512953125 0.11551972968749999 0.15911490156250002 0.1179090703125 0.15767801718750002 0.1234214421875 0.16389655625 0.12075167656250001 0.16754318125 0.1258299671875 0.16540599218750002 0.14038493125 0.1661667578125 0.1522970265625 0.16297903593750002 0.1624075265625 0.16382429999999998 0.167639475 0.16610644375 0.1673590515625 0.1793283234375 0.1462967796875 0.18558299218750002 0.12018311718750001 0.1853172625 0.100015909375 0.18280566250000002 0.092701940625 0.175524503125 0.08673630156249999 0.1696320046875 0.09451125
0 0.2387640984375 0.1500768921875 0.23613187343750003 0.17288696875 0.239066103125 0.18281691093750002 0.24082903125000002 0.18240972187499999 0.25115295625 0.163990321875 0.2546304421875 0.14641219375 0.260293484375 0.131042853125 0.261802775 0.1146593953125 0.25836141874999996 0.108793625 0.249752053125 0.110042084375 0.23622831406250003 0.1343810453125 0.23200215625 0.1442380171875 0.2387640984375 0.1500768921875
0 0.065813075 0.2576238 0.074530975 0.22206035468750002 0.0719951921875 0.20636451249999999 0.064098221875 0.2027613171875 0.061405537499999996 0.20461670625 0.055826990624999996 0.21330589843749997 0.0451650796875 0.258445890625 0.050248590625 0.2580118046875 0.057433160937500005 0.26646665625 0.065813075 0.2576238
0 0.150361165625 0.24894983750000002 0.15843907343750002 0.2073669625 0.156748553125 0.1969030640625 0.1515563609375 0.1956354203125 0.140568259375 0.199653515625 0.130171928125 0.2289440015625 0.1294354953125 0.26143049218750003 0.13216445625 0.27214791875 0.1425970609375 0.2554302453125 0.150361165625 0.24894983750000002
0 0.2177026203125 0.2469637328125 0.21738881562499998 0.2820661984375 0.2226896890625 0.2850355703125 0.22857009375 0.273069684375 0.236032340625 0.269865965625 0.23733636093750002 0.254269990625 0.2411398890625 0.241797046875 0.239014646875 0.22452623749999998 0.23588723906250003 0.2195747125 0.23069504531249999 0.21830706875 0.22625152499999998 0.22476058281250003 0.2240056546875 0.2376138203125 0.2177026203125 0.2469637328125
0 0.3408532875 0.0584174203125 0.34235063125 0.0738597359375 0.3490521140625 0.05874392187500001 0.35661095 0.05305099375 0.3696757796875 0.013523245312500001 0.3703594140625 0.004309521875 0.3547132734375 0.0041274625 0.3494383234375 0.012770371875 0.3450189859375 0.027605759375 0.34620238125 0.042133831249999996 0.3408532875 0.0584174203125
0 0.33177321718749997 0.112319578125 0.323707253125 0.1220766796875 0.321244021875 0.1315264609375 0.323659034375 0.1413296390625 0.32057999375 0.1531418671875 0.31675228125 0.15723293437500002 0.31047343125000004 0.1749647234375 0.3098697125 0.18151810468750001 0.31372160937500004 0.1858089125 0.3131541703125 0.20493510937499998 0.3202661890625 0.18824433125 0.33248590624999996 0.179501346875 0.3421335640625 0.142489703125 0.34198860781249996 0.12821516093750002 0.33624091875 0.1142479390625 0.33177321718749997 0.112319578125
0 0.3009949125 0.23463278437500001 0.29821773125 0.24316831875 0.2993045359375 0.2601855984375 0.292603053125 0.2753014109375 0.2956338734375 0.28274214531249997 0.29079190625 0.2949615609375 0.2913353078125 0.30347020156250004 0.29349668281249996 0.2972971125 0.2994012734375 0.2937131 0.31210393281250004 0.272524065625 0.318551778125 0.2414319828125 0.3190468125 0.23317687343750002 0.3156054546875 0.227311103125 0.30502789375 0.229754234375 0.3009949125 0.23463278437500001
0 0.374002721875 0.2549700171875 0.370971903125 0.24752928125 0.35802769687499997 0.256932984375 0.3554436921875 0.26049010156249996 0.3574239828125 0.26348636718749996 0.35516601875 0.2721486671875 0.352678603125 0.27321657187500004 0.35439331093750004 0.2920623453125 0.351930078125 0.3015121265625 0.344081478125 0.31467268437499996 0.34388830000000004 0.319651103125 0.34670175625 0.32368837968749997 0.35258216249999996 0.31172249375 0.3601530890625 0.3102205046875 0.36183151874999997 0.3164934640625 0.374352946875 0.268457075 0.374002721875 0.2549700171875
0 0.3824636703125 0.16573762187500002 0.3850115453125 0.18562440468750002 0.3879215921875 0.18717247343750001 0.39113349531249997 0.18544385000000002 0.3989820984375 0.17228329375 0.40564730468750004 0.144594665625 0.4030994296875 0.124707884375 0.4000807015625 0.1214580875 0.394272703125 0.12255288906249999 0.38716068125 0.13924366562499998 0.3866777375 0.1516897140625 0.3824636703125 0.16573762187500002
0 0.41017502656250004 0.05942758124999999 0.40605755 0.0709862796875 0.40792915625 0.07228081875 0.42325209687500004 0.060107481250000004 0.42850460156250003 0.0463131046875 0.4319820890625 0.028734975000000003 0.4334792875 0.00816058125 0.432709309375 0.0050350281249999995 0.4201926171875 0.004889384375 0.41691263906250003 0.020867868749999997 0.41319360781250003 0.026660665625000003 0.40890713593749994 0.051579659374999996 0.41017502656250004 0.05942758124999999
0 0.41884470625 0.0431170984375 0.42279319062500004 0.0449186953125 0.42641563437499996 0.041615109375 0.42660881093749997 0.0366366875 0.4198589609375 0.03498875 0.41758890624999995 0.0394601140625 0.41884470625 0.0431170984375
0 0.490997509375 0.075639621875 0.49767480781250006 0.0521419328125 0.49958254531249996 0.029992573437499996 0.49312246093749995 0.0208770078125 0.4871333765625 0.031141165625 0.47480512499999994 0.074199134375 0.4770993625 0.07810964687500001 0.47757036093750005 0.097489375 0.4756263484375 0.10706591875 0.490997509375 0.075639621875
0 0.4480542890625 0.16834964375 0.4464363171875 0.18303137187500002 0.4511213828125 0.1883631921875 0.4541763859375 0.2041858015625 0.4585354078125 0.204412434375 0.458909671875 0.1902646578125 0.4658767359375 0.1592993390625 0.46643208437499994 0.1359822046875 0.464343115625 0.13128420937500002 0.45935619218749996 0.1292290828125 0.4491288546875 0.14515927343749999 0.44635167343750004 0.153694809375 0.4480542890625 0.16834964375
0 0.437549571875 0.267971825 0.4408217875 0.2511811796875 0.43955389843750003 0.24333325625 0.43653516875 0.240083459375 0.4265975984375 0.24854602187500002 0.4098016453125 0.2896756296875 0.401204371875 0.2951150296875 0.40032298125 0.313326978125 0.4146316671875 0.3092819890625 0.437549571875 0.267971825
0 0.41413677812499994 0.3535538109375 0.40643313281250004 0.38098890937499996 0.39888638906249996 0.390872775 0.3924504890625 0.39013908124999996 0.388103559375 0.3941033875 0.3963023859375 0.394429890625 0.39984033124999996 0.39780645 0.3985363109375 0.41340242656250004 0.40144635624999997 0.41495049531249995 0.40372850312499997 0.4146700703125 0.415610084375 0.3966309640625 0.4257890546875 0.363937021875 0.4255354171875 0.347960753125 0.4213816640625 0.3469466375 0.41413677812499994 0.3535538109375
0 0.476346203125 0.299221328125 0.4722408171875 0.3149709625 0.4737381625 0.3304132796875 0.4769500671875 0.32868465625 0.48396549999999994 0.3144830890625 0.48999071406250005 0.28077503125000003 0.4882881 0.266120196875 0.485172784375 0.2653596109375 0.47917160625 0.27143283125 0.476491015625 0.2774791578125 0.47496963281250004 0.289671678125 0.476346203125 0.299221328125
0 0.5219403218750001 0.168798959375 0.5204308859375 0.14916570468749998 0.5109883484375 0.14937315625 0.5045163203125 0.1720833625 0.5012803796874999 0.201446821875 0.5072333359375001 0.21462656249999998 0.5115923578125 0.2148531953125 0.52043103125 0.1851824171875 0.5219403218750001 0.168798959375
0 0.5382290015625 0.0957168109375 0.54238275625 0.096730928125 0.549386096875 0.078338421875 0.5540831046875 0.0518444671875 0.551969953125 0.0387645953125 0.549989665625 0.035768328125 0.543867715625 0.035948881249999995 0.539532875 0.044104125 0.5383375359375 0.061401828125 0.5316602359375 0.08489951875 0.5382290015625 0.0957168109375
0 0.58839994375 0.07697466875 0.587929090625 0.09361165625 0.5838116140625 0.105170353125 0.58621453125 0.11078259531250001 0.5992190500000001 0.0863168703125 0.609168565625 0.046028534375 0.609663603125 0.037773423437499995 0.60167004375 0.036659437499999996 0.5980476015625 0.039963025 0.5948719734375 0.0542644609375 0.5854778046875 0.07123566406250001 0.58839994375 0.07697466875
0 0.6341275125 0.1007027515625 0.6331132578124999 0.108831096875 0.6363493453125 0.1154843484375 0.6400683765624999 0.10969155312500001 0.6496315375 0.07936005625 0.6519619046875 0.0598266734375 0.6497521625 0.049236010937500005 0.645803678125 0.0474344125 0.6421812359375 0.050738000000000005 0.6356850234375 0.0650663328125 0.6306740640624999 0.0906460421875 0.6341275125 0.1007027515625
0 0.715511921875 0.07450445 0.712891640625 0.0654887515625 0.709148425 0.062899671875 0.7050067640625 0.06607649531250001 0.6965544484375 0.085790434375 0.6906258203125 0.11700928125000001 0.6982209312500001 0.12388916718750001 0.7071079703125001 0.110982140625 0.71337473125 0.0890594140625 0.715511921875 0.07450445
0 0.5625427359375 0.193120878125 0.5592584281249999 0.20572058593749998 0.5653079734374999 0.216411115625 0.563786590625 0.22860363593750002 0.56784375625 0.23210696249999999 0.574050203125 0.22524625937499998 0.5784816312500001 0.2146018078125 0.5806670421875 0.18079388125 0.5771894109375 0.162355296875 0.5721058984375 0.1627893828125 0.564559153125 0.17267324687500002 0.5602364078125001 0.18501942656249998 0.5625427359375 0.193120878125
0 0.5385469359374999 0.3144072828125 0.5355162640625 0.3429832609375 0.5380278640625 0.3502972296875 0.54155371875 0.349482853125 0.5539666125 0.335761446875 0.56433875625 0.2980890875 0.5626119609375 0.275052375 0.5577216265625 0.2705080421875 0.5524449359375 0.2759205421875 0.5498851171875 0.2878595359375 0.5356247984375 0.3086682765625 0.5385469359374999 0.3144072828125
0 0.590284671875 0.33457712812499996 0.5906107125 0.3396823140625 0.6011761812499999 0.33304824375000003 0.6087953296874999 0.31229329375 0.6126470796875 0.2805673875 0.61139128125 0.276910403125 0.6027819140624999 0.2781588640625 0.600306590625 0.28341770781250003 0.6001375984374999 0.29677800468750004 0.5958511265624999 0.3216969953125 0.590284671875 0.33457712812499996
0 0.6282354546875 0.21652783593749997 0.639959990625 0.1800232484375 0.6386920984375 0.1721753265625 0.6328840984374999 0.173270128125 0.6266776515625 0.1801308296875 0.6217270046875 0.1906485171875 0.614856528125 0.21912462656249998 0.6150980734375 0.2309099578125 0.6227655890625 0.22691875781249998 0.6282354546875 0.21652783593749997
0 0.6807609484375 0.1866341828125 0.6735765234375 0.21419604531249997 0.6715842890625 0.2430255515625 0.6842024515625 0.22851666406249999 0.69302903125 0.194654946875 0.693185934375 0.1771037140625 0.688416371875 0.1784520453125 0.6807609484375 0.1866341828125
0 0.6716810234375 0.276553053125 0.667732540625 0.27475145625 0.663904828125 0.278842525 0.6495359765625001 0.33396625 0.65535606875 0.33706238593750004 0.6598116796875 0.3347998109375 0.6632167625000001 0.32809276718749997 0.6750257937499999 0.284908034375 0.6716810234375 0.276553053125
0 0.7314033281250001 0.2953218984375 0.7287951406250001 0.2904971390625 0.7224679218750001 0.2914651765625 0.716020075 0.3225572578125 0.714462565625 0.358193678125 0.726247559375 0.34264378125 0.73025635625 0.3293833546875 0.7325867234375 0.30984996875 0.7314033281250001 0.2953218984375
0 0.74518055625 0.2509424953125 0.752075215625 0.2308482609375 0.7554077453125 0.19899559375 0.7510366328125 0.1945780203125 0.7426446265625 0.1992299375 0.739336134375 0.2034477703125 0.7365710421875 0.21617424375 0.731282409375 0.25341252187499996 0.7332626984374999 0.25640878906250003 0.74518055625 0.2509424953125
0 0.7572547296875001 0.08385812031249999 0.75882448125 0.08842935156250001 0.7578585921875 0.11332145 0.7520868671875001 0.1269890640625 0.75441738125 0.14347239218750002 0.7598027515625 0.139761615625 0.7697161390625 0.1229171796875 0.774147565625 0.11227272656250001 0.7759708062499999 0.0968035140625 0.775910346875 0.0758488265625 0.7733987453125 0.06853485625 0.76893104375 0.0666064953125 0.7588002953124999 0.0800474765625 0.7572547296875001 0.08385812031249999
0 0.8299212390624999 0.0932232640625 0.8246687343750001 0.10701764218750001 0.8203340421875 0.151189596875 0.8372991359374999 0.13271640625 0.846741525 0.0964922421875 0.846294709375 0.0854943953125 0.8424428140625 0.0812035875 0.8299212390624999 0.0932232640625
0 0.8163979421875001 0.22561236093749998 0.8160598078125 0.2163162375 0.8131376703125 0.21057723281250001 0.8057720125 0.21129174218750002 0.8029827390625 0.21563633906250002 0.7961485390624999 0.25668525937500003 0.796704034375 0.2693848390625 0.8018962249999999 0.2706524828125 0.8092256078125001 0.2573651609375 0.8163979421875001 0.22561236093749998
0 0.78306805 0.36321695625 0.7897695328125 0.3481011421875 0.7923051703125 0.32778027656250003 0.7917496749999999 0.3150806984375 0.7891414859375 0.31025593749999997 0.7837440250000001 0.309775775 0.7814739703125 0.3142471375 0.7748932609375 0.33525561875 0.7694838546875 0.3666012296875 0.776861603125 0.3700776578125 0.78306805 0.36321695625
0 0.8419246218750001 0.33319380625 0.8367324281249999 0.3319261609375 0.8314557406249999 0.3373386640625 0.825430525 0.371046721875 0.8279059953125 0.40180458906250005 0.840512065625 0.383104765625 0.8436514203125001 0.3562305171875 0.8440135906249999 0.3378918015625 0.8419246218750001 0.33319380625
0 0.8538423328125001 0.2917108 0.8678007937500001 0.27417875 0.868947765625 0.2401172953125 0.864141928125 0.2288928109375 0.8527432890625001 0.23448587031249998 0.8487103062499999 0.2393644203125 0.8466576140625 0.2472392390625 0.8444842937500001 0.28523810156249996 0.8475151140625 0.2926788359375 0.8538423328125001 0.2917108
0 0.876892515625 0.11641739375 0.8650834843749999 0.1596021265625 0.868838790625 0.16638214375 0.8795974375 0.15476965625 0.891430653125 0.119966796875 0.8909838390625 0.108968946875 0.87947651875 0.1128602765625 0.876892515625 0.11641739375
0 0.9400802140625 0.113417171875 0.93522615625 0.12144565 0.9367114078125001 0.132697028125 0.9341515875 0.144636021875 0.9291043515625 0.1576429171875 0.9206036671875 0.16059310625 0.9186475625 0.1659787140625 0.9285127281250001 0.1683872390625 0.9303964265625 0.1738727140625 0.92927349375 0.180299334375 0.9349004078125001 0.188373890625 0.953374790625 0.153517240625 0.9563209671875 0.13162141249999998 0.9552462515625001 0.11879506875000001 0.9504525078125001 0.11176152343750001 0.9400802140625 0.113417171875
0 0.9809780531250001 0.189572321875 0.9817146343750001 0.193102540625 0.9892010640625 0.1982806984375 0.9908794953125 0.2045536578125 0.9946177593750001 0.19661168906249998 0.9965038906249999 0.1317895375 0.991313925 0.13932714531249998 0.9880175234375 0.1477359171875 0.98784853125 0.1610962125 0.9809780531250001 0.189572321875
0 0.9248060812500001 0.2504043984375 0.9176456921874999 0.2503314234375 0.9097849984374999 0.2593010421875 0.9045687703124999 0.285668234375 0.9063921562499999 0.306215734375 0.9113911734375 0.312461796875 0.9173923484375001 0.30638857656249996 0.9288995218749999 0.2664805359375 0.9248060812500001 0.2504043984375
0 0.9504533875 0.3278617953125 0.9556334874999999 0.3249385 0.96700794375 0.31096356875 0.9766435093749999 0.2697609859375 0.9768366859375 0.26478256718750004 0.9740232296875 0.2607452875 0.9602337625 0.26491704375 0.9572392203125 0.27004912187499996 0.9491613125 0.3116319953125 0.9487870484375 0.3257797734375 0.9504533875 0.3278617953125
0 0.8981936234375001 0.37792265468749997 0.9044845671875 0.3643818046875 0.9020574625 0.3503876875 0.896756590625 0.34741831562500003 0.8920957093749999 0.350468375 0.88631189375 0.3599450515625 0.8803471390625001 0.41460779687500005 0.8828224625000001 0.40934895156250006 0.8922408125000001 0.40075962656249997 0.8981936234375001 0.37792265468749997
0 0.9564528062500001 0.3641685859375 0.9540619765624999 0.36274728437500003 0.9487852890624999 0.3681597875 0.9408763734375001 0.39638236718750003 0.9414802375000001 0.4258456953125 0.9466603375 0.42292240156250005 0.9489303921875001 0.41845104062500005 0.9578414687500001 0.377909175 0.9564528062500001 0.3641685859375
0 0.0100488296875 0.387238384375 0.014770171874999998 0.40514301562500005 0.03296688125 0.381944934375 0.039052556249999995 0.369191565625 0.047673865625 0.3361173328125 0.048784709375 0.325499775 0.04668365 0.316610840625 0.0430491140625 0.315723490625 0.03175915625 0.323018278125 0.028788796875 0.3365322296875 0.0241400078125 0.343773228125 0.021205925 0.369859996875 0.0100488296875 0.387238384375
0 0.1120844875 0.39791065937500003 0.1163469203125 0.4006265015625 0.1293272546875 0.3677789 0.140097846875 0.32434063750000003 0.1386246859375 0.317280196875 0.13123484531250001 0.3096128296875 0.125040490625 0.32066446875 0.116286315625 0.3436551015625 0.11767497812500001 0.357395690625 0.11207239531249999 0.3937197203125 0.1120844875 0.39791065937500003
0 0.19264781875 0.374862284375 0.1891703328125 0.3924404125 0.1910419390625 0.3937349515625 0.2050969875 0.373713690625 0.21527595625 0.34101975 0.21586758125 0.3302754296875 0.2125228109375 0.32192045 0.2075358890625 0.3198653234375 0.199771784375 0.3263457328125 0.196250059375 0.3525682296875 0.1877453921875 0.3661270109375 0.19264781875 0.374862284375
0 0.256680925 0.413110725 0.26116072031250004 0.4192300234375 0.28048036718749997 0.3896053234375 0.2912751421875 0.3545489359375 0.289995159375 0.3425100765625 0.282726090625 0.340735375 0.2763022828125 0.3441926203125 0.2726798390625 0.34749620625 0.2711705484375 0.36387966562499996 0.2576951796875 0.404982378125 0.256680925 0.413110725
0 0.3357709484375 0.346985196875 0.332981675 0.35132979531249997 0.32876760781250003 0.3653777015625 0.3315810671875 0.36941498125 0.330989440625 0.3801593015625 0.3352760609375 0.391257021875 0.3349983859375 0.4029155875 0.33109826875000004 0.4178777421875 0.333803046875 0.42021329218750003 0.343728525 0.40755979218749994 0.3472301953125 0.398363540625 0.3503092359375 0.3865513125 0.35098535625 0.3691268453125 0.3494035140625 0.36036467499999997 0.34366791874999997 0.35058839062499997 0.3357709484375 0.346985196875
0 0.47499410937500003 0.3700869765625 0.47156484374999996 0.3684121421875 0.464416546875 0.37253010625 0.46039565624999995 0.3815995953125 0.4600576703125 0.40832018437500006 0.45350114374999995 0.43771054062500003 0.46673511718749994 0.42083920781249995 0.47690199218749996 0.3839543296875 0.47499410937500003 0.3700869765625
0 0.506195925 0.466490015625 0.5167372109375 0.45147407343749996 0.525249840625 0.41669810781249994 0.525322246875 0.40582702499999995 0.5212408984375 0.39394182187500004 0.5181255828125 0.39318123437499997 0.51357338125 0.397933021875 0.50196961875 0.4403302734375 0.502826971875 0.449753159375 0.4985042234375 0.462099340625 0.506195925 0.466490015625
0 0.567125515625 0.4361353859375 0.560774259375 0.46473825625 0.5608950312500001 0.4706309234375 0.5648435140625 0.4724325203125 0.5721849890625 0.4633361359375 0.5865056203125001 0.427465371875 0.5865780234375 0.4165942875 0.5845977359375001 0.41359802031250004 0.572257246875 0.41644833906249995 0.568429534375 0.4205394078125 0.5669926484375 0.42605177968749997 0.567125515625 0.4361353859375
0 0.61870945 0.47553241562500004 0.6287676453125 0.4369458078125 0.627197896875 0.432374578125 0.62273019375 0.43044621562499996 0.61476081875 0.4377141078125 0.6108486109375 0.44848532343749997 0.6088442859375001 0.473123890625 0.60657423125 0.47759525312499995 0.6134327609375 0.4809449203125 0.61870945 0.47553241562500004
0 0.6816314203125 0.4523649890625 0.6799408984374999 0.44190109375000003 0.6770308515625 0.44035302343750005 0.671947340625 0.44078710781249997 0.6684335796875 0.44579242187499996 0.6569384968749999 0.48989140156250005 0.6575181765625 0.5109728546875 0.663314084375 0.505687115625 0.6695084390625 0.494635478125 0.6816314203125 0.4523649890625
0 0.7544790140625001 0.4525607765625 0.7505305296875 0.45075917812500005 0.7391439828124999 0.4605431734375 0.7359562625 0.47065367187499996 0.73173025 0.5165273531250001 0.73755034375 0.519623490625 0.748308990625 0.508011003125 0.757715103125 0.459214028125 0.7544790140625001 0.4525607765625
0 0.8098906640625 0.4878667359375 0.81090491875 0.479738390625 0.8084054109375 0.47661535937500005 0.8003031734375 0.473799646875 0.7981297078125 0.47578180000000003 0.7847630171875 0.518586240625 0.78803538125 0.5378123046875001 0.7963066125 0.5272677234375001 0.8033220468750001 0.5130661562500001 0.8098906640625 0.4878667359375
0 0.8717501578125001 0.49208061875000003 0.8700717265625 0.4858076609375 0.8660145625 0.48230433437500003 0.86103973125 0.48444014687500003 0.8529013640625 0.5050683328125001 0.843652153125 0.5363140750000001 0.8448355484375 0.5508421453125 0.8592287296875 0.5401170078125 0.8700355984374999 0.5092515578125 0.8717501578125001 0.49208061875000003
0 0.920363734375 0.5449916046875 0.9252781062500001 0.5219011046875 0.926666625 0.49962498125000004 0.923225265625 0.4937592109375 0.91037765 0.500673703125 0.9067793921874999 0.5123591656250001 0.9048113421874999 0.54957055 0.9076248 0.5536078265625 0.9125030421875 0.553961225 0.920363734375 0.5449916046875
0 0 0.5422012140625 0.0087483546875 0.5125604484374999 0.00994369375 0.49526274375 0.007613181250000001 0.47877941718750006 0.0015878187500000002 0.4764707640625 0 0.47849499531250006 0 0.5422012140625
0 0.0734213046875 0.52081160625 0.0713445765625 0.5563212625 0.074773840625 0.55799609375 0.0805697484375 0.55271035625 0.086136203125 0.5398302234375 0.0975467875 0.5024113921875 0.095711309375 0.477672953125 0.0901206703125 0.482171209375 0.08160789375000001 0.4809304609375 0.07709196874999999 0.4982550609375 0.0781666828125 0.5110814031250001 0.0734213046875 0.52081160625
0 0.163656625 0.505150175 0.15469717968750002 0.5289282890625 0.1564118859375 0.5477740625 0.1633549140625 0.5444435796875 0.1693440015625 0.5341794203125 0.1776394140625 0.5320167140625001 0.17687865 0.52010461875 0.185198103125 0.49030707656250005 0.1823483703125 0.47369698437499996 0.166844346875 0.49503967812500005 0.156991271875 0.4968220921875 0.163656625 0.505150175
0 0.24384569374999998 0.49624957812500003 0.23547787343749998 0.509283371875 0.226916875 0.527295584375 0.23387199375 0.5281560390625 0.23429462499999998 0.5307720140625001 0.230213421875 0.5549035234375 0.22110902187499998 0.564407096875 0.22527486875 0.5696121484375001 0.225081690625 0.5745905687499999 0.22683252656250003 0.5699924421875 0.23564715937499997 0.5679564984375001 0.23823116406249997 0.5643993843749999 0.247299290625 0.542323 0.2572488046875 0.5020346640625 0.2542179875 0.49459392968750004 0.24384569374999998 0.49624957812500003
0 0.319989984375 0.5600700187500001 0.3234191015625 0.5257281390624999 0.322259890625 0.51958194375 0.31736955624999996 0.5150376078125001 0.307021446875 0.5250751328125001 0.30186553125 0.536380303125 0.30447371875 0.5412050625 0.30033220312500003 0.5803985968750001 0.312370834375 0.5808249671875 0.319989984375 0.5600700187500001
0 0.37914455468749997 0.5259316359375 0.3656690375 0.5310176375 0.36236054375000004 0.5352354703125 0.35713222187500004 0.5574117234375 0.355031309375 0.584539503125 0.3668767640625 0.58994429375 0.3699799875 0.58651394375 0.3788668796875 0.5375902046875 0.37914455468749997 0.5259316359375
0 0.43571662968749997 0.526693725 0.430017309375 0.5294902546875 0.4222773875 0.544352540625 0.4096351875 0.5864962640625 0.41401839531249995 0.595104771875 0.41888454687500004 0.59126723125 0.42961900937499997 0.57127286875 0.4388440375 0.53164525 0.43571662968749997 0.526693725
0 0.47027379687500004 0.604299328125 0.47586443437500003 0.599801071875 0.485029146875 0.5752354765625001 0.4886998125 0.5526789296875 0.4860916234375 0.54785416875 0.4803802109375 0.546459759375 0.4717829390625 0.551899159375 0.46849862968749995 0.5644988671875 0.4702978328125 0.5766644921874999 0.4662166296875 0.6007960031249999 0.47027379687500004 0.604299328125
0 0.5569711703125 0.5852613359375 0.5576351984375 0.5636459312500001 0.554821740625 0.559608653125 0.5506800796875 0.562785475 0.5403561531250001 0.581204875 0.534499934375 0.6015526359375001 0.537880978125 0.62248043125 0.5355264265625 0.6336319406250001 0.5524552453125 0.6025859359375 0.5569711703125 0.5852613359375
0 0.5999096125000001 0.649350728125 0.6095693609375 0.616530021875 0.6093036328125 0.5963628140624999 0.6055604171875 0.5937737359375 0.5998610984375 0.596570265625 0.5969631421875 0.5992131328125 0.5948380453125 0.6179590390625 0.5878467953125 0.64054248125 0.5940171140625 0.657125675 0.5999096125000001 0.649350728125
0 0.664606453125 0.5939503390625 0.6566975375 0.62217291875 0.6550071625 0.647725734375 0.6561663734375001 0.653871928125 0.6623004156250001 0.6578823125000001 0.676464 0.6035460671874999 0.6746768875 0.59557138125 0.664606453125 0.5939503390625
0 0.7253754296875 0.6163251125 0.722767240625 0.6115003515625 0.7145684140624999 0.61117385 0.7092314125 0.6316483749999999 0.70495703125 0.66075830625 0.7108013078125001 0.67223631875 0.7182514640625 0.6648416640625 0.7255203859375 0.6305996515625 0.7253754296875 0.6163251125
0 0.776431765625 0.61622626875 0.7698871859375 0.6137908484375 0.7625457109375 0.622887234375 0.7574260703125 0.646765215625 0.757812571875 0.6728250890624999 0.764671103125 0.676174753125 0.7731476046875 0.6648426890625 0.7790399546875 0.621051028125 0.776431765625 0.61622626875
0 0.8292716499999999 0.6952969984374999 0.8392211656249999 0.6550086625 0.8337874281250001 0.6419556859375 0.8258904578124999 0.6383524921875 0.8205050890625 0.6420632671875001 0.815578625 0.66096283125 0.8176675937500001 0.6656608265624999 0.817317515625 0.688190478125 0.8234636500000001 0.6963917984375 0.8292716499999999 0.6952969984374999
0 0.885021284375 0.703882371875 0.88946480625 0.6974288578125 0.8922178031250001 0.680511446875 0.892447109375 0.652089128125 0.89171053125 0.6485589078125 0.8823645828125001 0.6462771484375 0.8772931640625 0.6509021703125 0.8747212515625 0.6586502234375 0.8734535046874999 0.6868190125 0.877546946875 0.7028951515624999 0.885021284375 0.703882371875
0 0.7925645718750001 0.8128123374999999 0.7851748765625 0.8411616828125 0.78836274375 0.867067896875 0.7926130859375 0.8655928015625 0.797986365625 0.8576910890624999 0.8051586984375 0.8259382875 0.8022123765625 0.81181740625 0.7925645718750001 0.8128123374999999
0 0.8600509796875 0.8251007749999999 0.8581430984375 0.811233421875 0.8494250515624999 0.8107801562500001 0.84435363125 0.8154051765625001 0.8450902125 0.8189353968749999 0.8356599156250001 0.8593504984375 0.8427479 0.87029455625 0.8499806937500001 0.85949644375 0.8600509796875 0.8251007749999999
0 0 0.83439906875 0.005803353125 0.8225899734375 0.0183247796875 0.774553584375 0.017455334375 0.7609397625 0.008205978125 0.7561687921875 0 0.7669963 0 0.83439906875
0 0.0225143703125 0.6800903796875 0.025013875 0.6832134109375 0.026197271875 0.6977414796875 0.0354224453125 0.6941305734375 0.0526047546875 0.6430441265625 0.052266621874999995 0.63374800625 0.048716584375 0.62618050625 0.036798725 0.6316468000000001 0.03276574375 0.6365253515625 0.0269095234375 0.6568731140625 0.027163159375000002 0.67284938125 0.0225143703125 0.6800903796875
0 0.0878880671875 0.7873490796875 0.0802084578125 0.787149340625 0.07430386875 0.7907333515625 0.064957921875 0.78845159375 0.0638591734375 0.8032600875 0.0585945734375 0.8128635281250001 0.0645354390625 0.82185233125 0.055889943750000004 0.8465446890624999 0.0574717859375 0.855306859375 0.05585381406249999 0.8699885875 0.0616739078125 0.8730847234375 0.081307503125 0.8443742703125 0.08467630781249999 0.825094415625 0.0902548546875 0.8164052203125 0.0895061828125 0.8086840625 0.092283365625 0.8001485265625 0.09122074218750001 0.7915131234375 0.0878880671875 0.7873490796875
0 0.1023897828125 0.7423089578125001 0.1034403125 0.7467534234375 0.1180024890625 0.7226679921875 0.1237983953125 0.717382253125 0.1287369515625 0.7026736265625 0.1384571609375 0.6908076125 0.13605424375 0.68519536875 0.1380948421875 0.6731296140625 0.1364164125 0.6668566546875 0.1323592484375 0.6633533296875 0.12076743125 0.67392480625 0.11727785312500001 0.6873119984375 0.10942924999999999 0.700472553125 0.1023897828125 0.7423089578125001
0 0.19127256718750002 0.689463040625 0.179004628125 0.7174589874999999 0.1767466671875 0.7261212859375 0.17988616562499998 0.7352637484375 0.1726896484375 0.7586346734375 0.1835569765625 0.7487239125 0.1926371953125 0.7308384640625001 0.19926627187499998 0.7265937359375 0.1995439453125 0.7149351703125 0.2070544125 0.6924784890625 0.20721131406249998 0.6749272578125 0.202333071875 0.6745738609374999 0.192600771875 0.682248940625 0.19127256718750002 0.689463040625
0 0.1454371984375 0.8801335015625 0.16604891875 0.8667386 0.1721828140625 0.8347322703125 0.1698523015625 0.8182489437499999 0.16631435625 0.81487238125 0.16123084375000002 0.8153064656250001 0.1492284875 0.8274529093749999 0.1425149140625 0.838377784375 0.14744152187499998 0.8554949328125 0.1445798453125 0.870710615625 0.1454371984375 0.8801335015625
0 0.2264230140625 0.8236843890625 0.2147468484375 0.8769527265624999 0.21664263749999998 0.886629140625 0.22232986718749997 0.879641675 0.2330522375 0.8554563734375 0.24044193281249998 0.8271070281249999 0.23793033281249998 0.8197930578125 0.2264230140625 0.8236843890625
0 0.2740093640625 0.6644325140625 0.2718358984375 0.666414665625 0.26599176875 0.690953365625 0.259266103125 0.6976873046875001 0.2538686421875 0.6972071421875 0.25755154375 0.7148582421875 0.25497963125 0.7226062953125 0.25115191875 0.7266973640625001 0.2499444875 0.73980413125 0.255945665625 0.733730909375 0.26000283125 0.7372342359374999 0.27087015625 0.727323475 0.2883906015625 0.68553315 0.2903346140625 0.6759566046875001 0.28761774375 0.669430115625 0.2740093640625 0.6644325140625
0 0.32897434531249997 0.7247573390625 0.3205944328125 0.7336001953125 0.317913840625 0.7396465203125 0.3181312015625 0.743049975 0.3233113015625 0.74012668125 0.32872085625 0.7447977828125001 0.32864845 0.7556688671875 0.332089809375 0.7615346390625 0.3347824921875 0.75967925 0.3551646140625 0.7026732421874999 0.35239937656250003 0.679383003125 0.3485595734375 0.679283134375 0.339249903125 0.6895741875 0.32897434531249997 0.7247573390625
0 0.2843462625 0.8663043234375 0.28715971875 0.8703416 0.2877031234375 0.8788502406250001 0.28650778125 0.89614794375 0.2814847296875 0.9175367171875 0.2871719578125 0.9105492500000001 0.2950084671875 0.8931977546875001 0.30169785781249997 0.873891003125 0.30794043437499996 0.843586403125 0.3089305046875 0.82707618125 0.30632231718749997 0.8222514203125 0.2983408515625 0.8253283734375 0.29389733125 0.8317818875 0.2843462625 0.8663043234375
0 0.3616133390625 0.8876814296875001 0.37994276562499996 0.8385502406249999 0.38116229218750003 0.8296344109374999 0.37501615781250003 0.8214330921874999 0.3648733171875 0.830683134375 0.36160110156249997 0.8474737812500001 0.3482223203125 0.8860872828125 0.34875363125000003 0.8904049859375001 0.352182896875 0.8920798187500001 0.3616133390625 0.8876814296875001
0 0.38046169375 0.76664358125 0.3920293265625 0.747690228125 0.40391076249999996 0.693634409375 0.4019183828125 0.686447203125 0.3979698984375 0.6846456062499999 0.392789796875 0.6875689 0.3884549578125 0.6957241421875 0.37759986875 0.7458425515625 0.37877117031249996 0.7561796843749999 0.3766218890625 0.7665437125000001 0.38046169375 0.76664358125
0 0.4295058421875 0.7534895171875 0.437535675 0.7671763140625 0.44301763281250006 0.7609763296875001 0.4504436046875 0.7451998 0.4551647984375 0.7270877171875 0.4539572203125 0.704177771875 0.4443215078125 0.7093636421875 0.43915350000000003 0.7164778734375 0.43867055468749994 0.728923921875 0.43343014375 0.7469092390625 0.4295058421875 0.7534895171875
0 0.4122070578125 0.9075719718749999 0.40787222031250003 0.9157272140625 0.41005777656250003 0.9179360000000001 0.4142839359375 0.9080790296875 0.421130375 0.9072377578124999 0.42371437968750003 0.9036806437499999 0.43297568125 0.8766258375 0.43603053750000004 0.856431734375 0.4323839109375 0.8513534484375 0.4264672296875 0.85074651875 0.41894467031250004 0.8690122609375001 0.41196551406250004 0.895786640625 0.4122070578125 0.9075719718749999
0 0.4785463484375 0.9179051515625 0.48071981406250003 0.9159230015625001 0.48780765156249994 0.890850346875 0.49094700312499995 0.863976096875 0.48728828437500005 0.8547068718749999 0.48241004375 0.8543534734374999 0.47889628125000006 0.8593587890625001 0.47447694374999994 0.8741941765625001 0.47317292499999997 0.8897901546875 0.47552762031249995 0.9146553562499999 0.4785463484375 0.9179051515625
0 0.487155125 0.77258984375 0.47888389531250003 0.7831344265625 0.47735042187500004 0.791136009375 0.4803449640625 0.78600393125 0.4870827234375 0.7834609296874999 0.49022222187500003 0.7926033921875 0.5008842796875 0.7834801140625001 0.5039754109375 0.7758588234375 0.51484259375 0.7299313515625 0.512753625 0.72523335625 0.5085998703125 0.724219240625 0.5031058203125001 0.7262282890625 0.5003165468749999 0.730572884375 0.487155125 0.77258984375
0 0.5710391921875 0.7855312859375 0.5782839296875 0.7429074 0.5766054984375 0.7366344421875 0.5724517453125 0.7356203265625 0.5668611046875001 0.7401185828125 0.5538325515625 0.7922191453125 0.5554264843750001 0.8051722515625 0.5595802375 0.8061863671875 0.5652674656250001 0.7991989015625001 0.5710391921875 0.7855312859375
0 0.549920634375 0.875023784375 0.5475298078125 0.8736024828125 0.54141995 0.877973975 0.5312530718749999 0.9148588546875001 0.5316032984375 0.9283459140625 0.537954703125 0.935759753125 0.5455617593750001 0.9108138625000001 0.5508745765625 0.8819574625 0.549920634375 0.875023784375
0 0.5927383046875 0.9332205109375 0.5974233703125 0.938552328125 0.6068175375 0.9215811265625 0.61677914375 0.8854837296875001 0.6165134140624999 0.8653165218750001 0.61184044375 0.86417564375 0.6067690234375 0.8688006640625 0.5995604109375 0.8879806515625001 0.589719578125 0.9299707156249999 0.5902508890625 0.9342884171874999 0.5927383046875 0.9332205109375
0 0.613711903125 0.8294534703125 0.6270424625000001 0.8100929296875 0.6342872015625 0.7674690421875 0.6335385296875 0.7597478843750001 0.629783221875 0.75296786875 0.624494440625 0.754189434375 0.620775409375 0.7599822296875 0.6165613421875 0.7740301390625001 0.6160904921875 0.7906671249999999 0.6111882125 0.8179485640624999 0.613711903125 0.8294534703125
0 0.6685561109375 0.8838856296875001 0.66336391875 0.8826179859375 0.6573627421875 0.888691209375 0.6475581828125 0.9432540843749999 0.6559743703125 0.94698404375 0.663617703125 0.93461096875 0.672456375 0.9049401890625 0.6735672171875 0.89432263125 0.6685561109375 0.8838856296875001
0 0.67950970625 0.82491466875 0.6838566375 0.8209503625 0.689604178125 0.7989008734375 0.6947600953124999 0.7875957046875001 0.707981975 0.766533434375 0.7075593453125 0.763917459375 0.7011355359375 0.7673747078125001 0.6920914484375 0.7618162546875 0.6878411046874999 0.76329135 0.6757544 0.818134653125 0.6757664906249999 0.8223255890625 0.67950970625 0.82491466875
0 0.7383606484375 0.8364330328125 0.74339579375 0.8192351984374999 0.7470543640625 0.7924877140625 0.7443374953124999 0.785961225 0.7363560296875 0.789038178125 0.7251507140625 0.8256695281249999 0.7210695140625 0.8498010390624999 0.72284453125 0.853584790625 0.72730014375 0.8513222125000001 0.7383606484375 0.8364330328125
0 0.700180559375 0.9829046453125001 0.7050708921875 0.98744898125 0.7152861359375 0.9673278515625 0.7193673390625 0.943196340625 0.7163123375 0.92737373125 0.709345125 0.9223223375 0.7062419015625 0.9257526890625 0.7013154375 0.9446522515625 0.7013517140625 0.9572250640625001 0.6982847671875 0.97322823125 0.700180559375 0.9829046453125001
0 0.755155684375 1 0.7619555546875 0.993798671875 0.7734627281249999 0.95389063125 0.7728227359375001 0.9478712015624999 0.768656890625 0.9426661484375 0.7607720140625001 0.9432538906250001 0.75673903125 0.948132440625 0.7476226859375 0.9894617875 0.753401328125 1 0.755155684375 1
0 0.8233896234375001 1 0.8254692953125 0.9959036375 0.8359501234375 0.959933003125 0.8369401921874999 0.94342278125 0.8340180546875 0.9376837765625 0.828113465625 0.9412677859375 0.823983896875 0.9486355468750001 0.8128027640625 0.9936487703125 0.8141279484374999 1 0.8233896234375001 1