0 0.9660831249999999 0.107820028125 0.9654739015624999 0.1270196171875 0.9661186265625 0.15090865625 0.9859802359375 0.1682229234375 0.9864715078125 0.1597881046875 0.9832330046875001 0.1542136640625 0.9796498046875 0.137078103125 0.984090725 0.09578900312500001 0.978956984375 0.08779596875 0.970572140625 0.0919240234375 0.9660831249999999 0.107820028125
0 0.9031006093749999 0.0879942546875 0.89768630625 0.1022975609375 0.8959445234375 0.132202825 0.9032288703125 0.155709175 0.9072873078124999 0.155945553125 0.9093004953125 0.1475993765625 0.91585079375 0.1487502921875 0.9163420671875 0.140315471875 0.91237295 0.13854549375 0.9098203953124999 0.1299333921875 0.91563665 0.1087288703125 0.915559921875 0.0925669421875 0.911903434375 0.08542935 0.9073823531249999 0.084396621875 0.9031006093749999 0.0879942546875
0 0.8209012078125 0.07474325312499999 0.8156976140625 0.10290808437500001 0.8187288468749999 0.12078089843749999 0.8224299953124999 0.12715168906250002 0.8292929234375 0.1229349921875 0.8329620078125 0.11237705312499999 0.8390943265624999 0.111964815625 0.8347644843750001 0.09016935000000001 0.83710633125 0.084919928125 0.837134959375 0.07568876249999999 0.8330158296875 0.06775482187500001 0.82853940625 0.0659552921875 0.8209012078125 0.07474325312499999
0 0.955938178125 0.22956420624999999 0.9521671765624999 0.25935128125 0.954975103125 0.2810581046875 0.9669271125 0.28560124375 0.970656890625 0.28274086875000004 0.9736205546875001 0.240596325 0.97146995 0.22508300781249999 0.9613238562499999 0.2244920671875 0.955938178125 0.22956420624999999
0 0.900788540625 0.20634763125000002 0.8977286796874999 0.19770598281250001 0.8893884984374999 0.2010672390625 0.884972771875 0.206965271875 0.8788278578125001 0.22507304218750002 0.8768467375 0.25034795 0.8826538296875001 0.2729988578125 0.8846383890625 0.2738838453125 0.8869355734375001 0.2694012265625 0.8870088640624999 0.2594032578125 0.891185253125 0.24887486406249998 0.893511065625 0.2351610765625 0.8983001156249999 0.2315929921875 0.9031498578124999 0.235722471875 0.9034624843750001 0.230354859375 0.9005973015625001 0.2271103703125 0.8990146921875001 0.219324165625 0.900788540625 0.20634763125000002
0 0.8114222203124999 0.198979534375 0.807992475 0.21416783125 0.8086211656250001 0.22959250468749998 0.8066240125 0.24640304687499998 0.8105805328125 0.265868559375 0.8120577843750001 0.266724003125 0.8176221046875 0.25858465625 0.82191644375 0.2372914921875 0.8297493203125 0.23390069218749998 0.8288080015625001 0.22384362812499997 0.8236868546875 0.19815506249999998 0.8162559296874999 0.1946446484375 0.8114222203124999 0.198979534375
0 0.9495676718749999 0.34768120625 0.94705061875 0.382157734375 0.9520503765624999 0.39245117343749997 0.9610318453125 0.3868190625 0.9655082671875 0.38861859062500004 0.969068559375 0.344969990625 0.9665606640625001 0.3355910875 0.9646654296875001 0.33317249531250004 0.95645923125 0.3342333421875 0.9495676718749999 0.34768120625
0 0.877884253125 0.31119120312500004 0.8730253515624999 0.350917153125 0.8781590906250001 0.3589101859375 0.8827122375 0.3768716453125 0.88832121875 0.3679654953125 0.89716526875 0.338473890625 0.8963258671875 0.30918769375 0.8875516703124999 0.30252143125000003 0.8824786234375 0.3022259609375 0.877884253125 0.31119120312500004
0 0.7998933046875 0.30434053906249997 0.792912425 0.3193220078125 0.79270515 0.3316203796875 0.7893200671875 0.3460418765625 0.7951397578125 0.35099725 0.796961703125 0.3634138140625 0.8026313765624999 0.362205228125 0.8126240203125 0.3304723140625 0.80965348125 0.3202970625 0.81138266875 0.3080873296875 0.8092480953125 0.30103837968749997 0.8041750484374999 0.3007429078125 0.7998933046875 0.30434053906249997
0 0.7433442765625 0.0779201046875 0.743603084375 0.117174725 0.7487814859374999 0.1244009578125 0.7504247875 0.139884725 0.7563017328125 0.12637776875 0.7562250078125 0.11021583906250002 0.7615499890625 0.09744613437500001 0.7618912453125 0.0828473578125 0.7594280109375 0.072701653125 0.7634990453125 0.055242496875000005 0.7512344093750001 0.0560669703125 0.7466846984375 0.0642654109375 0.7433442765625 0.0779201046875
0 0.734839196875 0.18898815468750002 0.7305288234375 0.20181695312499998 0.7284297515625 0.2378566296875 0.73693598125 0.2491237015625 0.7384899609375 0.2661410734375 0.7435756046875001 0.24874101249999997 0.7483199921875 0.24593972968750002 0.7496918890625001 0.23986441093750002 0.7491971828125 0.22213933125000002 0.7469286234375 0.21739078437499998 0.7475985390625 0.20588876093750003 0.7526555562499999 0.1977198671875 0.7531914890625 0.1885182484375 0.748743696875 0.1774875546875 0.7441332921875 0.17798843125 0.734839196875 0.18898815468750002
0 0.7248854921875 0.28996959375000003 0.7229169671875 0.29754896875000003 0.71965326875 0.3273655921875 0.7249530578125001 0.349986953125 0.7292508343749999 0.3548536875 0.7294008515625 0.3610176484375 0.7323839859375 0.353497365625 0.731576646875 0.3411398984375 0.7364996796875001 0.335271409375 0.734856378125 0.319787640625 0.7408226484375 0.3047470796875 0.740806615625 0.29628271562499997 0.73858271875 0.290767365625 0.7297192015625 0.285634709375 0.7248854921875 0.28996959375000003
0 0.6644727406250001 0.306455425 0.6617484124999999 0.353230325 0.6651048671875001 0.348039996875 0.6715211859375 0.3514913171875 0.67334313125 0.3639078796875 0.677072909375 0.3610475046875 0.678355484375 0.3565057875 0.675100946875 0.34246698124999997 0.67563688125 0.3332653609375 0.68270708125 0.31675029062500004 0.6807671859375 0.3150984984375 0.6812584578124999 0.30666368125 0.6839289640625 0.3045110109375 0.68263035625 0.3005883609375 0.6736614828125 0.288524940625 0.6687384515625 0.29439342968750004 0.6644727406250001 0.306455425
0 0.6723960515625 0.1861206578125 0.6703256078125001 0.2129291671875 0.67358014375 0.22696797656249998 0.6759826875 0.2294161171875 0.679071175 0.228826596875 0.6872006484375001 0.2116038203125 0.6874972421875001 0.19777184375 0.6907036828125 0.18641755468750001 0.689149703125 0.16940018125 0.684210640625 0.16680430468750002 0.680525521875 0.16889788125 0.6723960515625 0.1861206578125
0 0.6871353671875 0.0554112375 0.68246770625 0.074374446875 0.6804705515625 0.0911849890625 0.6811885671875 0.1050760609375 0.6915007109375 0.12029532968750001 0.693574590625 0.119646715625 0.6932298984374999 0.108085596875 0.6966756765625 0.101361665625 0.7000893890625 0.077709003125 0.698417459375 0.07145640156250001 0.700548596875 0.052345453125 0.6969367703125 0.0444410609375 0.69219238125 0.04724234375 0.6871353671875 0.0554112375
0 0.6860509046875001 0.0915100078125 0.6901540046875 0.0909795828125 0.69236186875 0.088030565625 0.6916152234374999 0.0833706609375 0.6850202624999999 0.0829865484375 0.6837376859375001 0.087528265625 0.6860509046875001 0.0915100078125
0 0.6161252 0.0772789765625 0.615292671875 0.1003125734375 0.620011865625 0.1329023546875 0.621055103125 0.12373028281250001 0.6271553562500001 0.1063893171875 0.6303778296875 0.1034993921875 0.63181958125 0.061266207812499994 0.6294010078125 0.0503537015625 0.6208821828125 0.0567821625 0.6161252 0.0772789765625
0 0.619872259375 0.161518215625 0.6135487000000001 0.182693190625 0.6107923078125 0.21253935937500001 0.6069892390625 0.22539770468749998 0.6110030171874999 0.2264008828125 0.6184018796874999 0.2129825671875 0.6242055359375 0.20947357812499998 0.6270386546875 0.1957893375 0.6328709421875 0.1830491796875 0.632854909375 0.174584815625 0.6282571015625 0.1573901609375 0.62313939375 0.1578614890625 0.619872259375 0.161518215625
0 0.6093379609375 0.272468078125 0.6073854671875 0.28851181718749996 0.6160451499999999 0.3321027453125 0.6278185140625 0.33971309375000003 0.6323521921874999 0.3230502859375 0.626159178125 0.3157649578125 0.622990528125 0.2740326515625 0.6164688546875 0.263650571875 0.6127837390625 0.2657441453125 0.6093379609375 0.272468078125
0 0.5899401421875 0.3782852796875 0.5895862890625 0.4105795890625 0.5950647234375 0.4301337453125 0.59704928125 0.431018734375 0.600137771875 0.430429215625 0.60352285625 0.4160077203125 0.6077152765625 0.41394369218750005 0.6152355265625 0.4159205015625 0.6124596640625 0.411142409375 0.6064166671875 0.4100210421875 0.60247618125 0.39901989531250004 0.603532015625 0.372152290625 0.5989055796875 0.364188803125 0.594847140625 0.3639524265625 0.5899401421875 0.3782852796875
0 0.5561476875 0.2855275578125 0.5517353968750001 0.3175854890625 0.5539306640625 0.3323320046875 0.5563332046875 0.3347801453125 0.562210153125 0.3212731859375 0.5631033750000001 0.305937153125 0.56714578125 0.297709165625 0.569337609375 0.2862957828125 0.5686802906249999 0.280102275 0.5650238015625 0.27296468281249997 0.5619799750000001 0.2727874 0.5561476875 0.2855275578125
0 0.55656795625 0.19091548281249998 0.5558854453125 0.2201130390625 0.5598992203125001 0.22111621874999998 0.5691486578125 0.210883296875 0.5748148953125 0.183514815625 0.5756027625 0.16124802031250002 0.5671125671875 0.1584453140625 0.559997703125 0.1757271859375 0.55656795625 0.19091548281249998
0 0.56513029375 0.061385100000000005 0.5616272578125 0.086571365625 0.5625846109375 0.1050927921875 0.5666430499999999 0.1053291703125 0.5757585015625 0.0973966546875 0.57659103125 0.07436305625 0.580572740625 0.058437504687499996 0.57903479375 0.0498844984375 0.573543765625 0.0480258765625 0.5708732578125 0.050178546874999994 0.56513029375 0.061385100000000005
0 0.5169489375 0.0408825890625 0.51416391875 0.079959925 0.5187777578125 0.105618946875 0.5225968578125 0.1012249671875 0.5222521640625 0.089663846875 0.5266965203125 0.07453464531250001 0.531022925 0.0701702109375 0.5274843890625001 0.0522678484375 0.5287955921874999 0.038494965625 0.526482375 0.034513223437500004 0.5189174640625 0.033303214062499996 0.5169489375 0.0408825890625
0 0.474156696875 0.0414678375 0.47054830625 0.059723340624999996 0.4703284375 0.089717246875 0.47200036718750005 0.095969846875 0.47687873593749996 0.0908681609375 0.47833995937499996 0.0832592390625 0.48441158125 0.0751494390625 0.4873626515625 0.0507004265625 0.4856746890625 0.035983459375 0.483361471875 0.032001715624999996 0.47925837343750005 0.032532140625 0.474156696875 0.0414678375
0 0.4173225328125 0.029694192187500003 0.412310178125 0.0370962828125 0.4099843640625 0.050810073437500006 0.4092411578125 0.072310065625 0.41351030624999996 0.0864079671875 0.422402453125 0.0823094578125 0.4261734546875 0.052522382812500004 0.42429081562500004 0.0324082578125 0.42147029218750004 0.028396965625 0.4173225328125 0.029694192187500003
0 0.50330449375 0.17027305937499998 0.49538573125 0.20135736093749998 0.49628239062499996 0.2121812265625 0.4998942171875 0.22008561875 0.50459394375 0.2180511390625 0.506785775 0.2066377546875 0.5153939234375 0.1986756921875 0.5161085 0.186406865625 0.5205688890625 0.179742028125 0.52026885625 0.16741410625 0.51632836875 0.156412959375 0.5118519484374999 0.1546134328125 0.50330449375 0.17027305937499998
0 0.483750925 0.280541521875 0.48211449531249995 0.3173775484375 0.48933815 0.333186334375 0.49229265624999996 0.33489722187500004 0.4967083828125 0.3289991859375 0.502329959375 0.30239750625 0.5066563640624999 0.29803307343749996 0.4998346609375 0.275323071875 0.50101188125 0.26385059375000003 0.4978180375 0.2575093484375 0.49205904062499994 0.2602515390625 0.483750925 0.280541521875
0 0.43933361406250004 0.28103211875 0.4401569828125 0.301853953125 0.4477825859375 0.3107615265625 0.4495724671875 0.30624935625 0.4483024875 0.293095540625 0.4517162 0.269442878125 0.45547460624999997 0.257351334375 0.45477262500000004 0.251924628125 0.44734169843749994 0.2484142140625 0.445133834375 0.2513632328125 0.43933361406250004 0.28103211875
0 0.44983584531250004 0.1531535265625 0.4497659921875 0.18931139375 0.45167726249999995 0.20019435312499997 0.45745229062500004 0.2059165296875 0.461121375 0.1953585890625 0.4632364796875 0.167783278125 0.461832515625 0.156929865625 0.45822068906249996 0.14902547187499998 0.45328162499999997 0.1464295953125 0.44983584531250004 0.1531535265625
0 0.3974941359375 0.15164377499999998 0.39557370625 0.184616246875 0.4027527015625 0.2011918375 0.4093888859375 0.17464925 0.4109520265625 0.14781119375000001 0.4064149125 0.13831410156249999 0.4024904578125 0.1357773203125 0.3974941359375 0.15164377499999998
0 0.3873743828125 0.2379968890625 0.3854253265625 0.280200528125 0.386545290625 0.287190384375 0.3899177796875 0.2904644203125 0.396094759375 0.289285384375 0.3992210375 0.23560926875 0.3969524796875 0.23086072343750003 0.3928493796875 0.231391146875 0.3873743828125 0.2379968890625
0 0.32794643749999997 0.2445378453125 0.324338046875 0.2627933484375 0.3240861140625 0.2758585234375 0.330205834375 0.29314181875 0.3392285296875 0.2605830078125 0.342492228125 0.230766384375 0.3370458578125 0.22814096250000002 0.33327141875 0.231768140625 0.32794643749999997 0.2445378453125
0 0.3334271578125 0.1679167734375 0.333787884375 0.1879422578125 0.3429800625 0.196171671875 0.34565056875 0.194019 0.35176341875 0.1589825015625 0.3529853 0.1467432234375 0.3512240484375 0.142024225 0.3449863765625 0.1355056984375 0.339734684375 0.138277434375 0.3334271578125 0.1679167734375
0 0.3572212328125 0.0215772734375 0.3510316578125 0.04045184375 0.3481538796875 0.054902884375 0.3490505359375 0.06572675 0.3530963796875 0.08365865781250001 0.3568868515625 0.0884958453125 0.36382306875000003 0.0742811796875 0.36259775 0.060360562500000006 0.3690106296875 0.037651984375 0.37177045937500003 0.0339657109375 0.371486459375 0.03010215625 0.3662473640625 0.015178359375 0.3616369609375 0.0156792359375 0.3572212328125 0.0215772734375
0 0.2870345359375 0.020566975 0.2849801234375 0.05583985 0.294934978125 0.07719353125 0.3039416390625 0.0361703546875 0.303223625 0.022279282812500002 0.2954033453125 0.007974553125 0.2906589578125 0.0107758359375 0.2870345359375 0.020566975
0 0.279738740625 0.137091278125 0.27671094531249996 0.14537835937500002 0.27390989062500004 0.1759913296875 0.276657125 0.19000059062500002 0.281730171875 0.1902960609375 0.285951221875 0.179000865625 0.291780071875 0.1401008125 0.2905261234375 0.13541136250000002 0.2840651453125 0.13272684375 0.279738740625 0.137091278125
0 0.27283851718749996 0.232864740625 0.2686174671875 0.24415993593750002 0.264964415625 0.263182240625 0.266607715625 0.2786660109375 0.27021954375 0.2865704046875 0.2779184375 0.2854800078125 0.28219674375000003 0.2557224796875 0.2823879859375 0.234959740625 0.281641340625 0.2302998359375 0.27661295625000004 0.2292375640625 0.27283851718749996 0.232864740625
0 0.2188312578125 0.2389520109375 0.21379027499999997 0.2555852703125 0.20876532343749998 0.2806828953125 0.2147064 0.30103339687499997 0.22595299062500002 0.2739899328125 0.23036528125000003 0.2419320015625 0.2271714390625 0.2355907578125 0.22209838906249998 0.23529528437499997 0.2188312578125 0.2389520109375
0 0.2159431671875 0.1749233625 0.2234508203125 0.1945957046875 0.2288971890625 0.1972211265625 0.2338202203125 0.191352640625 0.24297689843749998 0.15649342500000002 0.24342350937499999 0.14882540625000001 0.2411996125 0.1433100609375 0.23251473749999998 0.13511019375 0.2248765390625 0.1438981546875 0.2159431671875 0.1749233625
0 0.23969258125 0.029350662500000003 0.2402193546875 0.06400447031249999 0.246562384375 0.077453759375 0.2519480578125 0.07238161875 0.25389711406250004 0.030177982812499997 0.25259850625 0.026255332812499997 0.243317003125 0.0195595234375 0.23969258125 0.029350662500000003
0 0.18224575781250002 0.010616709375 0.177517403125 0.021882356250000002 0.1737750296875 0.042438265625 0.1803001390625 0.07898024218750001 0.1877596921875 0.073259490625 0.1886242875 0.067154625 0.19193608125 0.062731096875 0.20157487187499998 0.06329249218750001 0.20138019687500003 0.057895334374999996 0.19454589375 0.0528808640625 0.19378321874999999 0.0397565953125 0.194960440625 0.028284117187500003 0.199599475 0.018552075 0.1975542203125 0.0099695203125 0.1886460421875 0.0056036625 0.18224575781250002 0.010616709375
0 0.127428215625 0.016656784375 0.122062009375 0.0563531875 0.1248699359375 0.07806001093750001 0.1282263921875 0.07286968125 0.1365219140625 0.07027523125 0.138222471875 0.0672966640625 0.1403375765625 0.0397213515625 0.1440959828125 0.027629809374999998 0.143572646875 0.019135896875 0.1393034984375 0.0050379953125 0.132574553125 0.006954287500000001 0.127428215625 0.016656784375
0 0.1628674078125 0.15105817500000002 0.1616043015625 0.19022415312500002 0.1652607890625 0.1973617453125 0.1716164140625 0.1931155 0.1792832421875 0.1750963734375 0.1822789734375 0.1498805609375 0.17778651875 0.13961666875 0.1712808796875 0.1376989515625 0.1628674078125 0.15105817500000002
0 0.11867120312499999 0.14079001093750002 0.11533421562499999 0.1806046 0.12154325937499999 0.19635429531249998 0.1253783921875 0.2004246796875 0.12749693281250002 0.1990092640625 0.1313 0.18615091875 0.1361589015625 0.14642496875 0.13494961562500002 0.140968715625 0.12368355625 0.1333879171875 0.11995377968750001 0.13624829375 0.11867120312499999 0.14079001093750002
0 0.156314821875 0.24608248437500002 0.15804744531249998 0.2600326484375 0.1567522734375 0.28226989687500004 0.162766640625 0.29262243125 0.1634686234375 0.2980491375 0.1740704890625 0.24711663437500003 0.1716072546875 0.2369709296875 0.16827942499999998 0.2329300921875 0.16260975312499998 0.23413867656249998 0.156314821875 0.24608248437500002
0 0.1040357421875 0.24349740468749997 0.1002361109375 0.28251564687499997 0.1009827546875 0.28717555 0.10481788593750001 0.29124593593750003 0.1139905953125 0.2648510859375 0.115091090625 0.23721667968750001 0.111897246875 0.23087543593749998 0.1093160625 0.23149450312500003 0.1040357421875 0.24349740468749997
0 0.9506554859375 0.4408423109375 0.9471043531250001 0.44063548125 0.9425993046875 0.44806711874999994 0.9404967953125001 0.45794689999999993 0.9386210281249999 0.49015257031250004 0.9403983140625 0.50333593125 0.950085203125 0.529290425 0.959602603125 0.5144566921875 0.9545868140625 0.49569888593749994 0.9595671015624999 0.471368065625 0.9574771906249999 0.46355231249999995 0.9587437328125 0.45054623125 0.9506554859375 0.4408423109375
0 0.8602476859375001 0.4217274046875 0.8572840203125001 0.46387194843749996 0.8594220296874999 0.49708079375 0.8640770953124999 0.49581311718750004 0.8653150109375 0.492038203125 0.8708758953125001 0.45773895937500003 0.8761562156249999 0.44573605625 0.8749595234375 0.4225842703125 0.8725856125 0.4109049640625 0.8636488046874999 0.41577027343750006 0.8602476859375001 0.4217274046875
0 0.7898949390625 0.40608878125 0.787285125 0.4159390140625 0.7869312734375 0.448233325 0.7937976375 0.470176525 0.7958715171875 0.4695279109375 0.7978686703125 0.45271736875 0.8048655828125 0.4462002671875 0.8011335140625 0.4316207125 0.805621384375 0.40700474218749993 0.80048764375 0.3990117078125 0.7953699359375 0.3994830359375 0.7898949390625 0.40608878125
0 0.7145012078125 0.4070834171875 0.7140133734375 0.44167813125000005 0.7228356671875 0.4737374890625 0.7286839859375001 0.46946169531250004 0.73014520625 0.461852775 0.729975721875 0.421064553125 0.7334054671875 0.4058762546875 0.73109225 0.4018945109375 0.72628716875 0.3969982296875 0.7191849015625 0.3965845703125 0.7145012078125 0.4070834171875
0 0.6601589062500001 0.3962243078125 0.6561611640625 0.40368549531250003 0.6516721453125001 0.41958149999999994 0.6510022296875 0.431083525 0.65148090625 0.4403442390625 0.6567646625 0.4545012328125 0.6598978125 0.4531449125 0.6607463734375 0.43857568125 0.663908153125 0.42798819374999997 0.6710390484375 0.4191706875 0.6736488625 0.40932045625 0.6773786390625001 0.40646007968750003 0.677675234375 0.3926281015625 0.6764212875 0.38793865156249996 0.6682150890624999 0.3889995 0.6601589062500001 0.3962243078125
0 0.537793109375 0.3821726875 0.536201340625 0.4182419125 0.54324635 0.43711790625 0.5459134203125 0.40880533906250005 0.55343023125 0.3846222515625 0.552444253125 0.3753319890625 0.547176528125 0.369639359375 0.5435807328125 0.3701993328125 0.537793109375 0.3821726875
0 0.48754130937499995 0.38847868750000003 0.4844241921875 0.3982993734375 0.48195179687499995 0.43200909843749996 0.487101571875 0.44846649843749997 0.4953524296875 0.446638846875 0.49505239999999995 0.43431092656250003 0.4985875 0.4260533921875 0.50049189375 0.38461655625 0.4977606953125 0.3790716625 0.49471686562499995 0.3788943796875 0.48754130937499995 0.38847868750000003
0 0.425800146875 0.391037896875 0.4282668171875 0.4273434984375 0.432251965625 0.43757784375000003 0.4363550640625 0.43704741875 0.43818960625000003 0.43176845 0.440812015625 0.4042226859375 0.443884471875 0.3951688 0.44419709999999996 0.3898011890625 0.4419285421875 0.38505264375000003 0.43158777343750004 0.37906454218749996 0.428917265625 0.38121720937500003 0.425800146875 0.391037896875
0 0.3847531234375 0.387877778125 0.38256472812500003 0.42545105781250003 0.38575857343750003 0.43179230156250004 0.3929501609375 0.4306723578125 0.39220351875000004 0.42601245312499997 0.3976017921875 0.4032447796875 0.3972124359375 0.3924504640625 0.39212335625 0.383690628125 0.387512953125 0.384191503125 0.3847531234375 0.387877778125
0 0.336961121875 0.37816958437500003 0.3323667515625 0.3871348265625 0.3309696609375 0.428601209375 0.3333435734375 0.44028051718750005 0.337044721875 0.44665130781249995 0.343741603125 0.4278062859375 0.346242625 0.3848653921875 0.3445260328125 0.3793795921875 0.3400496125 0.377580065625 0.336961121875 0.37816958437500003
0 0.26146203749999997 0.3722334578125 0.25569388125 0.41883107500000005 0.262036909375 0.4322803640625 0.2682138890625 0.4311013265625 0.2778171765625 0.38857409375 0.2778904671875 0.37857612500000004 0.2704435078125 0.3666013453125 0.26634040937500003 0.36713176875000003 0.26146203749999997 0.3722334578125
0 0.2072857859375 0.376002675 0.2058245640625 0.383611596875 0.2043954078125 0.40814925156250004 0.206590675 0.42289576562500003 0.21099380625 0.4346932609375 0.21958592187499998 0.4182668328125 0.22001306406249999 0.375974553125 0.2186251328125 0.37358550625000003 0.21046359531249997 0.373879553125 0.2072857859375 0.376002675
0 0.1519288734375 0.365084475 0.1485724171875 0.370274803125 0.145098009375 0.38622990156250003 0.1458480890625 0.417049703125 0.15574225 0.4307058203125 0.16106723125 0.41793611718749996 0.16183906718750002 0.3872049578125 0.1605083921875 0.36635357812499997 0.15662859843750002 0.36304999375 0.1519288734375 0.365084475
0 0.09136836875 0.38233110312499996 0.0890585859375 0.40450925781249997 0.093551040625 0.41477315 0.0980721203125 0.41580587500000005 0.1018019 0.4129455 0.110913915625 0.3788530859375 0.1110765265625 0.3673215140625 0.10146636718749999 0.35752894999999996 0.0966326578125 0.3618638359375 0.09136836875 0.38233110312499996
0 0.9280719328125 0.611873209375 0.924090221875 0.627798759375 0.9232737249999999 0.659296721875 0.9309439890625001 0.6674374921874999 0.9319746328124999 0.6759609531249999 0.9342557843750001 0.663013965625 0.9327178390625 0.6544609593749999 0.945575665625 0.6259725328125 0.9441717015625001 0.6151191218750001 0.9455436 0.6090438015624999 0.9411404703124999 0.59724630625 0.9350081515625 0.5976585421875 0.9280719328125 0.611873209375
0 0.8466478046875 0.5940509453125 0.8460259828125001 0.630946065625 0.8472959624999999 0.6440998812500001 0.8509971125 0.6504706703124999 0.8545929078125001 0.6499107000000001 0.863108296875 0.617322340625 0.8616596718749999 0.6072357312500001 0.8663880265625 0.595970084375 0.867370571875 0.579100446875 0.8592983562500001 0.5778608921874999 0.8555525453125 0.572256903125 0.8466478046875 0.5940509453125
0 0.7654504171875 0.59855456875 0.7723293765625 0.6028022375 0.77474795 0.61371474375 0.780060334375 0.618640571875 0.7871305343749999 0.6021255015625 0.78597850625 0.5782069140625 0.7944526703125 0.57254525625 0.786051796875 0.5682089453125 0.7782601437500001 0.54467305 0.770816621875 0.5588581671874999 0.769626803125 0.5880261765625 0.7654504171875 0.59855456875
0 0.7021358046875 0.54947214375 0.6993507828125 0.5885494812500001 0.7010994390625 0.6109640125 0.702398046875 0.6148866609375 0.7097843140625 0.6191638765625 0.7100236515625 0.6237942328125 0.7113062265625001 0.61925251875 0.7166025796875 0.61571398125 0.7111401796875 0.60462419375 0.71450923125 0.5817383328125 0.7156578234375 0.579497021875 0.722208125 0.5806479359375001 0.7197288578125 0.562037865625 0.7159670171875 0.5479695125 0.707058834375 0.5436036578125 0.7021358046875 0.54947214375
0 0.6352769328125001 0.5525026828125 0.6283281171875 0.5844128828125 0.6291514859375 0.605234715625 0.6401782093749999 0.60818515625 0.6479022953125 0.571703696875 0.65167673125 0.56807651875 0.6503174296875 0.5564563046875 0.6438850796875 0.5445406203125 0.638126084375 0.5472828078124999 0.6352769328125001 0.5525026828125
0 0.5815919515625 0.547837084375 0.575316490625 0.5944051531250001 0.577122403125 0.598357353125 0.5894317015625 0.596766078125 0.5954712609375 0.5717275484375001 0.5972290765625 0.5502866484375 0.595467825 0.5455676515625 0.58475373125 0.537249596875 0.5815919515625 0.547837084375
0 0.5290185671875001 0.52586320625 0.5257709015625001 0.56414419375 0.5296380984375 0.585143309375 0.5329212671875 0.58995095 0.539410871875 0.5834043 0.5403006578125 0.5419083703124999 0.537642746875 0.52636550625 0.5333003109375001 0.522265575 0.5290185671875001 0.52586320625
0 0.477712428125 0.5310151515625 0.4744326984375 0.5523674078125 0.475540065625 0.5770527984375 0.47928587812499995 0.5826567859375 0.4839856046875 0.5806223046875 0.48735465624999996 0.5577364453125 0.4925456546875 0.5472671453125 0.49326023125 0.5349983203125 0.487067221875 0.5277129921875 0.48148686874999996 0.5273879734375 0.477712428125 0.5310151515625
0 0.4120754390625 0.5218064124999999 0.4063485078125 0.5414773312500001 0.4053659625 0.5583469671875 0.41160707343749997 0.591025390625 0.41273963281250003 0.5803197140624999 0.42192837499999997 0.562389228125 0.42258225937500005 0.542422840625 0.41862574218750004 0.5229573265624999 0.4158052171875 0.5189460359375 0.4120754390625 0.5218064124999999
0 0.349562440625 0.55509678125 0.34870128437500003 0.5873615453125 0.35176114687500004 0.59600319375 0.3622038359375 0.582762159375 0.3624843984375 0.56046581875 0.366048128125 0.5429771156250001 0.364197553125 0.5397917203125 0.359855115625 0.5356917875 0.35570735625 0.5369890140625 0.349562440625 0.55509678125
0 0.2897039171875 0.577770115625 0.29643286406249997 0.575853825 0.299282015625 0.5706339500000001 0.3052322515625 0.547129021875 0.30633274843749997 0.5194946171875 0.29673861874999996 0.51816641875 0.292785534375 0.5248608046875 0.2897039171875 0.577770115625
0 0.2404408796875 0.5356613265625 0.23699853750000002 0.56854515625 0.2415803125 0.5772754453125 0.250233121875 0.568546578125 0.25488475 0.541119003125 0.2560459390625 0.5211821609375 0.2485256890625 0.51920535 0.24475125156250002 0.522832528125 0.2404408796875 0.5356613265625
0 0.194770365625 0.5122274453125 0.1872856171875 0.5533392609375001 0.1916440875 0.5659035593749999 0.198835675 0.5647836171875 0.20681513125 0.541396878125 0.2091695734375 0.5184519234375 0.20518442656250002 0.508217578125 0.198544803125 0.5086002656249999 0.194770365625 0.5122274453125
0 0.1303300640625 0.526170490625 0.1275450453125 0.565247828125 0.1324841078125 0.567843703125 0.14045096875000002 0.5621524953125 0.146729865625 0.5417443234375 0.149997 0.5380876 0.151068865625 0.519684359375 0.1472783953125 0.514847171875 0.139072196875 0.515908021875 0.1303300640625 0.526170490625
0 0.0829846765625 0.5087942796875 0.0748712359375 0.5344814234374999 0.0724114390625 0.5504956171875001 0.07454601250000001 0.55754456875 0.08160361875 0.5587250296875 0.0900170890625 0.54536580625 0.09711591875 0.51961956875 0.097055225 0.5119220062500001 0.09381671875 0.5063475640624999 0.0846852359375 0.505815715625 0.0829846765625 0.5087942796875
0 0.10833274531249999 0.72031761875 0.1108853 0.72892971875 0.11430245000000001 0.731436953125 0.12477376874999999 0.7089647515624999 0.1263815703125 0.6813598921875 0.11793603125 0.6777903843749999 0.111133796875 0.6897046453125 0.10833274531249999 0.72031761875
0 0.0607193875 0.70754221875 0.0641079078125 0.7192806203125001 0.073730665625 0.71137765 0.0770229921875 0.672329859375 0.07872355156250001 0.6693512953125 0.07548504687499999 0.6637768546875 0.06745749375 0.661770496875 0.061669865625 0.6737438515624999 0.0607193875 0.70754221875
0 0.941291634375 0.7257453890625001 0.9382638390625001 0.7340324703125 0.9367453625 0.760103728125 0.9403732203124999 0.7764724859375 0.9460142656249999 0.7844950671875 0.9517732640625001 0.7817528796875 0.954667075 0.7757662 0.95690013125 0.7374261203125 0.954436896875 0.727280415625 0.9471399546875 0.721469596875 0.941291634375 0.7257453890625001
0 0.9377737171874999 0.864802409375 0.9316608687500001 0.8998389078125 0.9308283390625001 0.9228725046875 0.9334702171875 0.929951003125 0.9449435515625 0.9252334281250001 0.950000565625 0.9170645343749999 0.9551755312499999 0.8981308718750001 0.9539948718750001 0.88344345 0.9567386687500001 0.8712928124999999 0.9550667390625 0.8650402125 0.9513209296875 0.8594362234374999 0.9417714609375001 0.8573412250000001 0.9377737171874999 0.864802409375
0 0.8387153078124999 0.8613411234375 0.8359909812499999 0.908116025 0.84145681875 0.945365709375 0.8452152249999999 0.9332741656250001 0.845333175 0.9225093953125001 0.8469890718749999 0.920297634375 0.852017459375 0.92135990625 0.8490469203125001 0.9111846546875 0.8596808515625 0.8771808812499999 0.8569943125 0.8708691859375 0.85938081875 0.8648529609375 0.8532610984375 0.8475696640624999 0.8434883234375 0.849308675 0.8387153078124999 0.8613411234375
0 0.849201509375 0.724998165625 0.8461737125000001 0.73328525 0.8467772140625 0.7841009875 0.8540741578125 0.78991180625 0.8593991375 0.777142103125 0.8625769515625 0.7750189796875 0.8604870375000001 0.767203228125 0.8653940359375 0.752870375 0.8660479203125 0.732903984375 0.8638240250000001 0.7273886375 0.8546318453125 0.7191592250000001 0.849201509375 0.724998165625
0 0.7719743859375 0.85360689375 0.7677373046875 0.8564377234375 0.764246865625 0.8639284578125 0.764262896875 0.872392821875 0.761324425 0.8791463015625001 0.76383231875 0.8885252015624999 0.7612385374999999 0.9068398015625 0.7706128 0.9381619046875 0.776789778125 0.9369828671875 0.7796228968750001 0.9232986265625 0.7836206406249999 0.9158374390624999 0.783020578125 0.8911815984375 0.7910320984375 0.8847235906250001 0.7890761687500001 0.8746074328125 0.7924165921874999 0.8609527390625 0.7832851078124999 0.8604208906249999 0.77898733125 0.85555415625 0.7719743859375 0.85360689375
0 0.7680041234375 0.7295017921875 0.7633043953125 0.731536271875 0.7599479390625 0.7367266015625 0.7582634125000001 0.7481695312500001 0.7544443140625 0.7525635125 0.7597727328125 0.765953703125 0.7599387796875 0.7805820296875 0.7636399296875 0.7869528203125 0.769775684375 0.8127004812499999 0.7720282078125 0.8089846625 0.7779017203125 0.76931780625 0.77464718125 0.755279 0.7754064203125 0.7422433734375 0.7680041234375 0.7295017921875
0 0.6918351203124999 0.7350676890625001 0.6920618625 0.7573935781250001 0.6889000843749999 0.7679810671875 0.6936605015625 0.7736441484375 0.696647075 0.7922837656249999 0.703586728125 0.8042289968749999 0.7039119515625 0.781165853125 0.7094316109375 0.773793309375 0.709922884375 0.7653584906249999 0.7070096015625 0.7367209046875 0.70791885625 0.7298492390625 0.7013525234375 0.7202339578125 0.696831440625 0.7192012328125 0.6918351203124999 0.7350676890625001
0 0.68870311875 0.8587591296875001 0.6817669015625001 0.872973796875 0.6779512375000001 0.9035276734375 0.6926951421875 0.9213132703125 0.696230240625 0.9130557343750001 0.6980934125 0.8985455999999999 0.7075661531249999 0.8844786687499999 0.7046849374999999 0.872769815625 0.6973719609375 0.8584946312499999 0.692895540625 0.8566951046875 0.68870311875 0.8587591296875001
0 0.6205777046875001 0.8747957515625 0.6232069859375 0.89956978125 0.626311509375 0.9074446296875 0.63086121875 0.8992461859375 0.6358827328125 0.8479886656250001 0.62660123125 0.8412928562499999 0.622185503125 0.84719089375 0.6205777046875001 0.8747957515625
0 0.62125563125 0.6971031765625 0.6202123921875 0.70627525 0.6238436890625 0.7488039046875 0.63078334375 0.7607491375000001 0.6354830687499999 0.7587146546875 0.63913955625 0.7658522484375 0.6418833546875 0.753701609375 0.639614796875 0.7489530640625001 0.6395541015624999 0.7412555015625 0.6480568953125 0.7263626765625 0.643028509375 0.7253004015625 0.6389093781249999 0.7173664625 0.640801178125 0.6936251578125 0.639413246875 0.6912361109375 0.625626696875 0.6919719421875 0.62125563125 0.6971031765625
0 0.5547254171875 0.7032304703125 0.55649354375 0.7602692625 0.55838878125 0.76268785625 0.5632224890625 0.7583529718750001 0.56633960625 0.7485322859375 0.572605909375 0.7458196453125 0.576441040625 0.7498900296875 0.5776342953125 0.7468819171875001 0.576976975 0.7406884109375 0.5719772171875 0.7303949703125 0.5729723578125 0.695829803125 0.5675546171875 0.6839732109375001 0.5640481453125 0.6829995796875 0.5547254171875 0.7032304703125
0 0.5601729390625 0.8281910140625 0.5562358875 0.843349765625 0.55301685 0.8723995859375 0.5534222359375 0.89165826875 0.5554388609375 0.9094719890625 0.55854338125 0.9173468359375001 0.5602565375 0.8966727375 0.5642382484375 0.8807471874999999 0.5672213828125 0.87322690625 0.5709511609375 0.870366528125 0.5724089453125 0.8365977093750001 0.570274371875 0.8295487593749999 0.5639473765624999 0.8245638359375 0.5601729390625 0.8281910140625
0 0.4925067296875 0.8188640859375 0.49472146562499997 0.8682348640625 0.5019737484375 0.874812484375 0.5055695421874999 0.8742525125 0.5073147625 0.8705071468750001 0.5065039890625 0.8319897812500001 0.5084564828125 0.8159460390625 0.501979471875 0.8047971578125 0.4940126109375 0.8104883624999999 0.4925067296875 0.8188640859375
0 0.5171367703125 0.6756508875 0.5132283484375 0.6815784703125 0.508162171875 0.7336027921875 0.513088640625 0.7538942015625001 0.5165951140625 0.7548678328125 0.5176830125 0.7449289578125 0.5217700796875 0.73593416875 0.5266129484375 0.687743853125 0.5250750015625 0.6791908484375 0.5212398687500001 0.6751204609375 0.5171367703125 0.6756508875
0 0.4559927265625 0.7151762125000001 0.4580986703125 0.7314563281249999 0.46124785468749996 0.738564371875 0.472526509375 0.7284496390624999 0.47089923906250003 0.7214302375 0.471419140625 0.7037642515625 0.47462558125000004 0.6924099625 0.47202836562500006 0.6845646640624999 0.46482074375 0.6772202421875 0.4570199328125 0.6975397734375 0.4559927265625 0.7151762125000001
0 0.43647990156249994 0.8194479109374999 0.43333415468750003 0.8384997625 0.43380023437500004 0.8654560078125 0.43509884374999996 0.8693786578125 0.44105251718750005 0.8720336296875001 0.4419938375 0.88209069375 0.44461968281250003 0.8807048234374999 0.4430817375 0.8721518187499999 0.4467508203125 0.8615938765625 0.4482692984375 0.8355226218749999 0.446804640625 0.816971646875 0.44126895 0.815879825 0.43647990156249994 0.8194479109374999
0 0.384540140625 0.8110369421874999 0.37951518906250004 0.83613456875 0.37859334218749996 0.86070176875 0.3799812703125 0.8630908140625 0.38366638750000004 0.8609972390625 0.3930784359375 0.839232746875 0.3964635203125 0.8248112484375 0.3968047765625 0.810212471875 0.395088184375 0.804726671875 0.3905671046875 0.8036939468750001 0.384540140625 0.8110369421874999
0 0.405411775 0.6799152859375 0.402144640625 0.6835720125 0.3985396875 0.7279874125 0.3991076859375 0.7357145234375 0.4060920015625 0.7468929531249999 0.411611659375 0.7395204093750001 0.41696870625000004 0.7436794359375 0.41817799375 0.7491356875 0.4191319078125 0.7414972203125 0.4147287796875 0.7296997234375 0.415111259375 0.688174246875 0.41385731249999996 0.68348479375 0.40947021406250006 0.6801516624999999 0.405411775 0.6799152859375
0 0.34089475 0.677696403125 0.334976578125 0.7181300609375 0.336201896875 0.732050678125 0.33930642031249997 0.7399255234375001 0.34336485781250004 0.7401619015625001 0.348600515625 0.728925803125 0.35205545312500003 0.678346440625 0.34830964375 0.6727424515625 0.34425120625 0.672506075 0.34089475 0.677696403125
0 0.3250068421875 0.810647134375 0.32136982187499996 0.8381338062499999 0.320955275 0.8627305515625 0.328877475 0.857806146875 0.3331431859375 0.8457441515624999 0.3347349515625 0.8096749265625001 0.3304818375 0.8040413921875 0.327900653125 0.8046604578125001 0.3250068421875 0.810647134375
0 0.2642928828125 0.79556990625 0.2627457765625 0.8308723296875 0.2662843140625 0.8487746921875001 0.272087971875 0.8452657015625 0.2740278671875 0.8469174953125 0.2757730875 0.8431721265625001 0.27915473749999997 0.802590734375 0.278242046875 0.78330250625 0.275003540625 0.7777280625 0.27043779843750004 0.7774621390625 0.2642928828125 0.79556990625
0 0.2859271921875 0.67757251875 0.2829887203125 0.684325996875 0.2770705453125 0.72475965625 0.28347426875 0.74590650625 0.2891279109375 0.7362335578125 0.2926756078125 0.7102804890625001 0.2971199625 0.6951512859375 0.2974165578125 0.681319309375 0.2957446265625 0.6750667078125 0.2913128671875 0.672500378125 0.2859271921875 0.67757251875
0 0.2102792421875 0.7878075546875001 0.20817673281250001 0.7976873343750001 0.2074942203125 0.8268848906249999 0.21079341875000002 0.8401568953125 0.219506921875 0.8391255937500001 0.2266023171875 0.7872194593749999 0.222945828125 0.7800818671874999 0.21787278125 0.779786396875 0.2102792421875 0.7878075546875001
0 0.21767501875 0.660826965625 0.21652642812499998 0.6630682765625 0.2223335203125 0.6857191859375 0.22369282343750002 0.6973393984375 0.2224423125 0.71880984375 0.2252181734375 0.7235879359374999 0.229365934375 0.722290709375 0.2306038484375 0.718515796875 0.23571468437499998 0.6657246703124999 0.232297534375 0.6632174359375 0.22248010156250003 0.6657232484375 0.21767501875 0.660826965625
0 0.1690272328125 0.7007705828125 0.1685519921875 0.7176697671875 0.1742090703125 0.7341567140625 0.177581559375 0.7374307515625 0.180296728125 0.7345112796875 0.1836657796875 0.71162541875 0.1842429375 0.6754971000000001 0.17791594375 0.670512178125 0.173544878125 0.6756434125 0.1690272328125 0.7007705828125
0 0.1544951875 0.81918163125 0.1511261359375 0.8420674921875 0.1544860296875 0.8630370609375 0.1602450265625 0.860294871875 0.1647947359375 0.8520964328125 0.16670256875 0.8368194921875001 0.1704163125 0.82549475 0.17148817968750002 0.8070915109374999 0.169682265625 0.8031393140624999 0.1618940515625 0.8057633140625 0.1544951875 0.81918163125
0 0.10471862968750001 0.80858845 0.1023767828125 0.8138378718749999 0.1011136765625 0.85300385 0.10620275625 0.8617636859375001 0.1153628703125 0.8530643671875 0.1192071625 0.8132793234375001 0.1169832671875 0.8077639765625 0.11001498437499999 0.8050499109375 0.10471862968750001 0.80858845
0 0.04795775625 0.7868168343749999 0.0440207046875 0.8019755843749999 0.042980903125 0.8373075546875001 0.044474190625 0.8466273624999999 0.048309321875 0.8506977484375 0.055111556250000006 0.8387834875 0.05816454375 0.7951053406249999 0.0565819375 0.7873191375 0.052284160937500004 0.782452403125 0.04795775625 0.7868168343749999