0 0.0478847359375 0.15395732499999998 0.050678062499999996 0.16794595 0.060373946874999994 0.1691908703125 0.064537765625 0.16001311875 0.0633912453125 0.1464807890625 0.0651684203125 0.130875353125 0.0517923046875 0.091369421875 0.0454457453125 0.087208265625 0.0397465453125 0.08827207031249999 0.03728524375 0.094077290625 0.036026178125 0.10958601718750001 0.0393554375 0.1364572578125 0.0478847359375 0.15395732499999998
0 0.11233643125 0.092287303125 0.11281665156250001 0.108998746875 0.12190082499999999 0.130977353125 0.12697049375 0.1376679109375 0.13172595625 0.1375439484375 0.13503851718749998 0.1300524625 0.1345950625 0.11791626875000001 0.1422931671875 0.1073151265625 0.1451054390625 0.1128996734375 0.1492503140625 0.112125996875 0.1439956859375 0.10394259374999999 0.14131265937499998 0.10367971875 0.12706633750000002 0.074264128125 0.118350959375 0.076654615625 0.11233643125 0.092287303125
0 0.19173639375 0.0828124078125 0.195083478125 0.12266297500000001 0.203853446875 0.1378270640625 0.2085531953125 0.14153192812499998 0.213844590625 0.15429057968749998 0.21573206875 0.15241089531250002 0.21419668593750002 0.144296946875 0.216695875 0.121683575 0.2160864078125 0.099650459375 0.21012871249999998 0.09007091874999999 0.2074835765625 0.0729998921875 0.202321428125 0.0655629109375 0.19832474375 0.063254184375 0.19397596718750001 0.0709390921875 0.19173639375 0.0828124078125
0 0.284105790625 0.10528250312500001 0.290434525 0.0964643328125 0.2903977578125 0.091889084375 0.283033928125 0.07951726875000001 0.27348735468749996 0.053806543750000005 0.2644577703125 0.0493825109375 0.2612934046875 0.053791595312499996 0.26697141874999997 0.10389866875 0.2721692109375 0.1372943 0.2744266078125 0.138400309375 0.284105790625 0.10528250312500001
0 0.3479613546875 0.120092296875 0.3526243375 0.11922191093750001 0.3582121171875 0.12581575625000002 0.35972967499999997 0.1209503796875 0.356104034375 0.10024394375000001 0.3567335671875 0.0924895828125 0.345485596875 0.0487679875 0.3392315203125 0.0453532515625 0.3347534953125 0.0477164859375 0.33162589531250003 0.056700817187499995 0.33121808750000004 0.070523278125 0.33254956875 0.0855484546875 0.3479613546875 0.120092296875
0 0.4182225546875 0.07108421875 0.40934116249999997 0.06357778124999999 0.4009232890625 0.0384200609375 0.394095390625 0.0389308625 0.39205971875 0.04389295 0.392170021875 0.0576187 0.398053059375 0.079431140625 0.40939463125 0.10251575937499999 0.41886991093750003 0.07630918125 0.4182225546875 0.07108421875
0 0.45821169062499995 0.0216171984375 0.4503475734375 0.0223214203125 0.44977375156250005 0.026246956249999998 0.4549893671875 0.0726219125 0.46559110156249994 0.08973514375 0.47114211250000004 0.091753740625 0.4733449171875 0.0753051734375 0.4679989328125 0.04499194375 0.45821169062499995 0.0216171984375
0 0.52040038125 0.065758178125 0.527301815625 0.07439787656249999 0.5285597609375 0.080272553125 0.5339826453125001 0.055586076562499996 0.5233263218750001 0.02091826875 0.5203290890625001 0.013840874999999999 0.5168505171875 0.0114354390625 0.5117619015625 0.0131489578125 0.5096705218750001 0.0219398734375 0.50974405625 0.031090370312499997 0.516515121875 0.0557917984375 0.52040038125 0.065758178125
0 0.585607490625 0.0658056703125 0.5934537859375 0.052122125 0.57811665625 0.0053453812500000005 0.5708631265624999 0.0066993140625000005 0.568197921875 0.0194157640625 0.574135553125 0.058782782812500003 0.585607490625 0.0658056703125
0 0.6384446921875 0 0.6407699874999999 0.010451671875 0.6410463046875 0.0340743421875 0.649019603125 0.0684792734375 0.6536268734374999 0.0714377140625 0.6545895578125001 0.0620937953125 0.6631389203125 0.049806385937499996 0.6667110968750001 0.03157484375 0.6659712609375 0.02560345625 0.6592180187500001 0.013881356249999999 0.6541606671875 0 0.6384446921875 0
0 0.7068191859375 0 0.7083258515625 0.033734998437500004 0.712230053125 0.0352973015625 0.7142646015625 0.051718615625 0.7190568328125 0.0561699015625 0.7257008953125 0.0327828515625 0.7237967171874999 0.00029980937499999997 0.7236905484375 0 0.7068191859375 0
0 0.767540378125 0 0.77120203125 0.023525984375 0.7785658625 0.0358978 0.78402439375 0.0371699734375 0.7861525421875 0.032954309375000004 0.7858572828125 0.0177357125 0.7830260046874999 0 0.767540378125 0
0 0.8257356421875001 0 0.8273427906249999 0.014574196875 0.8394241953125 0.0436302 0.8414230968749999 0.0340928625 0.8472704906249999 0.029946653125 0.8482331734375 0.020602735937499998 0.846150584375 0 0.8257356421875001 0
0 0.8854374078125 0 0.8890334375 0.029024404687499998 0.893584996875 0.035811671875 0.9002836500000001 0.0299791984375 0.8996362937500001 0.024754234375 0.9051327140625001 0.00921825625 0.9043451812500001 0 0.8854374078125 0
0 0 0.40706049687499996 0.002518328125 0.41673261093749997 0.011013103125 0.386890628125 0.00716573125 0.360116096875 0.0016893796874999998 0.34586459375 0 0.3440669625 0 0.40706049687499996
0 0.0032715 0.52121693125 0.013133398437499999 0.5323587734374999 0.0176660125 0.5475501171875 0.023253790625 0.5541439640625 0.03076805625 0.520666571875 0.029807617187500003 0.4872436875 0.0315658484375 0.480042328125 0.0245908796875 0.46225213125 0.0184292796875 0.4595838203125 0.0117863390625 0.46158746875 0.0075846328125000004 0.48757337187500005 0.0025327859375 0.4938621421875 0.00166258125 0.503952484375 0.0032715 0.52121693125
0 0.016882678125 0.6653038921875 0.0321095078125 0.6983548875000001 0.038456065625 0.7025160453125 0.0441730890625 0.7144315640625 0.04569065 0.7095661875 0.0436015109375 0.6755902984375 0.033519009375 0.6369969546875 0.0297629984375 0.6323522500000001 0.02345320625 0.6327663421875 0.0195857703125 0.6357792875 0.016365690625000002 0.6440172 0.0153472953125 0.65718994375 0.016882678125 0.6653038921875
0 0.051493421875 0.8505285406249999 0.056674517187499995 0.8495614437500001 0.063632784375 0.8329889156249999 0.06222776875 0.8088132390625 0.05601158125 0.788590353125 0.0508494328125 0.7811533734375 0.0442064921875 0.7831570203125 0.038729015625 0.7902889234375 0.0384136875 0.8048578046875001 0.0418164828125 0.8408795437500001 0.0485886703125 0.8441975703125 0.051493421875 0.8505285406249999
0 0.0516193046875 0.9200004187499999 0.041202528125 0.9043800359375 0.039925639062500004 0.9069094359375001 0.0464192671875 0.9293715921875 0.0454376390625 0.9471195859374999 0.042380546875 0.9523945218750001 0.046856140625 0.9885180953124999 0.0514120359375 0.99106185625 0.0525775 0.9961901078125001 0.053599023437500004 0.996690603125 0.06959508125 0.995945575 0.07178543281250001 0.9758037015625 0.07015869062499999 0.9455599296875 0.0610188046875 0.927410146875 0.0516193046875 0.9200004187499999
0 0.15844116875 0.92220806875 0.15340826875 0.9200927625 0.148783175 0.9041549968749999 0.1427697671875 0.8984042828125001 0.138717371875 0.89992438125 0.1329067453125 0.9086458390625 0.128742928125 0.91782359375 0.1288721734375 0.9231452656249999 0.13153625468750002 0.9318122171875001 0.1305735703125 0.9411561374999999 0.136049925 0.9554076359374999 0.1390649796875 0.9754643578125 0.1506104515625 0.9916377453124999 0.1507634859375 0.9921650953125001 0.165549684375 0.9914764171874999 0.163285746875 0.9869807343750001 0.15644226562500002 0.9317454062499999 0.1589960453125 0.926686609375 0.15844116875 0.92220806875
0 0.24688741875 0.9515199359375 0.2415592546875 0.9341860343749999 0.23761940625000003 0.9066650781250001 0.229404315625 0.8959795296875 0.2194120484375 0.9008994156250001 0.2160994890625 0.9083909015625 0.2097339875 0.9126338203125 0.21506214687499997 0.929967721875 0.220557446875 0.935815146875 0.22251733749999997 0.9644693609375 0.2305842375 0.9782373140624999 0.23281018437499998 0.988343709375 0.23437480625 0.9882708359375 0.23885504218750003 0.9850940375 0.2449241609375 0.987015925 0.2437776390625 0.9734835953125 0.24688741875 0.9515199359375
0 0.3032298375 0.978423721875 0.3080967234375 0.97064210625 0.3145547046875 0.9671456109375001 0.32256813906250004 0.941975584375 0.32243889062500003 0.9366539125 0.3043630234375 0.8934431171874999 0.2956476453125 0.895833603125 0.291150675 0.9066009125000001 0.290187990625 0.91594483125 0.2937200328125 0.9572882453125 0.301083865625 0.969660059375 0.3032298375 0.978423721875
0 0.37380860781249997 0.8720799578125 0.3701818421875 0.8727569234375 0.3632425203125 0.8809253781249999 0.3646664765625 0.8966969765625 0.37835680156249996 0.943017428125 0.386739028125 0.9422164984375 0.386518425 0.9147650015625001 0.3815055890625 0.8828622140625001 0.37380860781249997 0.8720799578125
0 0.4303359859375 0.9004765875 0.4302980953125 0.917284740625 0.43390591718750005 0.9250118484375 0.44263911718750004 0.9356006890625 0.44441517187499996 0.9413786562500001 0.457718875 0.9503506859374999 0.46090106718749996 0.958920928125 0.46515848593750003 0.9291061968750001 0.46414121406250003 0.9208955390625 0.44876731562499994 0.8695435437500001 0.44260571562499995 0.8668752328125 0.43864580000000003 0.86914175625 0.43661012968749996 0.8741038453125001 0.43572098125 0.8925982625 0.4303359859375 0.9004765875
0 0.530124925 0.9314896703125 0.531476471875 0.9167273687499999 0.5255577875 0.8689562734375 0.515233490625 0.8540823140624999 0.506017825 0.869548834375 0.5059799375 0.8863569874999999 0.50864401875 0.8950239390625001 0.5101415140625 0.9199460390624999 0.5263310234375 0.943653115625 0.530124925 0.9314896703125
0 0.5796996437499999 0.869541821875 0.5826043953125 0.8758727953125 0.5873030265625 0.900961059375 0.5937788296875001 0.910443890625 0.601642946875 0.9097396703125 0.6039382328125 0.8940375265625 0.5992206609374999 0.8773533359375 0.5982590984375 0.8653138531250001 0.5895448437499999 0.8463209390624999 0.5851225296875 0.8448553453125 0.5805330796875 0.8548762312499999 0.578589890625 0.8605847421874999 0.5796996437499999 0.869541821875
0 0.667775975 0.895867996875 0.670052315625 0.8885699265625 0.6695163828124999 0.8756873125 0.6572689625 0.8367343859374999 0.649053871875 0.8260488359375 0.6453346296875 0.8259793796875 0.6426883703125 0.8302917546874999 0.642465521875 0.8456070609375 0.653066134375 0.884103690625 0.6607631171875 0.8948859515625 0.667775975 0.895867996875
0 0.7234175703125 0.8786088390625 0.723732896875 0.8640399578125001 0.7189607328125 0.8298011921875 0.7124849281250001 0.8203183609375 0.708155096875 0.81959919375 0.7055088390625001 0.8239115671875 0.7041205234375 0.8340986203125 0.708929453125 0.8729126328125 0.7164414781249999 0.8822020453125001 0.72067883125 0.8821747906249999 0.7234175703125 0.8786088390625
0 0.796933371875 0.868704903125 0.79817349375 0.8616002578125 0.7960464671875 0.8444325171875 0.78370656875 0.80473316875 0.7810792531249999 0.8006414671875 0.7735482859375 0.7997561328125 0.769902578125 0.8088371750000001 0.77225133125 0.8320730078125 0.782019628125 0.8638518296875001 0.7909935 0.8721046890625 0.796933371875 0.868704903125
0 0.8588479890625 0.84645640625 0.8481738421875 0.7988092765625 0.8421604359374999 0.7930585609375 0.838108040625 0.7945786609375001 0.8356467421874999 0.8003838812499999 0.834961496875 0.8119670703124999 0.84226849375 0.8495511140625001 0.8482261890625 0.8591306546874999 0.85274098125 0.8613426703125 0.8588479890625 0.84645640625
0 0.9144884624999999 0.850580653125 0.91876370625 0.8337452484375 0.912067296875 0.79681091875 0.9078856546875 0.793009346875 0.9015758640625 0.7934234375 0.8960237328125 0.81278824375 0.89491285625 0.8252145625 0.89559698125 0.8350147765625 0.902109553125 0.84907285625 0.9086410687500001 0.8547268609374999 0.9144884624999999 0.850580653125
0 0.9704999750000001 0.8363071906249999 0.9752186703125 0.831607978125 0.9650436890625 0.7922682140624999 0.9611027171875 0.7861306609375001 0.956254775 0.7855082015625 0.9534235578124999 0.788327728125 0.9514792468750001 0.8154196406249999 0.9535505593750001 0.8364162046875 0.965373471875 0.8548288625 0.96896346875 0.8495766453125 0.9704999750000001 0.8363071906249999
0 0.693966728125 0.7435879734374999 0.6986297140625 0.7427175874999999 0.695892096875 0.7249001359375 0.6965583984375 0.7217210234375 0.7038676390624999 0.7165382625000001 0.7047746109374999 0.7110231703125 0.6928959875 0.696439340625 0.6897884546874999 0.6756361953125001 0.685051934375 0.6673560828125 0.6744490796875 0.6716262546875 0.6727822046874999 0.7009574375 0.6741315078125 0.7289619390625 0.693966728125 0.7435879734374999
0 0.7573977843749999 0.7378574999999999 0.7597487828125 0.7183265296875 0.7531259078125 0.6905427000000001 0.7520718671875 0.6777567921875 0.74400496875 0.663988840625 0.738490725 0.6665454937499999 0.7354556031249999 0.6762762515625 0.7434099562500001 0.7190852578125 0.7502189125000001 0.72697853125 0.752698034375 0.7341526375 0.7573977843749999 0.7378574999999999
0 0.805731259375 0.7043977031249999 0.809597575 0.72276815625 0.81326110625 0.7266664406250001 0.8197558562499999 0.72774519375 0.8260110562499999 0.7097765296875 0.8333202984374999 0.7045937671875 0.828343109375 0.6986496343749999 0.8154293890625001 0.6628758203125 0.8064922843750001 0.6591982109375001 0.8027173281250001 0.6629575796875 0.7996632625 0.6810924140625 0.7996443171875 0.6894964890625 0.805731259375 0.7043977031249999
0 0.8877039468750001 0.6814599343750001 0.8779167046874999 0.658085190625 0.8733094359375 0.6551267484375 0.8702375453125001 0.66028225625 0.870126121875 0.667939909375 0.8732882453125 0.706297628125 0.8793751890625 0.72119884375 0.886147375 0.7245168671875 0.8925875359375001 0.708041046875 0.8877039468750001 0.6814599343750001
0 0.950560059375 0.7010384000000001 0.9524107703125001 0.6945834640624999 0.9502469765624999 0.6728404765625 0.944178978125 0.6495351874999999 0.9396641859375 0.647323171875 0.934668053125 0.6497831140625 0.9322613437499999 0.673142909375 0.9328897546875 0.68677195 0.9356463156249999 0.696185325 0.94598955625 0.7026552078125 0.950560059375 0.7010384000000001
0 0.5504226703125 0.594734065625 0.547427684375 0.54488986875 0.54376415 0.5409915859375001 0.5372694015625 0.53991283125 0.532254325 0.5507768484375 0.5330108609375 0.5911109625 0.540022596875 0.6134764109375 0.5449073062500001 0.61867411875 0.547553565625 0.6143617453125 0.5504226703125 0.594734065625
0 0.5960742421874999 0.53962799375 0.602233596875 0.5850631078124999 0.6216989015625 0.596703446875 0.6218849828125 0.57681289375 0.6152063953125 0.5528578890625 0.6058258390625 0.5370440875 0.5972586515625 0.5363521703125 0.5960742421874999 0.53962799375
0 0.6532500984375 0.5518661859375 0.6522874140625 0.5612101046875 0.6557091546875 0.58882776875 0.661815040625 0.59532490625 0.6682173125 0.5956572375 0.67125243125 0.58592648125 0.6751566343750001 0.587488784375 0.6758229375 0.584309671875 0.6690708140625 0.55120416875 0.6705883734375 0.5463387890625 0.6690529921875 0.5382248421875 0.66529698125 0.5335801375 0.65941281875 0.5331510953125 0.6561559734375 0.53681375625 0.6532500984375 0.5518661859375
0 0.7317776140625 0.5952484375 0.73629240625 0.5974604546875 0.738846184375 0.5924016562500001 0.737479059375 0.5514178281250001 0.7339280734375 0.5184784921875 0.7305976921874999 0.5129906515625 0.7283402953125 0.51188464375 0.7236216 0.51658385625 0.718920728125 0.53426239375 0.72323049375 0.5647690437499999 0.7300940375 0.5902168921875 0.7317776140625 0.5952484375
0 0.8009457609374999 0.5716460062500001 0.8017981421875 0.5485763375 0.7983764015625 0.5209586734375 0.791956309375 0.5076470171875 0.7833891234375 0.5069551 0.7816866046875 0.5103276328125 0.7807785125 0.537226125 0.7825723890625 0.55598341875 0.7926192453125 0.5686181078125 0.796596984375 0.5793309125 0.8009457609374999 0.5716460062500001
0 0.8502396750000001 0.57160909375 0.8544224390625 0.554027265625 0.8497984671875001 0.5167060984375 0.8470786734375 0.511867971875 0.8418051015625 0.5120886437500001 0.8390663640625 0.5156545968749999 0.8359565859375 0.53761825625 0.838896984375 0.569907878125 0.8422273640625001 0.5753957171875 0.8463722390624999 0.574622040625 0.8502396750000001 0.57160909375
0 0.9212240109375 0.494209675 0.9141554390625 0.4970564546875 0.91291531875 0.5041611015624999 0.9202211953124999 0.5631285484374999 0.9303237624999999 0.5719344125 0.9348396765625001 0.5527630265625 0.92919843125 0.507231203125 0.9254056515625001 0.498011246875 0.9212240109375 0.494209675
0 0.9827842875 0.5247216140625001 0.9895018859375 0.5104850625 0.9870606531250001 0.48650280625000003 0.981788203125 0.46534007656250004 0.9755341265625 0.46192534218750003 0.9721847984374999 0.46484157968749995 0.9697235 0.47064680000000003 0.97025943125 0.4835294171875 0.968649390625 0.4876483734375 0.9731441171874999 0.519647865625 0.9776031968750001 0.525688709375 0.9827842875 0.5247216140625001
0 0.63501158125 0.4346082640625 0.64060048125 0.419818709375 0.6379185765625001 0.3981724296875 0.6348478109375 0.3819445375 0.6323129765625 0.37859925781250003 0.6278906640625 0.377133665625 0.6230237765625 0.38491528124999996 0.62178365625 0.3920199296875 0.62492795625 0.4173983234375 0.63199540625 0.4359349453125 0.63501158125 0.4346082640625
0 0.6848637390625 0.3748996859375 0.6864916 0.38376005625 0.68391775625 0.4186063328125 0.68834006875 0.42007192499999996 0.6919300640625 0.41481970781250005 0.6969250765624999 0.43374316718749995 0.7020504578125 0.43660489843750006 0.7038265109374999 0.44238286718750003 0.707416509375 0.43713064843750005 0.7095268359375 0.419935659375 0.7034599578125 0.3752469671875 0.6991490703125 0.36612372031249996 0.694023690625 0.363261990625 0.6867144484375001 0.36844475 0.6848637390625 0.3748996859375
0 0.7687940734375001 0.4233829390625 0.7802292453125 0.4258305765625 0.7823384484375 0.4300189890625 0.7782693515625 0.3971763609375 0.7718682046875001 0.3754606265625 0.7721645859375 0.36929582031249997 0.7666692890625 0.363448396875 0.764615796875 0.355431159375 0.759546128125 0.348740603125 0.753661965625 0.3483115609375 0.7503494093749999 0.3558030484375 0.755657503125 0.40292442968750003 0.7687940734375001 0.4233829390625
0 0.833761634375 0.40438301093750006 0.83890708125 0.3774572609375 0.8232546234375 0.3452493984375 0.8176111328125 0.342484378125 0.8110606703125001 0.3452344484375 0.817127546875 0.3899231421875 0.833761634375 0.40438301093750006
0 0.9000428515625 0.3874289328125 0.902467384375 0.3770484609375 0.89580774375 0.34468938125 0.8840773093750001 0.3270231484375 0.876065 0.330809771875 0.8816505343750001 0.3801704203125 0.88844054375 0.396467771875 0.8960639921875 0.39809953125 0.8963603734375001 0.3919347265625 0.9000428515625 0.3874289328125
0 0.9547028171875 0.38791777031249997 0.95805214375 0.385001534375 0.9608655374999999 0.36920268125 0.9546315265624999 0.33600046875 0.94637966875 0.3207396703125 0.940680465625 0.3218034765625 0.937552865625 0.3307878078125 0.9354057734375001 0.34340755 0.9374403203125 0.3598288625 0.9489668468750001 0.3844063265625 0.9547028171875 0.38791777031249997
0 0.4379730234375 0.290393771875 0.43499361406250003 0.29629570156249996 0.43947051562499995 0.31531587031249997 0.4440220765625 0.32210313749999997 0.446168046875 0.3308667984375 0.45025720937499997 0.333921946875 0.451682290625 0.32831014375 0.45573468437500003 0.3267900453125 0.45915754687500004 0.33302430781250003 0.454626053125 0.2964495640625 0.44728116562500003 0.275673671875 0.4437101140625 0.2725218140625 0.43795520000000004 0.2774144453125 0.4379730234375 0.290393771875
0 0.49218953593750003 0.2787464171875 0.489672525 0.288380465625 0.495351659375 0.3171041375 0.50906205 0.333637109375 0.512596334375 0.33221371875 0.5160013734375 0.32546865625 0.5153729625000001 0.311839615625 0.5196849734375 0.29957945937499997 0.51011945625 0.2822728109375 0.5078810046875 0.2727627265625 0.49811158593749993 0.26236730625 0.49161683749999996 0.26128855 0.48934049531249996 0.26858661875 0.49218953593750003 0.2787464171875
0 0.566535409375 0.31832709531250003 0.5705320921875 0.320635821875 0.5737521734375 0.3123979109375 0.578507634375 0.3122739484375 0.57958174375 0.295272378125 0.57010870625 0.2787121515625 0.562301421875 0.25420414375 0.558304740625 0.25189541718749997 0.5528829749999999 0.2551984921875 0.554010553125 0.2771348984375 0.5595047281250001 0.3043657234375 0.566535409375 0.31832709531250003
0 0.612057734375 0.2578993484375 0.6158683359375 0.280098628125 0.6234906625 0.303113790625 0.6285603296875 0.30980434843750004 0.6295230140625 0.30046042968750003 0.63268738125 0.2960513453125 0.6353525828125 0.2833348953125 0.6290071484374999 0.257790334375 0.619034946875 0.23292274218750003 0.6137613765625 0.233143415625 0.6080064625 0.23803604687500002 0.6091529828125 0.2515683765625 0.612057734375 0.2578993484375
0 0.695935721875 0.246061221875 0.68877579375 0.22677817656250002 0.68133730625 0.22663926406249998 0.6772291984375001 0.231988190625 0.6761918578125 0.2535650125 0.67833783125 0.2623286734375 0.678392421875 0.2798832484375 0.6858855 0.297576734375 0.697950203125 0.2922700125 0.695935721875 0.246061221875
0 0.7515928953125 0.28454819531250003 0.7565890296875 0.28208825000000004 0.7616586984375 0.288778809375 0.7551104796875 0.248762078125 0.7510034953125 0.2327276015625 0.74608201875 0.22295464062499998 0.7396797484375 0.222622309375 0.7360897515625 0.2278745265625 0.736217875 0.25457960156250004 0.7376975484375 0.266522375 0.7467081859375 0.279350484375 0.7515928953125 0.28454819531250003
0 0.8223699609375 0.2782102109375 0.8259978468750001 0.25614984218750003 0.8159153453125001 0.21755649843749997 0.8095320203125 0.208820090625 0.8043509265625 0.2097871875 0.800150340625 0.21438968906250003 0.7999464374999999 0.22130091875 0.8025726296875 0.2467760234375 0.8073459140624999 0.2596313875 0.8159676921875001 0.27787787812500003 0.8223699609375 0.2782102109375
0 0.865708425 0.22582695468749997 0.8675580125 0.24075542187500001 0.8749396671874999 0.2661065609375 0.880157528125 0.269714715625 0.8797140734375001 0.2575785234375 0.8844517140624999 0.244475234375 0.878902946875 0.19968983125 0.872519621875 0.1909534265625 0.866450503125 0.18903153749999999 0.8617875187499999 0.1899019234375 0.8604549171875 0.1962601484375 0.86130505625 0.215957284375 0.865708425 0.22582695468749997
0 0.9342481593749999 0.1885954828125 0.9285679015625 0.1812552140625 0.924145590625 0.1797896171875 0.9201856765624999 0.1820561421875 0.919611853125 0.18598167968749998 0.9260675921875 0.2252519859375 0.9323952046875 0.23781722031250002 0.939685503125 0.2410385375 0.9429055828124999 0.232800625 0.9342481593749999 0.1885954828125
0 0.2309922984375 0.2541873453125 0.23458341875 0.227551728125 0.2293845015625 0.2155394984375 0.22707251718750002 0.1968789140625 0.220856328125 0.176656028125 0.20997603437499998 0.1786869296875 0.20786570625 0.1958819203125 0.2101398046875 0.23135065625 0.2198167421875 0.240999653125 0.22570090625 0.24142869375 0.2309922984375 0.2541873453125
0 0.2750906640625 0.17798799999999998 0.280731909375 0.2235198234375 0.290593809375 0.2346616671875 0.2970339671875 0.21818584843750002 0.29405680312500004 0.1813209734375 0.2864155328125 0.1667098890625 0.2802907015625 0.168616828125 0.2750906640625 0.17798799999999998
0 0.361463353125 0.22907010625000002 0.3683291421875 0.2117511546875 0.37019879843750003 0.196892140625 0.368349209375 0.181963675 0.357304021875 0.15271425156250001 0.351512340625 0.153031634375 0.348440453125 0.158187140625 0.347718440625 0.1651950796875 0.3527680421875 0.201673115625 0.3575045609375 0.20995322968750002 0.361463353125 0.22907010625000002
0 0.418881003125 0.2175889171875 0.42382142500000003 0.2189578015625 0.42826268125 0.21201932031249998 0.4301323375 0.1971603078125 0.43296355468750003 0.19434078125 0.43301926562500004 0.19051195468749998 0.42785711718749997 0.183074975 0.4203272703125 0.1608062375 0.415683234375 0.1532725453125 0.4061912515625 0.145116396875 0.4040998703125 0.1539073109375 0.4113322109375 0.20372425624999999 0.418881003125 0.2175889171875
0 0.49748541875 0.20597146406250003 0.5010765375 0.17933584375 0.4867199140625 0.13619450625 0.48296390312500004 0.1315498015625 0.47769033125 0.13177047343749998 0.4745259609375 0.1361795578125 0.47685577187500006 0.16781946718750002 0.4786496484375 0.1865767609375 0.489825203125 0.19976445468749998 0.49432105000000004 0.21038054687500002 0.49748541875 0.20597146406250003
0 0.546819465625 0.1463595953125 0.5414355921875 0.13285451875 0.5337753765625 0.12664751093749999 0.5305185296875 0.130310171875 0.5304995859375 0.138714246875 0.533921325 0.166331909375 0.54504116875 0.18334843125 0.5500740703125 0.1854637390625 0.5519247796875 0.1790088046875 0.546819465625 0.1463595953125
0 0.6010526796875 0.16907496875 0.606529034375 0.1833264703125 0.6131162640625 0.18515164687500002 0.6156154515625001 0.162538275 0.6058660984375 0.12235537656249999 0.6000008828125 0.113522259375 0.59567105 0.1128030890625 0.591655421875 0.1188984390625 0.5911183671875 0.127399225 0.5911361921875 0.14037855 0.5954649015625 0.1624811234375 0.6010526796875 0.16907496875
0 0.6754944 0.145251865625 0.674107209375 0.134055515625 0.669778496875 0.11195294375 0.66598571875 0.1027329875 0.6612859671875 0.0990281234375 0.6577516796875 0.10045151562500002 0.65532715 0.11083198593750002 0.6584525046875 0.14461445625 0.663151134375 0.1697027203125 0.6662965578125 0.1736977140625 0.6754944 0.145251865625
0 0.734504265625 0.116672396875 0.7250312296875 0.10011217187499999 0.7203682453125 0.10098255781250001 0.7177219874999999 0.10529493125 0.7179804812499999 0.11593827812499999 0.7214947 0.14430236406250002 0.732003953125 0.1606691703125 0.7360563484375 0.159149071875 0.7398134828125 0.1424103765625 0.734504265625 0.116672396875
0 0.80670416875 0.1474894140625 0.8044478937499999 0.1250000046875 0.7998785109375001 0.10523341093750001 0.7947720765625 0.0939676046875 0.7898316546874999 0.09259872031250001 0.7860566984374999 0.0963580921875 0.7840756171875001 0.1188747546875 0.7853324421875 0.1461328328125 0.7994684609375 0.1618226734375 0.8036133359375001 0.16104899687500002 0.80670416875 0.1474894140625
0 0.8520760562499999 0.13291087343750002 0.8601061890624999 0.14210357499999998 0.868229921875 0.1306592984375 0.8671391140625 0.11329814375 0.8554276265625 0.08722783281249999 0.8455100156249999 0.079914815625 0.84051388125 0.0823747578125 0.8388113640625001 0.085747290625 0.8401060749999999 0.09619721718749999 0.8473952499999999 0.120801934375 0.8520760562499999 0.13291087343750002
0 0.9251662296875001 0.12385007031249999 0.9228731874999999 0.09678541093750001 0.917452546875 0.078705084375 0.9111984671875 0.0752903515625 0.9075159921875 0.07979614375 0.9046290609375 0.086444496875 0.9047950765625 0.09634141874999999 0.9091048421875 0.1268480671875 0.9136931687500001 0.138210584375 0.9194291390625 0.141722028125 0.9251662296875001 0.12385007031249999
0 0.7338166484374999 0.52613614375 0.7306344593749999 0.5175658999999999 0.7220115609375 0.5207028109375 0.7224360671875 0.5412430796875001 0.7266544765625 0.5496199015625 0.7291525437499999 0.54838993125 0.729115778125 0.54381468125 0.7349264015625 0.535093225 0.7338166484374999 0.52613614375
0 0.3802032796875 0.311868590625 0.392007246875 0.33868532500000004 0.39165627187499996 0.32729555625 0.39754155468749997 0.30634119375 0.393842378125 0.2764842609375 0.391418965625 0.2654813296875 0.386497490625 0.2557083703125 0.3819826984375 0.25349635312499996 0.3781152625 0.2565093015625 0.373803253125 0.26876945625 0.377687390625 0.3001192359375 0.3802032796875 0.311868590625
0 0.32235439062500004 0.43110992187499997 0.3205950390625 0.45969468124999996 0.330141609375 0.48540540625000006 0.33073437499999997 0.47307579375 0.3366931921875 0.4612719328125 0.34278125625 0.45478974687499996 0.3489060890625 0.45288280781249995 0.348443690625 0.4491506890625 0.34193111875 0.435092609375 0.3391567359375 0.4126999109375 0.3319778625 0.40182094062499996 0.3230775265625 0.40271858125 0.31987526875 0.42393581718749995 0.32235439062500004 0.43110992187499997
0 0.38578657031249997 0.403996046875 0.3939091828125 0.41393517031249993 0.3937788125 0.4299969 0.403714246875 0.45028924375 0.40658223125 0.452044965625 0.40993155937500003 0.449128728125 0.413985075 0.42622522500000004 0.40806526718749997 0.39983753437499997 0.39746353437500004 0.382724303125 0.3868974453125 0.3915697234375 0.3862311421875 0.3947488375 0.3874890875 0.40062351406249996 0.38578657031249997 0.403996046875
0 0.334298696875 0.6045280640625 0.3371287921875 0.623091940625 0.33635106718749996 0.6339287046875001 0.346064775 0.64815295 0.34974725 0.6436471578125 0.3526898921875 0.6331699765625001 0.3569272453125 0.633142725 0.362607503125 0.64048299375 0.36177518750000004 0.633765184375 0.35557682343749997 0.6265216234375 0.3478631390625 0.5813766359375 0.34532830468750003 0.5780313578125 0.34066532031249996 0.5789017453125 0.3361315859375 0.5850938046875 0.334298696875 0.6045280640625
0 0.39951029375 0.5190419515625 0.40260000468749996 0.526865771875 0.40239610312499996 0.533777 0.398842871875 0.543604465625 0.4016362 0.557593090625 0.400321421875 0.5769306421875 0.40180109374999995 0.5888734140625 0.40803510625 0.6220756265625 0.41164292500000005 0.6298027375 0.418637959375 0.6178054546875 0.4209521921875 0.5936992359375 0.4187694515625 0.5803603265625 0.4199538609375 0.577084503125 0.41758616406250004 0.562252746875 0.4106290171875 0.5574418734375 0.4096128640625 0.527847815625 0.40191588125 0.5170655562500001 0.39951029375 0.5190419515625
0 0.3508513953125 0.7595212453125 0.351590109375 0.7868760359375 0.3627834859375 0.8130430546875 0.3635979796875 0.8067815406250001 0.36916793281250004 0.8003960625 0.3727033421875 0.77758926875 0.3671166859375 0.7496120187499999 0.3676726828125 0.7327071593750001 0.3648604109375 0.7271226109375 0.35903196249999997 0.7228647406250001 0.35096394062499997 0.7304801921874999 0.350186215625 0.7413169578125001 0.347114328125 0.7464724640625 0.3508513953125 0.7595212453125
0 0.426585584375 0.7889148734375 0.432673646875 0.782432684375 0.43957508125 0.7910723828124999 0.44164751874999997 0.79068554375 0.4411115859375 0.7778029281250001 0.4442024203125 0.7642433453125 0.44377791093749996 0.7437030765625 0.43783916093749997 0.725719459375 0.42901348125 0.7143841984375 0.42571986562499997 0.7134716078125 0.4132105859375 0.7280255421875 0.42425353125000004 0.8000417671875001 0.426585584375 0.7889148734375
0 0.506893640625 0.7525414859375 0.5012512734375 0.7283930625 0.5049159265625 0.7109079421875 0.49951310624999995 0.7058069437500001 0.49394427500000004 0.69080901875 0.4864133078125 0.6899236828124999 0.4832489390625 0.6943327671875 0.47904723125000004 0.720318671875 0.4788243828125 0.7356339765625 0.4808032203125 0.7558841171874999 0.49769579999999997 0.78098733125 0.506893640625 0.7525414859375
0 0.53803703125 0.7215266812500001 0.5445496015625 0.7355847625 0.5468248203125 0.7496700953125 0.55814856875 0.7597753875000001 0.5653096171875001 0.7576750296875 0.570527478125 0.7612831843750001 0.568604353125 0.7372042171875 0.5586689203125 0.7169118734375 0.5550800453125 0.7007806890625 0.5502878156250001 0.696329403125 0.5444036546875 0.6959003625 0.5406286984374999 0.6996597296875 0.5386297953125 0.7091970703125 0.53803703125 0.7215266812500001
0 0.5508783375 0.7267665937500001 0.5555413203125 0.7258962078125 0.5580026203124999 0.7200909859375 0.552840471875 0.71265400625 0.5458086671875 0.7200760374999999 0.5453273265624999 0.7247479968749999 0.5508783375 0.7267665937500001
0 0.6077422328125001 0.6894234625 0.609462575 0.6990302578125 0.6069455609375 0.70866430625 0.6086848484375 0.7098670234375 0.6117734375 0.7390742453125 0.6164910109374999 0.755758434375 0.62048769375 0.758067159375 0.6273033375 0.7560312734375 0.633902821875 0.759381534375 0.6328499046875 0.725212228125 0.62441420625 0.68707518125 0.62178689375 0.6829834781249999 0.615107184375 0.6804118765625 0.6101110515625 0.6828718203124999 0.6077422328125001 0.6894234625
0 0.5161461984375 0.3865364578125 0.511408559375 0.39963974687500003 0.51416511875 0.409053121875 0.5125729031249999 0.426151403125 0.52143535 0.44206191562499997 0.525024225 0.4581931015625 0.5281696499999999 0.4621880921875 0.5307601953125001 0.4617045453125 0.5403457796875 0.4492237171875 0.5446767312499999 0.428559484375 0.5436037453125 0.4241776546875 0.5406065156250001 0.417100259375 0.5325206703124999 0.41173638281249997 0.5256938921875001 0.39086378125 0.519680484375 0.3851130671875 0.5161461984375 0.3865364578125
0 0.587419065625 0.4526560453125 0.5875304890625 0.4449983921875 0.59163859375 0.43964946562499996 0.5942659078125 0.44374116875 0.59606090625 0.44111505937500006 0.597375684375 0.421777509375 0.5943973984375 0.40629603750000004 0.58943915625 0.3919478265625 0.57855998125 0.3725953265625 0.5722501906249999 0.3730094203125 0.5682345640625 0.37910476875 0.5691036453125 0.390397828125 0.587419065625 0.4526560453125
0 0.46081656718749997 0.45337693906250004 0.46907067031249994 0.42587093125 0.469867340625 0.40663009062500005 0.46374362968750005 0.387153628125 0.45919206875 0.3803663625 0.4558984546875 0.3794537703125 0.4511797609375 0.384152984375 0.450419859375 0.407969075 0.444794190625 0.41818338125 0.4451083984375 0.4249979 0.4564689109375 0.4396784421875 0.46081656718749997 0.45337693906250004
0 0.4641402171875 0.5871651859375 0.46649603281249996 0.5933440609375 0.473186503125 0.6259519484375 0.4770539375 0.6229390015625 0.4782572921875 0.611259103125 0.482902453125 0.597409390625 0.4847364625 0.556591728125 0.47983393124999996 0.5384146921874999 0.4721915375 0.5451870109375 0.46643550312500004 0.57146304375 0.4566649625 0.5824510234375 0.4641402171875 0.5871651859375
0 0.0568529984375 0.2691271921875 0.0635694734375 0.2762740453125 0.070914359375 0.2970499359375 0.07505923437499999 0.296276259375 0.0765767953125 0.29141088125 0.0742291625 0.2467916453125 0.0698079734375 0.22394265 0.05778115625 0.21244122187499997 0.052322626562499995 0.21116905 0.048455190625 0.2141819953125 0.0462713296875 0.222226484375 0.046344864062500005 0.23137698593749997 0.0568529984375 0.2691271921875
0 0.1229693234375 0.2208927921875 0.1134762203125 0.2341200421875 0.1259476109375 0.2363742640625 0.12626069374999999 0.264572184375 0.1333470875 0.274704728125 0.1376022640625 0.2876568015625 0.141729315625 0.2739038 0.148187296875 0.2704073046875 0.1511667046875 0.26450537500000004 0.150187321875 0.2394865640625 0.1369772171875 0.20987755625 0.1318518375 0.207015828125 0.12624511562500002 0.20882605625 0.1229693234375 0.2208927921875
0 0.09270610781250001 0.404480390625 0.09265151875 0.386925815625 0.094891090625 0.3750525 0.08199631406249999 0.330874609375 0.077019125 0.324930475 0.070191225 0.3254412765625 0.065509296875 0.3347157390625 0.0657299015625 0.3621672359375 0.07786701875 0.38739441406249997 0.0882837953125 0.40301479687499997 0.09270610781250001 0.404480390625
0 0.0840419546875 0.4885756609375 0.085928309375 0.508079375 0.094031978125 0.526422578125 0.09804648437499999 0.5417106296875 0.10568887499999999 0.5349383125 0.10369109375 0.5230922484375 0.106745159375 0.5049574171875 0.10234291250000001 0.47370434375 0.09005760625 0.45155957031250005 0.08176785625 0.4531069234375 0.0772341203125 0.4592989828125 0.0766970671875 0.46779976718749994 0.0840419546875 0.4885756609375
0 0.0872363578125 0.6170422359375001 0.09139905468750001 0.629247884375 0.09352608125 0.646415621875 0.0923594953125 0.6626707703125 0.103350090625 0.6743656171875 0.10653228125 0.6829358578125 0.11454459218749999 0.6791492359375 0.114786384375 0.6554298546874999 0.1236131859375 0.6453817171875 0.1134370828125 0.6274253515625 0.11116186406249999 0.61334001875 0.105296646875 0.6045069 0.091104915625 0.5926458890624999 0.0905489171875 0.60955075 0.0872363578125 0.6170422359375001
0 0.136171446875 0.7552993671875 0.1215529640625 0.7656648890625 0.1194426359375 0.782859878125 0.1230125671875 0.8073951390625 0.12142035 0.824493421875 0.1295435234375 0.8237408453124999 0.13801766875000002 0.8343780390625 0.142347503125 0.835097209375 0.14551187031249999 0.830688125 0.14738152499999999 0.8158291156249999 0.1520634546875 0.806554653125 0.150435590625 0.7976942828125 0.140999321875 0.78570930625 0.141869525 0.7756189640625 0.1469581390625 0.7739054453125 0.13976032031250002 0.771430553125 0.136171446875 0.7552993671875
0 0.193031975 0.7821064421874999 0.1927534140625 0.8012505750000001 0.20046934218749998 0.80362875625 0.2067969546875 0.816193990625 0.21412402031250002 0.8239905562500001 0.21819423593749998 0.83544978125 0.22135860312500003 0.8310406968749999 0.2226733828125 0.811703146875 0.22058424531249998 0.777727259375 0.21775414999999998 0.7591633828125001 0.21109338593750002 0.74818770625 0.2060972515625 0.7506476484375 0.2031367875 0.748145503125 0.1951612453125 0.7565073765625 0.193031975 0.7821064421874999
0 0.277945059375 0.7914582968749999 0.2762971296875 0.8123854046875 0.282772934375 0.8218682359375 0.2899328625 0.8411512812499999 0.2964844453125 0.81701780625 0.2965591046875 0.804784903125 0.302758590625 0.7906450656249999 0.2992989625 0.7798355515625001 0.30233408281249996 0.7701047953125 0.29136243125 0.750005871875 0.285718940625 0.7472408500000001 0.2786871390625 0.75466288125 0.274670390625 0.7821416328125 0.277945059375 0.7914582968749999
0 0.2851496078125 0.6656327796875 0.2818938828125 0.6479120375 0.28309835781250003 0.6148487375 0.28802095781250003 0.6032382953125001 0.27497686875 0.5835262109375 0.26681636875 0.5903952375 0.26455785 0.6106726296875 0.26655563125000004 0.6225186953125 0.266591275 0.648477346875 0.27858020156249996 0.6767869281250001 0.2851496078125 0.6656327796875
0 0.17307535937500002 0.6124749234375 0.1725940171875 0.6171468828125 0.18058738125 0.621764334375 0.180623028125 0.647722984375 0.188819175 0.6668126109375 0.1935378703125 0.6621133984375 0.19823874218749998 0.6444348609375 0.20308668437500002 0.6450573203125 0.20488168281250002 0.6424312125 0.19977524687499998 0.63116540625 0.1967423703125 0.5981293578125 0.19130278437499998 0.588453109375 0.18739858125 0.5868908046875 0.175573425 0.6112449515625 0.17307535937500002 0.6124749234375
0 0.1720860046875 0.424792975 0.162519365625 0.428869728125 0.160464753125 0.442235890625 0.1650341359375 0.46200248281249995 0.161388425 0.471083528125 0.16136948125 0.47948760312500005 0.1717673109375 0.5035120640625 0.173673734375 0.49322830156249997 0.17861415625 0.494597184375 0.1842019328125 0.501191034375 0.1882543296875 0.49967093125 0.1867936015625 0.47932408281249994 0.19095742031250001 0.4701463296875 0.1908281734375 0.4648246578125 0.1832236703125 0.45478882187499997 0.17739634375 0.42914755312499997 0.1720860046875 0.424792975
0 0.15819177812500002 0.385383753125 0.1662408546875 0.38617238125000003 0.16622303125 0.3731930546875 0.1690174828125 0.365798278125 0.165355071875 0.34051659375 0.1539577890625 0.321260803125 0.1500535859375 0.3196984984375 0.1451499328125 0.322904865625 0.1414106203125 0.35262288750000004 0.14292706093750002 0.3691409109375 0.1534184921875 0.3725283921875 0.15819177812500002 0.385383753125
0 0.2251415390625 0.32248376093750003 0.22778667656249998 0.33955478906250003 0.22737886875000002 0.353377246875 0.23931320625 0.3641322515625 0.24536338125 0.374458215625 0.2489901453125 0.37378125 0.251543925 0.3687224515625 0.2582236328125 0.371294053125 0.25678072812499997 0.36392652812500004 0.25174782812499996 0.361811221875 0.24780685781249998 0.35567366875 0.2437199390625 0.30985171562499997 0.2285655234375 0.307334621875 0.22601174531249998 0.31239341875000004 0.2251415390625 0.32248376093750003
0 0.24939346406250001 0.44549239687500003 0.25720075 0.4700004046875 0.264102184375 0.47864010312499994 0.26793173124999997 0.4924353078125 0.2725947140625 0.49156492187499995 0.276277190625 0.487059128125 0.27625936875 0.47407980156249996 0.2724665890625 0.46485984843750006 0.27006212343749997 0.4454528390625 0.2631060984375 0.419258565625 0.25483529531250004 0.41240184375 0.24974668281249998 0.41411536250000003 0.24634164374999998 0.42086042656249995 0.24939346406250001 0.44549239687500003
0 0.291847265625 0.32606995156249996 0.299950934375 0.344413153125 0.3077403953125 0.3559418359375 0.3193048140625 0.363711146875 0.32039674375 0.3596889015625 0.3152357171875 0.3308685203125 0.31173932187500003 0.3154837578125 0.3070952828125 0.30795006875 0.30641115937499996 0.29814985625 0.30195207968750004 0.2921090125 0.295882959375 0.2901871234375 0.291349225 0.29637918281250003 0.29020158125 0.3042302546875 0.291847265625 0.32606995156249996