0 0.9323331671874999 0.062092767187499995 0.912151503125 0.0668941296875 0.8935815937499999 0.0664731515625 0.9088549765625 0.0779991125 0.9062156187499999 0.08316138125 0.89990395 0.0841215578125 0.9005664624999999 0.08748313437500001 0.9669173328125 0.086045271875 0.9723474359375001 0.0837044203125 0.97513283125 0.0772215484375 0.9587588234375 0.0662958203125 0.9473821484375 0.066295340625 0.9323331671874999 0.062092767187499995
0 0.9474465390625 0.1450610484375 0.9022319171875001 0.14241792343749998 0.8830048421875001 0.14793965781250001 0.9155284546875 0.1624677296875 0.9371811781250001 0.163068921875 0.9539879515624999 0.16072855 0.964185640625 0.1526852703125 0.9474465390625 0.1450610484375
0 0.9471949437499999 0.22215720625 0.950199396875 0.21369343125 0.9205395421875 0.20132647656249997 0.9115101531249999 0.198804934375 0.9059340140625001 0.2024663859375 0.8848707843750001 0.2058870765625 0.8901655359375 0.22347541093749998 0.908370353125 0.2271978953125 0.9471949437499999 0.22215720625
0 0.8943479609375 0.27918031718749997 0.884515365625 0.28392208750000003 0.88304965 0.2878238265625 0.8868679953124999 0.2907053140625 0.954982003125 0.29202879843749996 0.964741578125 0.287947328125 0.96745395625 0.2821247578125 0.963854665625 0.2772623625 0.9548252765624999 0.2747408203125 0.9457228687500001 0.272879578125 0.9155572296875001 0.2744390234375 0.8943479609375 0.27918031718749997
0 0.87398465625 0.35109261875 0.8693631046875 0.3554744453125 0.88529365625 0.3610576921875 0.891829725 0.36742090156249996 0.8990229609375 0.3678414 0.9313898453125 0.36508149218749997 0.9411494234375001 0.3610000203125 0.9438618 0.35517745 0.9310140640625001 0.3497744171875 0.8910835031250001 0.34611104375 0.8682571359375 0.3467703859375 0.87398465625 0.35109261875
0 0.9274628796875 0.428650640625 0.9291476515625 0.4227679984375 0.9214379390625 0.41766532187500005 0.8878190484375 0.41304177031249995 0.858242903125 0.41862309687500004 0.8673453109375 0.420484340625 0.8776997234374999 0.4297290375 0.9125652765625001 0.43243175625 0.9274628796875 0.428650640625
0 0.8862553984374999 0.502002728125 0.9062180046874999 0.4991822703125 0.9093684937500001 0.489397890625 0.8877887890625 0.48813639843749995 0.8718582359375 0.4825531515625 0.8672366874999999 0.48693497812500003 0.8543942953125001 0.49083623593750003 0.8743675937500001 0.5066243578125 0.8862553984374999 0.502002728125
0 0.8645724140625 0.576496165625 0.87338275 0.580998615625 0.884681059375 0.5723551062500001 0.9014878328125 0.570014734375 0.90706396875 0.5663532796874999 0.9046383203125 0.5602303546875 0.8801948562499999 0.556807746875 0.8597157734374999 0.5549460234375 0.850910784375 0.5597478671875 0.8433578015625001 0.5719331671875 0.8645724140625 0.576496165625
0 0.8896320984375 0.6304621109374999 0.848162803125 0.631360775 0.8242411578125 0.6419246375000001 0.8580060859374999 0.6452275843749999 0.8872901593750001 0.6422874640625 0.8949945234375001 0.6380858515625001 0.8955056546875 0.633463740625 0.8896320984375 0.6304621109374999
0 0.82956516875 0.7057126359375 0.8283185078124999 0.70763346875 0.8406497671875 0.708354321875 0.8740442609375 0.705654484375 0.8837308171875 0.702233315625 0.88240579375 0.6955101578125 0.8736684765625 0.6903474093749999 0.857299815625 0.6887259718750001 0.8277236703125 0.694307296875 0.810181365625 0.6939463921875 0.82956516875 0.7057126359375
0 0.7704993109375 0.3609928203125 0.77916360625 0.366815871875 0.813288284375 0.357513021875 0.8154111687500001 0.3476685703125 0.8064547953125001 0.344486725 0.769534034375 0.341663865625 0.742451209375 0.343403525 0.7464886109375 0.34430411250000004 0.748549165625 0.3537285453125 0.7704993109375 0.3609928203125
0 0.8020411203125001 0.42663537968750004 0.8064436171875 0.4242344578125 0.8040909859375001 0.41745123125 0.792343875 0.41144796718750004 0.75894938125 0.4141478046875 0.7447089484375 0.41198620625000004 0.746988559375 0.419429734375 0.7597632765625 0.4254930703125 0.8020411203125001 0.42663537968750004
0 0.7304001 0.475613028125 0.7172656359375 0.482155490625 0.723139190625 0.4851571234375 0.7227010796875 0.48911893125 0.71631639375 0.490739409375 0.71683286875 0.495421590625 0.751625403125 0.498784609375 0.7600653 0.4972842734375 0.766893440625 0.501006278125 0.7903769765625 0.4944042234375 0.792797278125 0.49122285625 0.788978934375 0.48834136875 0.7521988625 0.4748936171875 0.7304001 0.475613028125
0 0.7645296312500001 0.5739707828125 0.7793542140625 0.5708499687499999 0.7894058640625 0.5641272921875 0.7888163718750001 0.5601054125 0.7798599984375 0.55692356875 0.7430122531250001 0.5534404078125 0.723493103125 0.5616033500000001 0.7176248921874999 0.5679060078125 0.7365652390624999 0.57432976875 0.7645296312500001 0.5739707828125
0 0.7686721203125 0.6300368125 0.73255990625 0.6292549281250001 0.720453046875 0.6358574609375001 0.7209695218750001 0.64053964375 0.7513595625 0.646303584375 0.776971325 0.6391613703125001 0.7766008875 0.633158584375 0.7686721203125 0.6300368125
0 0.6922879359375 0.698674284375 0.74513925 0.707080390625 0.7684767484374999 0.7017989390625 0.7699424625 0.6978972015625 0.7622327515625 0.6927945234374999 0.72729418125 0.6907521078125 0.6922879359375 0.698674284375
0 0.84266149375 0.7652823 0.85976034375 0.7603007234375 0.8785493093750001 0.758740796875 0.8803801171875 0.7515375515625 0.8726704062499999 0.746434875 0.8357496453125 0.7436120171875 0.8185047593749999 0.74991419375 0.8159384203125001 0.7544161609375 0.8216659375 0.7587383984375 0.84266149375 0.7652823
0 0.7123693640625001 0.7463680828125 0.68770684375 0.744926378125 0.706574171875 0.7520104421875 0.6904299109375 0.7577123890624999 0.7280185312499999 0.7732011171875001 0.746510075 0.76497810625 0.76449049375 0.761377203125 0.76844953125 0.7536337984375 0.7645581671875 0.751412609375 0.7531814906250001 0.7514121296875 0.7362233359375 0.7457688124999999 0.7240381140625 0.7437273578125 0.7123693640625001 0.7463680828125
0 0.6351546734375 0.4906469015625 0.6546791671875 0.4917882515625 0.6628946625000001 0.48296452968750003 0.655257971875 0.47720155000000003 0.6382267984375 0.47221853437499994 0.617601678125 0.471677415625 0.6006488671875 0.4753383875 0.601311378125 0.478699965625 0.6183478984375 0.492987271875 0.6351546734375 0.4906469015625
0 0.6527343906249999 0.55613784375 0.6200700859375 0.5522346671875 0.594823415625 0.5560753734375 0.6175090890625 0.5660409265624999 0.6575856859375 0.568383696875 0.6635999359375 0.560760434375 0.6618368 0.5579990875 0.6527343906249999 0.55613784375
0 0.6402214890625 0.6225279328125 0.6073381265625 0.620605659375 0.5806257421875001 0.628348103125 0.608741515625 0.6359728046875001 0.6342125859375 0.6394554859375 0.6567415343749999 0.6321330578125 0.6540968312500001 0.6279910375 0.6402214890625 0.6225279328125
0 0.582791384375 0.6929379796874999 0.5820611984374999 0.69954099375 0.5767771359375 0.7005612421875 0.6199365484375 0.703084225 0.6536231140625001 0.6977431828125 0.6513435046875 0.6902996546875 0.6293203421875 0.6836956796875 0.6038492703125 0.6802129984375 0.59489824375 0.6863354453125 0.5788270015625 0.6913770921875 0.582791384375 0.6929379796874999
0 0.6491796703125 0.7566301515625 0.6466810046875 0.751167525 0.6356694234375 0.7478655390625 0.5942731453125 0.7481039015625 0.5696889890625 0.7553061875 0.5649944203125 0.7603483140625 0.5945759093749999 0.7640712796875 0.6266507234375001 0.7639525765624999 0.6491796703125 0.7566301515625
0 0.8667719375 0.8278321609375 0.86618244375 0.8238102812499999 0.8472420968750001 0.8173865203125 0.8188342484375 0.8124030234375 0.8029143875000001 0.8254283609374999 0.816497653125 0.833532671875 0.849527053125 0.8341343406249999 0.862296425 0.8308933828124999 0.8667719375 0.8278321609375
0 0.4951596234375 0.1292546859375 0.48451848125 0.1319554828125 0.476595059375 0.13813799843750002 0.46499933125000004 0.1401184234375 0.47843655937499996 0.14954333749999998 0.5030260609375 0.15164534375 0.522774959375 0.1601100796875 0.5330456625 0.1514064984375 0.5425861859375 0.1493059328125 0.5454446 0.142162759375 0.524887153125 0.13165704843749998 0.514319028125 0.13369754218750002 0.4951596234375 0.1292546859375
0 0.46427119375 0.21217127812499997 0.489304153125 0.2196157671875 0.49672178906250003 0.2273596484375 0.5166113765625 0.22519949375 0.5348838687499999 0.21895738593749997 0.5403869859375 0.21595623437499997 0.5399435296874999 0.21061375 0.5212222375 0.2022090859375 0.5016247234375 0.20172803749999998 0.48584555468749996 0.20412847968749998 0.46427119375 0.21217127812499997
0 0.5422720078125 0.27855675468749996 0.5321419953125 0.276635440625 0.528834778125 0.2691318421875 0.5237697703124999 0.2681711859375 0.5193672765625 0.27057210625 0.506962996875 0.2705115578125 0.49705738593750004 0.2759136296875 0.47224882656249995 0.2757925265625 0.461169571875 0.2824551328125 0.4781277265625 0.28809845 0.473068065625 0.2964420828125 0.515418928125 0.2969240921875 0.53912151875 0.28834113437500003 0.54374306875 0.2839593078125 0.5422720078125 0.27855675468749996
0 0.493640784375 0.3580998109375 0.5263781078124999 0.3613426875 0.5454591484375 0.357141553125 0.543325575 0.348377421875 0.519174184375 0.34231360781250003 0.49458467968750003 0.34021160156249997 0.4641999859375 0.343751953125 0.4618527015625 0.3462730140625 0.4849764875 0.35227675937499997 0.493640784375 0.3580998109375
0 0.521020796875 0.4284937015625 0.5314428828125 0.427773809375 0.5612380859375 0.420211578125 0.5649780671875 0.4144490796875 0.55741439375 0.4080257984375 0.5204936328125 0.4052029375 0.513524796875 0.41210582812499996 0.4879860515625 0.41858774062500004 0.487693978125 0.4212289453125 0.521020796875 0.4284937015625
0 0.4769034953125 0.4813959625 0.48439414843749995 0.48847954531250004 0.47764437031250007 0.49340152968749995 0.4714057203125 0.4937014046875 0.4752970859375 0.49592259375000003 0.527626578125 0.49034222656250004 0.538857215625 0.49166330937499997 0.5456069968749999 0.486741325 0.540463625 0.4771366796875 0.511763703125 0.47479438749999997 0.49084650781250005 0.47689447500000004 0.4769034953125 0.4813959625
0 0.5178367453125 0.5695183265625 0.54550371875 0.5624962546875001 0.5449872421874999 0.5578140734375 0.5372045140624999 0.553371696875 0.4996212375 0.5471872609374999 0.47400413124999996 0.5450251828125 0.471437790625 0.5495271500000001 0.4790798265625 0.5645944203125 0.5023496515625 0.5692775625000001 0.5178367453125 0.5695183265625
0 0.4874111 0.6295447234375 0.491891959375 0.6357877921874999 0.5222036343750001 0.6329077421875 0.533434271875 0.6342288234375 0.539964996875 0.63128774375 0.537977459375 0.6212030093750001 0.504577621875 0.6145985546875 0.49231938125 0.6132174015625 0.47426594531250005 0.6174786046875 0.4753719140625 0.626182665625 0.4874111 0.6295447234375
0 0.5183443390625 0.6865122984375 0.4889819046875 0.6808084296875 0.46777263593749996 0.685549721875 0.465133278125 0.690711990625 0.488116371875 0.707340628125 0.5305349078125 0.6978580453125 0.5302374890625 0.6911949609375 0.5183443390625 0.6865122984375
0 0.446235690625 0.7587225578125001 0.4398510046875 0.7603430343750001 0.45262572187499994 0.76640636875 0.48741825624999996 0.7697693875 0.5275625265625 0.7621475656250001 0.52836573125 0.75488425 0.515517996875 0.7494812171875 0.47052242812499995 0.7448571875 0.45063283906249996 0.7470173453125 0.45232295625 0.75043899375 0.446235690625 0.7587225578125001
0 0.32034777812500004 0.48487096249999995 0.35029970781249997 0.4945967109375 0.3782640984375 0.49423772499999996 0.3821554640625 0.49645891249999996 0.3889052421875 0.49153692812500005 0.400500971875 0.48955650312500004 0.405122521875 0.48517467812500004 0.3983673984375 0.48079237187499996 0.38126320625 0.47646965625000004 0.32973691562499996 0.4747867078125 0.32085890781250004 0.48024885156249997 0.32034777812500004 0.48487096249999995
0 0.3915143421875 0.5614692875 0.39341817031250004 0.553605740625 0.367279240625 0.5374571921875 0.360967575 0.53841736875 0.353852703125 0.5466408609375 0.31994708125 0.55396280625 0.3365401453125 0.56290763125 0.35070755781249996 0.5657295296875 0.3915143421875 0.5614692875
0 0.32900854218750003 0.6123100953125 0.3141109390625 0.6160912109375001 0.329378978125 0.6183128796874999 0.346780590625 0.6292986796875 0.3701234328125 0.63332151875 0.3933148921875 0.62936066875 0.39588123125 0.6248587015625 0.3923549609375 0.6193360078125 0.359247196875 0.6100903468750001 0.334657696875 0.6079883421875001 0.328346028125 0.60894851875 0.32900854218750003 0.6123100953125
0 0.3787360890625 0.677022034375 0.3393950234375 0.677380540625 0.315765453125 0.685303196875 0.3494573640625 0.6892664453124999 0.3764671703125 0.6881870859375 0.3819702875 0.6851859359375 0.3825544359375 0.6799035234375 0.3787360890625 0.677022034375
0 0.3795143796875 0.7541576375 0.385528628125 0.746534375 0.3777458984375 0.742092 0.33480554375 0.7375881109375 0.3063407125 0.761177790625 0.32483760156249997 0.7622590687499999 0.3489836484375 0.7590185921875 0.366155515625 0.7533767124999999 0.3795143796875 0.7541576375
0 0.21751425468750002 0.47952415937500004 0.21919902656249998 0.47364151874999993 0.2135445265625 0.4686589828125 0.1730244734375 0.46097372812500004 0.136844584375 0.4701564375 0.15116338125 0.480962025 0.1753147734375 0.487025840625 0.19197550937500002 0.48600607343749996 0.21751425468750002 0.47952415937500004
0 0.168091278125 0.561699971875 0.17939493281250002 0.5623607515625 0.1964207625 0.558039478125 0.21389005 0.559060684375 0.21932014843749997 0.5567198359375001 0.220269390625 0.548135915625 0.21138603906250003 0.5442937703124999 0.1684456828125 0.5397898828125001 0.1573664265625 0.5464524875000001 0.12896392343750002 0.5507732812499999 0.168091278125 0.561699971875
0 0.13120258437500001 0.6147028578125 0.1364189734375 0.6236472 0.1287876265625 0.6271885140625 0.1648268234375 0.628630696875 0.1870636953125 0.623949478125 0.1993949578125 0.62467033125 0.207099321875 0.6204687171875001 0.2076104515625 0.6158466078125 0.19791855 0.6099634859374999 0.15710642187499999 0.6049194390625 0.13376892499999998 0.6102008890625 0.13120258437500001 0.6147028578125
0 0.112529396875 0.6900368078125 0.12633171875 0.6961602140625 0.1553237171875 0.6958613 0.16949113124999998 0.6986832 0.1894483953125 0.6865584484375 0.18592212187499998 0.681035753125 0.17498355937500001 0.677073465625 0.14584018125 0.6693886921875001 0.138725309375 0.6776121859375001 0.12397374531250001 0.6800726984375001 0.112529396875 0.6900368078125
0 0.1780307703125 0.7430440171875 0.1399363671875 0.7414816875 0.0956816734375 0.7488632265625 0.12467901562499999 0.7578686015625 0.14420351250000002 0.7590099515625 0.172752053125 0.7533685546875 0.1783281890625 0.7497071015625 0.1780307703125 0.7430440171875
0 0.0410818328125 0.12029044375 0.020471317187499997 0.119617265625 0.01812011875 0.14087897031250002 0.037644615625 0.14202031875 0.0648004578125 0.13962035781249998 0.0692759703125 0.1365591359375 0.0689055328125 0.1305563515625 0.063178015625 0.126234115625 0.0410818328125 0.12029044375
0 0.052910134374999994 0.20973314843750002 0.03947825 0.209612525 0.0162814453125 0.2042690828125 0.0110460625 0.204849128125 0.0090087 0.22327283437499998 0.017909232812500002 0.226959615625 0.053802390624999995 0.22972240156249998 0.06532510312499999 0.2284022796875 0.06980061562499999 0.2253410578125 0.0684025734375 0.21927820312500002 0.052910134374999994 0.20973314843750002
0 0.03933960625 0.285687259375 0.010858739062500001 0.28136406406250003 0.0025283703125 0.2818739484375 0.0008336343749999999 0.2971993296875 0.0256993578125 0.3061561234375 0.04588101875 0.301354759375 0.05806624375 0.30339621562499997 0.06929153593750001 0.2954130078125 0.067304 0.285328271875 0.03933960625 0.285687259375
0 0 0.35784686250000003 0.0111989171875 0.3624614765625 0.036080496875 0.3619222765625 0.0529602875 0.3589216046875 0.0575088203125 0.35520008125 0.05706536250000001 0.3498575984375 0.043263040625 0.343734190625 0.029758137499999997 0.34427387187499997 0.0087625796875 0.33772996875 0.00274833125 0.34535323125 0 0.34624052656250004 0 0.35784686250000003
0 0.0133948203125 0.351956725 0.011929103125 0.3558584609375 0.0156744328125 0.359400253125 0.0314536 0.3569998109375 0.029027953125 0.3508768875 0.02095315 0.349075715625 0.0133948203125 0.351956725
0 0 0.4175282109375 0.009838290625 0.42152865625 0.0371401703125 0.4178080921875 0.051526642187500006 0.41864908749999996 0.061359234375 0.41390731562500005 0.0579790015625 0.40706401718749996 0.0370564609375 0.3998598125 0.007182896875 0.398778053125 0 0.402324921875 0 0.4175282109375
0 0 0.4811328515625 0.04004134375 0.48509924687500006 0.0579487421875 0.48215864531249997 0.0666807109375 0.4780171046875 0.0673378796875 0.472074390625 0.0635195328125 0.4691929015625 0.013166885937500001 0.466249421875 0 0.46920574843749996 0 0.4811328515625
0 0 0.555754328125 0.003971890625 0.5587516890625001 0.015129506249999999 0.560733075 0.0533646046875 0.55167050625 0.054021771875 0.5457277953124999 0.0350084046875 0.5399643359375 0.0234856953125 0.5412844578125 0.006381503125 0.5369617421874999 0 0.538854978125 0 0.555754328125
0 0 0.6243794890625 0.0028356609375 0.62514225625 0.020450984375 0.6248428609375 0.052082340625 0.6193816796875 0.0509033546875 0.6113379203125 0.02073236875 0.603593075 0.009501731250000001 0.602271990625 0 0.6043451421875 0 0.6243794890625
0 0 0.6960203046875 0.0297368453125 0.6905135375 0.0315676546875 0.6833102921875 0.010864170312500001 0.6741251828125 0 0.671499115625 0 0.6960203046875
0 0 0.7578744000000001 0.0099576875 0.7571434296875 0.027275592187499996 0.7501809500000001 0.0268321359375 0.74483846875 0.013911381249999999 0.740095734375 0 0.73905719375 0 0.7578744000000001
0 0.0314072203125 0.0207247375 0.028631254687500003 0.0458275765625 0.045736706249999995 0.050138906250000004 0.0693662796875 0.04221625 0.0700964640625 0.035613234375000004 0.05952299531250001 0.028349440625 0.035517640625 0.020965021875 0.0314072203125 0.0207247375
0 0.5390494609375 0.059704121875 0.53655079375 0.0542414984375 0.502269390625 0.04625636875 0.480689684375 0.044994878125 0.4795213859375 0.055559700000000004 0.4896567453125 0.066785303125 0.5298063609375 0.0684677734375 0.5341358359374999 0.06672715312500001 0.5390494609375 0.059704121875
0 0.64444398125 0.051244665625 0.6310120953125 0.051124042187499996 0.63358378125 0.055926367187500006 0.6146487796875 0.058806896875 0.6227289265625 0.0699123578125 0.6385134421875 0.07681620781250001 0.6528999109375 0.07765720312499999 0.6780005453125 0.0751371 0.6870245890625 0.0683543515625 0.6810726703125 0.0567087296875 0.672997865625 0.054907557812499994 0.66551255625 0.057128267187500005 0.64444398125 0.051244665625
0 0.31668403125 0.05037071562499999 0.35368315781250004 0.061837564062499996 0.395449871875 0.0676019828125 0.40660214687499996 0.0602790765625 0.40652378125000005 0.051635085937500005 0.38420854531250004 0.04767231875 0.3643866296875 0.039867884375 0.3521283890625 0.0384867296875 0.33172766875000004 0.0452689953125 0.3172681796875 0.045088303125 0.31668403125 0.05037071562499999
0 0.1621321171875 0.02637285625 0.1656637328125 0.0411998421875 0.18497451874999998 0.0536263859375 0.231362784375 0.05500898125 0.23591131562499998 0.051287456249999995 0.23700659375000002 0.0413829359375 0.23304221093750002 0.0398220484375 0.1943529671875 0.0249335515625 0.1861321265625 0.0244529828125 0.1710154703125 0.0302150015625 0.1621321171875 0.02637285625
0 0.20521497656249998 0.1511722234375 0.21313839843750002 0.14498970625000002 0.22202175 0.1488318546875 0.2412488265625 0.143310115625 0.23140554375 0.1294433078125 0.19154800156250001 0.1251196328125 0.1665934078125 0.1263191328125 0.14869135312499998 0.1385640265625 0.171517721875 0.1379046859375 0.20521497656249998 0.1511722234375
0 0.1484366921875 0.20633526562500001 0.15908852812500002 0.22224305156250002 0.2057742125 0.23028873125 0.2214803609375 0.228548590625 0.23564243125 0.2220661984375 0.23424438749999998 0.21600334375000002 0.2186059125 0.20777889218749998 0.210019978125 0.21059982968750002 0.187923796875 0.20465615625 0.1700164 0.20759675937500002 0.1484366921875 0.20633526562500001
0 0.15472572812500002 0.289753384375 0.1743962609375 0.28957413125000003 0.1906188875 0.2925161703125 0.2050837203125 0.30200115625 0.23854588593749998 0.2893367265625 0.2372208625 0.28261356875 0.22143634687499997 0.27570971875 0.1993401671875 0.2697660484375 0.1922983140625 0.277329240625 0.1625031109375 0.2848914703125 0.15472572812500002 0.289753384375
0 0.13963351562499998 0.342057484375 0.1878632796875 0.35484541406250003 0.22008412812499997 0.3534061109375 0.23351066875 0.34422244218750003 0.2225667609375 0.33095586250000003 0.2187484140625 0.328074371875 0.13963351562499998 0.342057484375
0 0.20653439843750002 0.4243460578125 0.207264584375 0.41774304375 0.2228923703125 0.40735891406249997 0.221348290625 0.4026166625 0.210482746875 0.3979940703125 0.1736350015625 0.3945109109375 0.141346478125 0.405914809375 0.1734996546875 0.41444009531250003 0.1890651109375 0.4233248484375 0.20653439843750002 0.4243460578125
0 0.615646125 0.133961596875 0.5995748812499999 0.1390032421875 0.6022195859374999 0.1431452640625 0.6173415875 0.1466875359375 0.6305597609375 0.158093353125 0.658305096875 0.1597152703125 0.674230303125 0.1559942265625 0.6833273671875 0.14855117812500002 0.682737871875 0.1445292984375 0.6715072359375001 0.1432082140625 0.66372450625 0.1387658390625 0.6434644796875 0.1349232125 0.615646125 0.133961596875
0 0.6355891625 0.2248443484375 0.675957834375 0.2245459109375 0.6855713734375 0.22178504375000002 0.690411978125 0.2154223140625 0.67095515625 0.20431637187499999 0.6432828374999999 0.202034153125 0.6080575359375 0.21193723437499998 0.616059321875 0.21439870625 0.6204671625 0.22130207500000001 0.6355891625 0.2248443484375
0 0.6730638156250001 0.2974794234375 0.682525971875 0.28673486718749996 0.6775286390625 0.27580961875 0.6320219421875 0.2758076984375 0.6129409031249999 0.28000883125 0.6072917484375 0.2843305859375 0.6288037796875 0.2955566703125 0.6529498265625 0.29231619375 0.6730638156250001 0.2974794234375
0 0.6022588109375 0.3391956734375 0.6228216015625 0.3590056765625 0.6308233859375 0.36146715 0.6650994453125 0.3601479875 0.6748590203125 0.35606651562499997 0.6766898296875 0.3488632703125 0.6640611515625 0.3414793328125 0.6536390625 0.342199225 0.64982071875 0.33931773593750003 0.6142196328125 0.33391374375 0.6022588109375 0.3391956734375
0 0.67239776875 0.41573392656249997 0.6709267078125001 0.4103313734375 0.6518403234375 0.40522821562500005 0.625122590625 0.40366636875 0.599954284375 0.416151065625 0.6088376390625 0.41999321093750003 0.6292437015625 0.42251523437499994 0.654198296875 0.4213157328125 0.67239776875 0.41573392656249997
0 0.3202368203125 0.13530071562499998 0.35202490468750003 0.1471275109375 0.3625983734375 0.15439130625 0.38476222656250003 0.1503703875 0.4040676671875 0.153492640625 0.40853783593750004 0.141127128125 0.399800521875 0.1359643765625 0.38438644375000003 0.1350633125 0.3726393328125 0.12906004843750002 0.3644184921875 0.1285794796875 0.3202368203125 0.13530071562499998
0 0.37600555 0.206024996875 0.345985946875 0.2062638390625 0.34085326718750003 0.215267775 0.3219912828125 0.2174880046875 0.3323456984375 0.226732703125 0.35657010625 0.23213621562500003 0.37102959687500003 0.2323169109375 0.38497795468749996 0.23711971406250001 0.408680546875 0.22853675624999997 0.41036531875 0.22265411249999997 0.4041213234375 0.21364969843749998 0.3915710078125 0.2149097484375 0.37600555 0.206024996875
0 0.33395414687499997 0.27765598125 0.3597956578125 0.28714144375 0.3773379609375 0.28750235 0.4036175828125 0.29302600624999997 0.411394965625 0.288164090625 0.41535400312500004 0.28042068750000004 0.3865757171875 0.2694344078125 0.3622052703125 0.26535149687500004 0.35156412656249997 0.26805229375 0.33607703125 0.2678115296875 0.33395414687499997 0.27765598125
0 0.397305675 0.3594567171875 0.40926649687500005 0.354174784375 0.4101427203125 0.34625116718750004 0.3986146640625 0.338267 0.3592735984375 0.33862550625 0.3392379703125 0.342106265625 0.32940537812500004 0.3468480390625 0.3691952453125 0.3611363046875 0.397305675 0.3594567171875
0 0.363402103125 0.432228503125 0.3684671078125 0.4331891578125 0.4053771828125 0.41740343593749996 0.4017048734375 0.41320134375000006 0.387610478125 0.40971914375 0.3577369125 0.40863738437499997 0.338655871875 0.412838515625 0.3371171359375 0.41740055624999994 0.356349559375 0.4211831109375 0.363402103125 0.432228503125
0 0.7611528468750001 0.062054571875 0.74728819375 0.07520004999999999 0.750005915625 0.0786817703125 0.7678402953125001 0.0764014703125 0.8097530468749999 0.0808452875 0.8225954375000001 0.076944028125 0.8242802109375 0.07106138906250001 0.8195072781249999 0.06745952656250001 0.8095233015625001 0.064217609375 0.8040148390624999 0.0579144703125 0.78881981875 0.0550325 0.759973859375 0.0540108140625 0.7611528468750001 0.062054571875
0 0.75048144375 0.139849996875 0.7397672796875 0.143211096875 0.7433665703125001 0.148073490625 0.7409462671875 0.1512548546875 0.7711902703125 0.15833939531250002 0.81559634375 0.158941546875 0.8200718578125 0.155880325 0.8201395296875 0.1459157328125 0.7930513625 0.1383511015625 0.7480557937500001 0.1337270703125 0.745854546875 0.1349275328125 0.75048144375 0.139849996875
0 0.7666738078125 0.21788666562499998 0.798900003125 0.2257516515625 0.814606153125 0.2240115109375 0.8201092703124999 0.221010359375 0.8208394562500001 0.2144073453125 0.8067450609375 0.2109251453125 0.8001359734375001 0.2052222375 0.7947788921875001 0.20690278750000002 0.74148946875 0.2024584890625 0.7666738078125 0.21788666562499998
0 0.8215393843750001 0.2828989609375 0.8221965515624999 0.2769562484375 0.8146328781250001 0.2705329671875 0.8019365234375 0.2731136203125 0.78086795 0.26723001874999996 0.744761078125 0.275752428125 0.773174271875 0.29004021406249997 0.7907165765624999 0.2904011203125 0.8215393843750001 0.2828989609375
0 0.8618173625000001 0.8913412390625 0.8622554750000001 0.88737943125 0.8504353453125001 0.88203646875 0.81417709375 0.8825751890625 0.7847523296875 0.896140203125 0.8089037203125 0.9022040171875 0.8245368531249999 0.901124178125 0.83657069375 0.8951819453125 0.8618173625000001 0.8913412390625
0 0.852241240625 0.9592321421875001 0.8519438203125 0.9525690578124999 0.8440880734375 0.9487869812499999 0.8289660718749999 0.9452447109375001 0.8070942921875 0.9466244250000001 0.792713165625 0.9550877218749999 0.7864745171874999 0.9553875953125001 0.8255288546875 0.9669745859375001 0.852241240625 0.9592321421875001
0 0.677266996875 0.9702698546875 0.68298916875 0.9652877984374999 0.696786146875 0.9621069125 0.7392100296875 0.9619286203125 0.7437585624999999 0.9582070953124999 0.7422875 0.9528045421875 0.7204103749999999 0.9448799640625 0.702059521875 0.942478084375 0.6837140109375001 0.9493804921875 0.6733756328125 0.968048665625 0.677266996875 0.9702698546875
0 0.620738028125 0.948357365625 0.5891743453125 0.9438539562500001 0.5640844031250001 0.96498264375 0.5709855640625 0.9680443437499999 0.5979223515625 0.9676252875 0.6270550421875 0.9567014781250001 0.6276391890624999 0.9514190687499999 0.620738028125 0.948357365625
0 0.5136533921875001 0.953395171875 0.4714485671875 0.9515925609375 0.4564102734375 0.9659985703125 0.4828359296875 0.9702016234374999 0.4988341546875 0.9658202765624999 0.5080095828125 0.9670212171875001 0.5179151953125001 0.9616191453124999 0.5136533921875001 0.953395171875
0 0.28428909999999996 0.9605888171875 0.3037405765625 0.9623904671875 0.313281096875 0.9602899015625 0.360843003125 0.9604119624999999 0.36641914062500003 0.9567505109375001 0.36693027031250003 0.9521284 0.359220559375 0.947025721875 0.32486613593749997 0.9397008953125001 0.30321875625 0.9484039953125001 0.2960308671875 0.9572877890625 0.28428909999999996 0.9605888171875
0 0.0999096828125 0.953797909375 0.1734537921875 0.952780540625 0.178883890625 0.9504396906249999 0.1794680390625 0.9451572796875001 0.172858953125 0.939454371875 0.134983603125 0.9359111406249999 0.0999096828125 0.953797909375
0 0 0.8171669765624999 0.0182836171875 0.812789440625 0.0210690125 0.80630656875 0.0174697234375 0.801444175 0.0054305359375 0.7980821171875 0 0.7982613390625 0 0.8171669765624999
0 0.094837521875 0.8126125890625 0.1042320046875 0.8118326250000001 0.13865944531250002 0.81849715 0.175355809375 0.8139966218750001 0.180050378125 0.808954496875 0.178579315625 0.803551940625 0.1594199125 0.7991090843750001 0.141142078125 0.7960469031249999 0.119124259375 0.7987472171875 0.09424802812500001 0.808590709375 0.094837521875 0.8126125890625
0 0.313054884375 0.8220461421874999 0.32803085 0.8269090171875 0.3537939953125 0.8277504890625 0.35437814375 0.8224680796875001 0.3746328234375 0.817006415625 0.371252590625 0.8101631156250001 0.36024100937500003 0.8068611296875 0.32427483125 0.80475864375 0.30020715 0.8166431078124999 0.2941929015625 0.82426636875 0.313054884375 0.8220461421874999
0 0.5159558750000001 0.810989875 0.47059521562500006 0.8096673515624999 0.444472321875 0.821431675 0.445134834375 0.8247932515624999 0.48095497500000006 0.8282163421875 0.5120752015625001 0.82737726875 0.52748393125 0.8189740437499999 0.5159558750000001 0.810989875
0 0.6360042578125 0.819658659375 0.6355608015625 0.8143161781250001 0.6246222375 0.8103538890624999 0.6103087859375 0.80885259375 0.590346178125 0.8116730515624999 0.5739098406250001 0.8200162078125001 0.5937317578125 0.8278206406249999 0.6176587484375 0.8265610703125 0.6360042578125 0.819658659375
0 0.6946507625 0.8224224078125 0.7135180906249999 0.8295064703125 0.7436107125 0.8286073249999999 0.7568181984375 0.8214045609375 0.7502821281250001 0.8150413500000001 0.7157816671874999 0.8090371281250001 0.6946507625 0.8224224078125
0 0.702184178125 0.9039403171875 0.7330069828125 0.8964381578125 0.7442376203125 0.8977592390625 0.75135249375 0.8895357484374999 0.7296944234375 0.8796302671875 0.71839076875 0.878969484375 0.7011458828125 0.8852716640624999 0.689774553125 0.8945754750000001 0.689336440625 0.8985372843749999 0.702184178125 0.9039403171875
0 0.5682981015624999 0.8894679968749999 0.5598582046875 0.890968334375 0.5835714859375 0.90099395625 0.600451278125 0.8979932859374999 0.61270951875 0.8993744375 0.6172633953125 0.9049572046875 0.62966233125 0.895713465625 0.6308306265625 0.8851486421875 0.625176128125 0.8801661062499999 0.5994129828125 0.87932463125 0.5853916046875 0.8751821312500001 0.5682981015624999 0.8894679968749999
0 0.482209021875 0.90104970625 0.5118581875 0.8948080796875001 0.5175073421875 0.8904863234375 0.518164509375 0.8845436109374999 0.5053897921875 0.8784802765625 0.47250643124999997 0.8765580046875 0.45783323125 0.8876625046875001 0.4504209390625 0.8892229125 0.449982828125 0.8931847218750001 0.482209021875 0.90104970625
0 0.287621228125 0.8836934968750001 0.3171297015625 0.8880767625000001 0.3523603484375 0.887477971875 0.36336658437499997 0.8814756687499999 0.35683051718750003 0.8751124593749999 0.3177815234375 0.872829759375 0.287621228125 0.8836934968750001
0 0.159248959375 0.8848286062499999 0.16841904375 0.87672525625 0.16724005625 0.868681496875 0.11754991875000001 0.8690995953125 0.1032418125 0.8769025906250001 0.0984012078125 0.8832653203125 0.1012649671875 0.8854264374999999 0.1238722796875 0.8867479984375001 0.159248959375 0.8848286062499999