0 0.9957876265625 0.7531425703125 0.9682535218749999 0.769623721875 0.9876002046875 0.7727536125000001 0.9956821484375 0.771272734375 0.9957876265625 0.7531425703125
0 0.985714603125 0.7130046921875001 0.9915145624999999 0.7159468546875 0.9960149078124999 0.7140763109375 0.9961645000000001 0.6883634015625 0.9858312296875 0.6882864093750001 0.9683349328125 0.69416224375 0.964761653125 0.7121715734375 0.985714603125 0.7130046921875001
0 0.9673187656250001 0.6386448203125 0.9885360546875 0.6407644718750001 0.9964446828125 0.6402040203125 0.996546040625 0.6227821875 0.9589313687500001 0.6281669546875001 0.9554544999999999 0.6314739671875 0.9572489109375001 0.635150078125 0.9673187656250001 0.6386448203125
0 0.9509296140625001 0.55887981875 0.9358326046875 0.5663184765625 0.9407633499999999 0.570087390625 0.9355480453125 0.5750479125 0.9579750890625001 0.5729409921874999 0.9967648671875 0.5644984578125001 0.996885525 0.5644297296875 0.9969712609375 0.549693178125 0.9957277187500001 0.5493363625 0.9637595062500001 0.5505216015625 0.9567497921875001 0.5518060124999999 0.9509296140625001 0.55887981875
0 0.971098884375 0.4850983078125 0.9371838734375 0.49198013749999997 0.9278868265625 0.5023609578125 0.9191386765624999 0.5052988765624999 0.948631409375 0.5072371609374999 0.981148521875 0.49860901718750006 0.9882344296875001 0.4926382578125 0.9860435078125 0.4870323484375 0.971098884375 0.4850983078125
0 0.9268590234375 0.41644382812499997 0.908737634375 0.43444891406249997 0.92167948125 0.43674993124999995 0.9266102265624999 0.440518846875 0.941707234375 0.4330801875 0.962736378125 0.42922695624999996 0.9587510437500001 0.41994493750000006 0.9389316531249999 0.4195715984375 0.9268590234375 0.41644382812499997
0 0.9476129546875001 0.350564996875 0.9309298984375 0.3502844625 0.91906563125 0.343113609375 0.9108461671875 0.348624590625 0.8904778765625 0.355694153125 0.8989974437500001 0.3668152859375 0.9080659109375 0.37049351875 0.92796149375 0.3661805078125 0.9515982875000001 0.3598470171875 0.9534129171875 0.35350715781250003 0.9476129546875001 0.350564996875
0 0.9270658640624999 0.2809066453125 0.8981018140625 0.2815414234375 0.8653203578124999 0.2888830359375 0.8897299578125001 0.29642510781250003 0.9304463234375 0.2923019484375 0.935925965625 0.2886279609375 0.935000771875 0.284125096875 0.9270658640624999 0.2809066453125
0 0.9082690187500001 0.21992823281249999 0.875299415625 0.2212969625 0.8632827640625 0.22349880937500002 0.8646806625 0.22524512031250002 0.8467676390625 0.23920712187499998 0.8639234 0.23673110625 0.893416134375 0.238669390625 0.9093061656250001 0.2350903296875 0.9173934609375 0.22893608125 0.9180745296874999 0.222136446875 0.9082690187500001 0.21992823281249999
0 0.8464089937500001 0.566016725 0.8384538703125 0.5728142375 0.817612875 0.5826403531250001 0.8164591 0.592196540625 0.8125857203125 0.59357375625 0.8392826546875 0.5920194171875 0.875200440625 0.5847706125000001 0.8836842468749999 0.5805461625 0.880700303125 0.5710806578125001 0.8464089937500001 0.566016725
0 0.822012284375 0.5104134296875 0.8100516062500001 0.51794489375 0.8085013203125 0.525571284375 0.82225640625 0.5217159296875 0.855226009375 0.5203472031249999 0.8661852968750001 0.5129992265625 0.8678677531250001 0.506016103125 0.8633335203125 0.5041769890625 0.822012284375 0.5104134296875
0 0.845682425 0.43866038124999995 0.8220658484375001 0.43497790468749997 0.8157169874999999 0.43947864843750006 0.8073093734375 0.43901674843749994 0.77352653125 0.4465418453125 0.7734503375 0.4512281953125 0.7798551765624999 0.45205707031250003 0.7806482 0.4559166671875 0.7751685546875 0.4595906546875 0.788639084375 0.4644647359375 0.8100647390625 0.46254130312499997 0.8448691859374999 0.4448167515625 0.848346053125 0.4415097390625 0.845682425 0.43866038124999995
0 0.8278631546874999 0.364497296875 0.8130507031249999 0.3632065203125 0.7856167234375 0.366230878125 0.767647721875 0.3748632640625 0.773976365625 0.3803784890625 0.7938517328125 0.3860814453125 0.8296373515625 0.378189371875 0.83812115625 0.3739649234375 0.8383295203125 0.369921840625 0.8278631546874999 0.364497296875
0 0.7935050015625 0.29336468125000004 0.7642563921875001 0.30272889531249997 0.7641801984375001 0.30741524375 0.7766493390625 0.3124728125 0.8119622515625 0.3073372921875 0.8194446703124999 0.30329632968750003 0.8192565234375 0.297323446875 0.7935050015625 0.29336468125000004
0 0.7818300125000001 0.2340953796875 0.7308152171875 0.2487828453125 0.7658435703124999 0.25237675937500004 0.7998907515625 0.24613819375 0.806976659375 0.24016743125 0.8051822484375 0.236491321875 0.7818300125000001 0.2340953796875
0 0.8892557312499999 0.167687559375 0.872043990625 0.164833959375 0.8520722140625001 0.1738333203125 0.8468569109375 0.17879384062499998 0.8497848796874999 0.182929728125 0.867260959375 0.1870698609375 0.9031787484375 0.1798210546875 0.9102646562500001 0.17385029375 0.907809390625 0.1669578515625 0.8892557312499999 0.167687559375
0 0.8003965640624999 0.185304453125 0.7958063531249999 0.17813572187499999 0.7778575671875 0.176752140625 0.7589835875000001 0.170865696875 0.723574265625 0.1907035359375 0.7399167890625 0.19438388906249998 0.72207995625 0.2036595421875 0.7461132625 0.199255846875 0.7577893812500001 0.20045381875 0.7695416921875 0.19696544062500002 0.7856400875 0.18934329375 0.7967875234374999 0.1879682015625 0.8003965640624999 0.185304453125
0 0.7129585609375 0.45763989374999997 0.6939321953124999 0.46112615 0.6772491390625001 0.460845615625 0.6618675703125 0.47701370781249997 0.6615270375 0.48041352656249997 0.678474434375 0.48198059375 0.6986343578125 0.478954115625 0.7148649265625 0.471975234375 0.7218186640625001 0.46536120781249996 0.7129585609375 0.45763989374999997
0 0.708774209375 0.381645925 0.6697200890625 0.38880192812500003 0.6484063875 0.4013845921875 0.673497059375 0.40212702968749997 0.7051449546875 0.39432564062500003 0.713893103125 0.39138772187500004 0.7153671953125 0.388447684375 0.708774209375 0.381645925
0 0.6793468 0.3142822234375 0.65470861875 0.320799203125 0.6278592984375 0.3317262390625 0.6547443796875 0.3361447859375 0.6867887859375 0.3302731953125 0.6998830203125 0.323201509375 0.702094159375 0.3187914515625 0.6793468 0.3142822234375
0 0.6595165374999999 0.2531698171875 0.6174582546875 0.26087628125 0.622729534375 0.2612453765625 0.624051240625 0.2676780390625 0.6203100312500001 0.26969851875 0.63652038125 0.27273560625000004 0.6458531890625 0.2777003703125 0.6704913718750001 0.2711833921875 0.6914645359375 0.26200054375000004 0.6930148218750001 0.254374153125 0.6595165374999999 0.2531698171875
0 0.66050705625 0.19224726406249998 0.629067525 0.19600556875 0.60042379375 0.203256496875 0.6054867078124999 0.20766867812499998 0.63023684375 0.21181093125 0.6708210343750001 0.20704450625 0.6813076171875 0.20245308125 0.683254415625 0.196756490625 0.66050705625 0.19224726406249998
0 0.885259525 0.0976664734375 0.8724498484375 0.09600872499999999 0.8401411 0.10059378125 0.82757555 0.11023853125000001 0.8443705593749999 0.12117829843750001 0.8717485625 0.11282432656250001 0.8897175640625001 0.10419194062499999 0.889925928125 0.10014885625 0.885259525 0.0976664734375
0 0.6250263281249999 0.8084848203125 0.6141634515625001 0.801130478125 0.595589571875 0.8118761515624999 0.5716884390625 0.8169231109374999 0.5593872281250001 0.827854390625 0.5709311765625 0.828409096875 0.5792625953125 0.8335573484375001 0.5899373265625 0.8349388062499999 0.6083028406250001 0.8282362171875001 0.6188453984375 0.8289744109375 0.638024153125 0.8161154546875 0.6345675 0.8094065015625 0.6250263281249999 0.8084848203125
0 0.60214810625 0.7375953562500001 0.5824608875 0.7378652828125001 0.5759036625 0.7464091078124999 0.5520585062500001 0.7567856828124999 0.573936646875 0.7621216656249999 0.589618315625 0.7625856859375 0.608776853125 0.7597426953124999 0.6263493437500001 0.7491805109375 0.6262933671875001 0.7438508953125 0.6206255765625001 0.741552 0.60214810625 0.7375953562500001
0 0.5943945640625 0.6669069203125 0.5529411546875 0.6725000984375 0.5586649234375 0.6801286109375 0.542566525 0.6877507546875 0.5540342796875 0.6929918125000001 0.5783319265625 0.6898746515624999 0.5885339515625 0.6940126609374999 0.6006827734375 0.6924540796875001 0.6052170078125 0.6942931953125 0.610091775 0.69273249375 0.61264345 0.6849226171875 0.6223929859374999 0.6818012140625 0.6233383984375 0.676288109375 0.6184076515625 0.67251919375 0.5943945640625 0.6669069203125
0 0.5992186140625 0.6019653671875 0.5674385484375 0.609123490625 0.559483421875 0.615921003125 0.5373767 0.6246440734375 0.5399081578125 0.626850165625 0.570005765625 0.6266751640625 0.5939069 0.6216282046875 0.6170150125 0.6127216484375 0.6183009578124999 0.6038087265625001 0.5992186140625 0.6019653671875
0 0.5980822359375 0.5357485234375 0.587804015625 0.5362968640625 0.5558155874999999 0.5474980734375 0.55634426875 0.5500711359375 0.5819636218750001 0.5533866359374999 0.589425825 0.5593616406249999 0.6253436109375 0.5521128359375 0.6321651796875 0.5448555421875 0.62797148125 0.539616609375 0.5980822359375 0.5357485234375
0 0.5885983375 0.47441942499999995 0.53681073125 0.4752313265625 0.5332016937499999 0.477895075 0.539342190625 0.47743741562500003 0.5464078812500001 0.481482621875 0.539718484375 0.48938318125 0.553793890625 0.492143978125 0.5744824984375 0.491690565625 0.602389184375 0.48590965468749997 0.606547121875 0.47580300624999994 0.59948143125 0.4717577984375 0.5885983375 0.47441942499999995
0 0.5994907781250001 0.4010027671875 0.571736478125 0.397410975 0.5565834921875 0.3995200171875 0.5342124265625 0.406956553125 0.5281076921875 0.42275979531249996 0.531035659375 0.4268956828125 0.5559381828125 0.42166523749999996 0.59219650625 0.4110166125 0.5994145828125 0.4056891171875 0.5994907781250001 0.4010027671875
0 0.58107863125 0.33162070625 0.5701955375 0.33428233125 0.5402300999999999 0.335100596875 0.5364126953125 0.341807428125 0.5249247265625 0.34658234062500004 0.5246401671875 0.3553117734375 0.542721125 0.3573386203125 0.5546056046875 0.3544935078125 0.5867262078125 0.343935565625 0.5877478125 0.3337361125 0.58107863125 0.33162070625
0 0.5299612265625 0.2648939015625 0.50896784375 0.2840927171875 0.5120279859375 0.2888718734375 0.533245275 0.29099152500000003 0.5614924968749999 0.2818107984375 0.572716125 0.2757493546875 0.5723958062500001 0.26913320625 0.5299612265625 0.2648939015625
0 0.5235455171875001 0.2033259609375 0.48976267812499996 0.210851059375 0.47780200156249997 0.2183825234375 0.4842068390625 0.21921139687500002 0.49093199531250004 0.226656421875 0.4895900734375 0.23023972656249997 0.5092772937500001 0.22996979999999997 0.5529418421875001 0.219966565625 0.5650346890625 0.21307836875000002 0.5635808109375 0.20600243906250001 0.5235455171875001 0.2033259609375
0 0.46410593906250003 0.4905556921875 0.45256199218750004 0.49000098750000004 0.44549630156250003 0.48595578125000005 0.44188726406249995 0.488619528125 0.41445328124999997 0.49164388593749997 0.3859976984375 0.504867696875 0.3869228921875 0.5093705578125001 0.396123528125 0.51369205625 0.44645725625 0.5058042265625 0.46281999375 0.49946861406250004 0.4690366859375 0.49432460625 0.46410593906250003 0.4905556921875
0 0.40832213125 0.421346509375 0.39469921406249997 0.4258451296875 0.37926167187500004 0.43668360625 0.4131564671875 0.439817740625 0.42088301093749997 0.4470792765625 0.427155678125 0.4472648859375 0.4512853921875 0.428158875 0.448697959375 0.42062316875 0.40832213125 0.421346509375
0 0.44422904843750005 0.3533586359375 0.42114115312499995 0.352249225 0.39863791875 0.359042496875 0.382595496875 0.37199425937499997 0.3678390234375 0.3760331 0.382783646875 0.3779671421875 0.3824431109375 0.381366959375 0.388715778125 0.38155256875 0.41261691406249995 0.376505609375 0.4442088328125 0.363374603125 0.44715701875 0.357494525 0.44422904843750005 0.3533586359375
0 0.42231981875 0.2972995546875 0.39575505624999996 0.29949715781249997 0.36310577187500004 0.307482034375 0.386986690625 0.3124510421875 0.4255681078125 0.3080515921875 0.42904497656249996 0.304744578125 0.42798761093750004 0.2995984484375 0.42231981875 0.2972995546875
0 0.40623076718749995 0.2341666671875 0.3888868578125 0.2306698015625 0.3649297453125 0.23038714374999997 0.34690476718749996 0.2336899140625 0.3769619421875 0.25354684843749997 0.418623715625 0.2439105859375 0.42584179375 0.238583090625 0.41924880781249996 0.23178133281250002 0.40623076718749995 0.2341666671875
0 0.2601074015625 0.5192576515625 0.2436886875 0.5202636484375 0.220580575 0.52917020625 0.2075423171875 0.5415715046875 0.2438364015625 0.5462684656250001 0.28283454531249996 0.533782846875 0.2879176765625 0.528179059375 0.28572675468750003 0.5225731515625001 0.2601074015625 0.5192576515625
0 0.2748732234375 0.444463778125 0.25784963125 0.447583059375 0.24077006406249998 0.445372725 0.229754796875 0.44739108437499997 0.19241889375000001 0.462909546875 0.2206459 0.46374478906250005 0.23211365156250002 0.46898584374999996 0.2737754234375 0.45934958124999997 0.2821270609375 0.45448186562500004 0.28040884374999997 0.44611940624999996 0.2748732234375 0.444463778125
0 0.25464644999999997 0.381421571875 0.24262979843750002 0.38362341875 0.22041111875000002 0.3816872546875 0.1852303796875 0.38746604375000004 0.1930331171875 0.390041228125 0.188743009375 0.3995046109375 0.191670978125 0.40364050156250003 0.2150232140625 0.40603644218749996 0.254550040625 0.39612388906249996 0.2635065515625 0.3891428875 0.26258135781249997 0.384640025 0.25464644999999997 0.381421571875
0 0.2185498609375 0.3119424625 0.2049269453125 0.3164410828125 0.1764915765625 0.3196489265625 0.1635295140625 0.3273638765625 0.17565812187500002 0.3358212625 0.19033840156249998 0.336468771875 0.19806494531250002 0.34373030937500004 0.225915653125 0.33261978281250004 0.236270065625 0.32738509531250004 0.239218253125 0.3215050171875 0.2185498609375 0.3119424625
0 0.18823301875 0.2554214796875 0.1692066515625 0.2589077375 0.1416202828125 0.27130479531249996 0.1856611265625 0.2732473234375 0.22284464218750002 0.2671015609375 0.22252432500000002 0.26048541406250003 0.2167243640625 0.25754325312500004 0.18823301875 0.2554214796875
0 0.171962896875 0.8791838203125 0.16729649375 0.8767014375000001 0.1404673890625 0.8776125078125 0.12144102187500001 0.8810987656249999 0.0944595296875 0.8913825359375 0.08911205625 0.895699790625 0.09290924218749999 0.8990089250000001 0.1095923 0.8992894625 0.1206635421875 0.9026007187499999 0.14583040625000002 0.89865680625 0.166935740625 0.8901172234375 0.17215104375 0.8851567031249999 0.171962896875 0.8791838203125
0 0.159659396875 0.7889603593750001 0.1482476203125 0.789048921875 0.11333122031250001 0.7961142390625 0.0974971640625 0.80502291875 0.08980638125 0.8131069656250001 0.098269971875 0.8188984828124999 0.11381947031249999 0.8187192375000001 0.1360583625 0.8106394343750001 0.149208575 0.80889736875 0.1635125609375 0.7975991125 0.1643258015625 0.79144274375 0.159659396875 0.7889603593750001
0 0.1339091828125 0.7192646234375 0.11369328125 0.7169614859375 0.08450065 0.7316553156250001 0.07306865625 0.7417598421875 0.08500911562499999 0.744244346875 0.10142783124999999 0.74323835 0.1289380046875 0.7355276421875 0.156371984375 0.7325032874999999 0.1573935890625 0.72230383125 0.1456614953125 0.7157762453125 0.1339091828125 0.7192646234375
0 0.13556055312499998 0.6615584015625 0.1187453265625 0.6606346000000001 0.094315509375 0.6631084953124999 0.0766108484375 0.6730274140625 0.0594550859375 0.6755034296875 0.087605896875 0.6810250203125 0.09419888125 0.687826778125 0.114170659375 0.6788274171875 0.1274530421875 0.6777286140625 0.14041510468750001 0.6700136640625 0.1403591265625 0.66468405 0.13556055312499998 0.6615584015625
0 0.09563721562500001 0.66954115625 0.0974316265625 0.6732172656250001 0.10510219218750001 0.6751491859375001 0.1128489546875 0.67239475625 0.11466358125000001 0.6660548984375 0.0989819125 0.6655908765625 0.09563721562500001 0.66954115625
0 0.1286721390625 0.6027470109374999 0.1146527109375 0.6053158328125 0.08755926562500001 0.6049403718749999 0.062372184374999994 0.6189002515625 0.0870461265625 0.62772885625 0.11621854218750001 0.62305099375 0.1360581484375 0.613408365625 0.13874199375000001 0.6062417546875001 0.1286721390625 0.6027470109374999
0 0.12913397499999998 0.5392513921875 0.1113173578125 0.538511078125 0.063647259375 0.5492482640625 0.05382153125 0.55705601875 0.0867149390625 0.5603736390625 0.13578293749999998 0.5513827671875 0.13925980468750002 0.548075753125 0.13807027031250002 0.5422863578125 0.12913397499999998 0.5392513921875
0 0.0799633671875 0.466828 0.06921244374999999 0.4701328921875 0.050958882812499995 0.48749471250000004 0.073574075 0.49136067499999997 0.0899368109375 0.48502506093750003 0.1013485890625 0.4849365 0.1194497609375 0.47694738125 0.11826022656249999 0.4711579859375 0.0799633671875 0.466828
0 0.0792916453125 0.40287260468749997 0.062003712499999995 0.40470535312499994 0.0408983765625 0.4132449359375 0.043089300000000004 0.41885084375000003 0.034605492187499996 0.4230752921875 0.0706352328125 0.42648571874999996 0.081518328125 0.4238240953125 0.1103704234375 0.4125300828125 0.11078715312500001 0.4044439140625 0.0792916453125 0.40287260468749997
0 0.0497320640625 0.3348656359375 0.0206156265625 0.3448731140625 0.016269540625000002 0.34900688281250003 0.019197509374999998 0.35314276875 0.042681915625 0.3561819796875 0.048009173437500004 0.3618806921875 0.0653732984375 0.355361590625 0.0848163953125 0.343789165625 0.08236113125 0.336896725 0.0497320640625 0.3348656359375
0 0.056863078125 0.27348542343750004 0.0270298109375 0.27494695625 0.005716109375 0.2875296234375 0.0094371046875 0.29552510781249997 0.0223789515625 0.297826125 0.0623022890625 0.28984336875 0.07452730625000001 0.28359843906250004 0.0744713296875 0.278268821875 0.056863078125 0.27348542343750004
0 0.15683219375 0.967373384375 0.1009986078125 0.9889511671875001 0.1057209875 0.9967631671875001 0.1125223390625 0.9995218390625 0.13948361250000002 0.999254034375 0.149497490625 0.9974191625 0.172341259375 0.987226075 0.18203481875 0.9787750531249999 0.18071311406249999 0.97234239375 0.15683219375 0.967373384375
0 0.624781959375 1 0.6304584828124999 0.996752540625 0.6436086921874999 0.9950104718749999 0.6509029640625 0.9849966265625 0.6489763828124999 0.98067725 0.6441778078125 0.9775516015625 0.6280234359375 0.9798441328124999 0.62235564375 0.9775452375 0.5939000578125 0.9907690468749999 0.583512265625 1 0.624781959375 1
0 0.7987077078125 0.955890625 0.7909811640625 0.9486290890625 0.7798337281250001 0.95000418125 0.769026828125 0.9479794578125 0.74017473125 0.9592734703125 0.7234714578125 0.9690089015625001 0.73106583125 0.9756271703125 0.746142625 0.9782044796875 0.771441659375 0.97490383125 0.7828736515625 0.964799303125 0.7920183140625 0.963791184375 0.7987077078125 0.955890625
0 0.6338690484375 0.8919792328125 0.6294669859375001 0.89078338125 0.5902806921875 0.8972961187499999 0.5813801578125 0.9096067359375001 0.5834948875 0.9198989937500001 0.6045240296875 0.9160457624999999 0.6373816765625 0.9040178031250001 0.639328475 0.8983212109375 0.6338690484375 0.8919792328125
0 0.774063328125 0.866291021875 0.7492370015625001 0.8668351187500001 0.7352175734374999 0.8694039390625001 0.720384903125 0.8781291296875 0.71348714375 0.8900727734375 0.732305146875 0.8906295999999999 0.7302261765625 0.895682925 0.7433763890625 0.8939408578125001 0.7634803375 0.8855847625 0.7710187328125 0.8868734171874999 0.77876549375 0.8841189859374999 0.7835283078125 0.87189905 0.774063328125 0.866291021875
0 0.50949665625 0.9137567343749999 0.4978967328125 0.9078724125000001 0.45750068749999995 0.91861171875 0.42229973125000003 0.9344064734374999 0.4233570953125 0.9395526015625 0.43750869375 0.9376270453125001 0.45812110781250004 0.9418599828125 0.470005590625 0.939014871875 0.4887116390625 0.9289124640624999 0.510213484375 0.9223026828125 0.50949665625 0.9137567343749999
0 0.3382715203125 0.9401350796875001 0.2929447328125 0.947105471875 0.275163878125 0.9617107421875 0.2730646921875 0.97678003125 0.281416328125 0.9719123171874999 0.2967574625 0.9757761578125 0.3047685640625 0.974308259375 0.3413114453125 0.9549302015625001 0.3450526546875 0.9529097203125 0.3430700953125 0.9432607265625 0.3382715203125 0.9401350796875001
0 0.31215305 0.853475515625 0.3038216296875 0.8483272640624999 0.272021346875 0.8655013546875001 0.2495943046875 0.8676082734375001 0.26825991875 0.8775378015624999 0.2928219078125 0.8757071734374999 0.3314795171875 0.8666213734375001 0.339851371875 0.851737690625 0.3205046859375 0.8486077984374999 0.31215305 0.853475515625
0 0.31265531874999997 0.7699479640625 0.29710581875000003 0.77012720625 0.2520993484375 0.78371375 0.2431226203125 0.800710715625 0.2641517625 0.7968574859374999 0.28196837812500003 0.7975977984375 0.3030737140625 0.789058215625 0.31174566718749996 0.7908066484375 0.3263139953125 0.7807949265625 0.3271272328125 0.7746385578125 0.31265531874999997 0.7699479640625
0 0.2898452375 0.6993901453125 0.276542640625 0.7105049140624999 0.2609169484375 0.7153705078125 0.2416262421875 0.7175702328125 0.24969332031249997 0.7214319515625001 0.2795825640625 0.7253000359375 0.2871769375 0.73191830625 0.30828227343750003 0.7233787234375 0.32311494218750003 0.7146535328125 0.3237960109375 0.7078538984375 0.2898452375 0.6993901453125
0 0.268120028125 0.649283853125 0.22203597656250001 0.6677402328125 0.30084083281249996 0.6719901421875 0.3043177 0.668683128125 0.3138231109375 0.654259225 0.2998239015625 0.6468120796875 0.268120028125 0.649283853125
0 0.28135576875 0.584824303125 0.2800340640625 0.5783916421875 0.2630104734375 0.581510925 0.248574315625 0.5921659140625 0.21785161562500002 0.6044701671875 0.25053665625 0.611830871875 0.28632227499999996 0.6039388015625 0.29654451718749997 0.59806084375 0.2976220984375 0.5931910078125 0.28135576875 0.584824303125
0 0.77254260625 0.793146409375 0.7629454578125 0.7868951140625 0.7469994468750001 0.7851445609375001 0.7199619765625 0.790098715625 0.7080572796875 0.8029597953125001 0.6935651453125 0.8082851671875 0.69135400625 0.8126952265625 0.7075643578124999 0.8157323125 0.734733996875 0.8114214234375 0.7542330671874999 0.8051786156249999 0.761451146875 0.7998511203125 0.772334240625 0.7971894953125 0.77254260625 0.793146409375
0 0.7583443765625 0.718987315625 0.718761571875 0.723570253125 0.7042694390625 0.728895625 0.7005842062500001 0.7362457234375 0.692969615625 0.739643421875 0.72839448125 0.7451671328125 0.7552997796875001 0.7395697125 0.773344975 0.7262509734375 0.76801771875 0.7205522609375 0.7583443765625 0.718987315625
0 0.7295778203125 0.6548399453125 0.7056207078125001 0.6545572890625 0.6855727359375 0.6682429984375 0.6915048703125 0.6718284265625 0.7105872140625 0.6736717859375 0.7551769546875 0.6681714125 0.7590705515625 0.6567782296875 0.74881255 0.6473106015625001 0.7295778203125 0.6548399453125
0 0.7352549578125 0.58638380625 0.701548309375 0.5892225546875001 0.6939337203125 0.59262025 0.6756039671875 0.6146684203125 0.687808765625 0.61843945625 0.7221964843750001 0.6088010734375 0.725673353125 0.605494059375 0.73595156875 0.6049457203124999 0.74764790625 0.596127725 0.745192640625 0.5892352843750001 0.7352549578125 0.58638380625
0 0.7189575421875001 0.5272940015625001 0.694395553125 0.52912463125 0.674632140625 0.5340809078125 0.6662805046875 0.5389486234375 0.6920880046875 0.54823700625 0.7181240843750001 0.5434663390625001 0.7363574296875 0.536120484375 0.7373028390624999 0.5306073812500001 0.7189575421875001 0.5272940015625001
0 0.4798253375 0.8274248156249999 0.45773883125000003 0.8261319203124999 0.448045271875 0.8345829406249999 0.4179834234375 0.8501035234375 0.46189209687500005 0.8514027875 0.469903196875 0.8499348890625 0.48086248437499995 0.8425869125000001 0.49588330156250005 0.8398346046875 0.5039705984375 0.83368035625 0.49845519375 0.8220087609375 0.4798253375 0.8274248156249999
0 0.47207216562500004 0.74172838125 0.45884575937500005 0.748156796875 0.4446941609375 0.750082353125 0.4214538796875 0.75834564375 0.41215683125 0.7687264640625 0.43084266250000003 0.7686400234375 0.436698603125 0.7769117999999999 0.46613535781250004 0.7735204687499999 0.480571515625 0.7628654796875 0.49298467968750004 0.7625934328125 0.4982761765625 0.7529465625 0.49608525312499996 0.747340653125 0.47207216562500004 0.74172838125
0 0.48520345468750004 0.68426524375 0.459960396875 0.692895509375 0.4428046359375 0.695371525 0.4183546015625 0.7078613859375 0.42133854687500005 0.717326890625 0.436491534375 0.7152178499999999 0.44716626562500006 0.7165993078125 0.4706708875 0.70962255 0.49786074375 0.69529569375 0.49327053281250005 0.6881269624999999 0.48520345468750004 0.68426524375
0 0.44522130468750004 0.6211612515625 0.4075448671875 0.6400795328125 0.417614721875 0.643574275 0.4375662828125 0.64459088125 0.47614769843750004 0.6401914328125 0.4867104734375 0.6309136578125 0.4851244265625 0.6231944625 0.472919628125 0.619423428125 0.44522130468750004 0.6211612515625
0 0.43789258125 0.55009254375 0.43301781406249995 0.5516532468750001 0.42712144218750003 0.5634134015625001 0.4086237578125 0.5694727234375 0.41055033906249994 0.5737921 0.4296326828125 0.575635459375 0.4588050984375 0.5709575953125 0.4722958421875 0.5658157109374999 0.4755083703125 0.5612221640625 0.43789258125 0.55009254375
0 0.903477125 0.9246787031249999 0.8752299046875001 0.933859428125 0.8678796562500001 0.93854365625 0.8613022109375 0.95710345 0.889473240625 0.9526090734375 0.8994311406250001 0.9454445843749999 0.9140554453125 0.9407624765625 0.9219545921875 0.928635346875 0.91475673125 0.9239468750000001 0.903477125 0.9246787031249999
0 0.9134241546874999 0.8567751484375 0.9177702406250001 0.8526413796875 0.9155793171875001 0.8470354734375001 0.9026374703125001 0.84473445625 0.8619770859375 0.8541872296875 0.8442926406250001 0.8540901828124999 0.8419493296875 0.857856975 0.856741565625 0.86916371875 0.8563248375000001 0.8772498859375 0.8844958640625 0.8727555078125 0.89912016875 0.8680734015624999 0.9039389578125 0.8611830828124999 0.9134241546874999 0.8567751484375
0 0.9011929406249999 0.7669034953125 0.8577367562499999 0.7728636484375 0.8287524906250001 0.7835143921875 0.8314161171875 0.7863637484375 0.828335759375 0.7916005625 0.839142659375 0.7936252859375 0.8350609171875 0.7990455843750001 0.8373280328125 0.7999651421875 0.8809925812499999 0.7899619078125 0.9068405140625 0.77921835625 0.9058593437500001 0.7693858765625 0.9011929406249999 0.7669034953125
0 0.87869905 0.7029417312499999 0.8478441796875 0.7146027187499999 0.8245836796875 0.732881975 0.8763915000000001 0.72205410625 0.8817949531249999 0.7230664703125 0.8877473015625 0.71663593125 0.9012380453125 0.7114940437499999 0.8999163421875 0.705061384375 0.8942485484375 0.7027624890624999 0.87869905 0.7029417312499999
0 0.864744946875 0.6400851359375 0.8475891828125001 0.6425611531250001 0.82106018125 0.6601043390625 0.8572220937499999 0.6641580328125001 0.8773260421875 0.6558019374999999 0.8900035468749999 0.656816421875 0.8968251125 0.649559128125 0.895635578125 0.6437697328125 0.864744946875 0.6400851359375
0 0.8541496593750001 0.0372858953125 0.8418126875 0.0328715921875 0.826395359375 0.033694103125 0.8032872484375 0.0426006609375 0.833364640625 0.052441626562499996 0.86894189375 0.0485926375 0.8800333515625001 0.041887928125 0.879240328125 0.038028331250000005 0.8541496593750001 0.0372858953125
0 0.47587404062500005 0.0138465203125 0.49120415937499995 0.025693820312499997 0.5323932265625 0.0188141109375 0.5336944609375001 0.0155289234375 0.47587404062500005 0.0138465203125
0 0.3820171375 0.030348345312500004 0.33542462031250003 0.03621569375 0.325883446875 0.0352940125 0.30698925 0.0394235375 0.3187975390625 0.041264775 0.326656253125 0.0491695765625 0.3486665671875 0.055148825 0.381656384375 0.043764128125 0.38874229374999997 0.037793370312500005 0.3878171 0.033290506250000004 0.3820171375 0.030348345312500004
0 0.1720452578125 0.06348223750000001 0.1329494125 0.070645884375 0.1629573484375 0.08183454531249999 0.199744353125 0.0737589859375 0.20569670312500002 0.067328446875 0.2046393390625 0.06218231875 0.19910371875 0.06052668906250001 0.1720452578125 0.06348223750000001
0 0 0.109433028125 0.009348515625000001 0.10797829218749999 0.029396487500000002 0.0942925828125 0.028471293749999998 0.08978971875 0 0.0950065953125 0 0.109433028125
0 0 0.1770573234375 0.016557246875 0.17340583125 0.0429338640625 0.16523534374999999 0.046146390625 0.1606418 0.0311457921875 0.153378140625 0.0057907796875 0.1513491734375 0 0.1536821640625 0 0.1770573234375
0 0 0.24320724375 0.0092738453125 0.2441587421875 0.021158328125 0.24131362812499998 0.0343847328125 0.2348852109375 0.0486685015625 0.23360292187499998 0.060156473437500003 0.2288280109375 0.0632368296875 0.2235911984375 0.059912346875 0.2175255140625 0.0375615 0.2149460828125 0.011261078125 0.21843021718750003 0 0.22085331562500002 0 0.2348309015625 0.0034179078125 0.235886965625 0 0.2400410671875 0 0.24320724375
0 0.21370932968749998 0.1973546484375 0.177339053125 0.1973440390625 0.1442170640625 0.20808546875 0.1349402328125 0.20845032031250002 0.1347318703125 0.2124934046875 0.1600106875 0.21920872187499998 0.1818328546875 0.21921508906249998 0.1994613203125 0.2139825203125 0.21782683593750002 0.20727993281249998 0.2187722453125 0.20176682812500002 0.21370932968749998 0.1973546484375
0 0.38834730624999997 0.16735767031249998 0.387289940625 0.162211540625 0.3621230765625 0.16615545468749998 0.3478952859375 0.1727673609375 0.329209453125 0.1728538 0.3358024375 0.1796555578125 0.3604763796875 0.1884841609375 0.3955249515625 0.1820621078125 0.40601153281249996 0.17747068593749998 0.408695378125 0.170304075 0.38834730624999997 0.16735767031249998
0 0.5118463640625001 0.14638689375 0.4770621359375 0.1540954765625 0.4767216 0.157495296875 0.50339831875 0.1659569265625 0.54772371875 0.1591700203125 0.5582864953125 0.149892246875 0.542416678125 0.143455340625 0.5118463640625001 0.14638689375
0 0.645948075 0.13150395312500002 0.6223874765625 0.1331510953125 0.6036814265625 0.14325350312500001 0.62055263125 0.14950691875 0.640372021875 0.149880259375 0.654259278125 0.146668171875 0.664613690625 0.14143348125 0.6645577140625 0.1361038625 0.645948075 0.13150395312500002
0 0.7396058156249999 0.11701270625 0.7217689828125 0.126288359375 0.7437031046875 0.1369539578125 0.7769572640625 0.1268557953125 0.7827774421875 0.1197819890625 0.7691747421875 0.11426464218750002 0.7396058156249999 0.11701270625
0 0.752557009375 0.0485586890625 0.7216663765625 0.0448740921875 0.7095735296875 0.0517622890625 0.710366553125 0.0556218875 0.722362990625 0.06343600625 0.7398390703125 0.0675761390625 0.750854334375 0.0655577796875 0.771166646875 0.0531586015625 0.7634401046875 0.0458970640625 0.752557009375 0.0485586890625
0 0.6383630484375 0.0541306515625 0.634413475 0.060194215625000005 0.6225289921875 0.0630393265625 0.605713765625 0.062115525000000005 0.583398678125 0.07488167968750001 0.5918062921875 0.07534358125 0.6098670312500001 0.08738639375 0.6232256046875 0.0816012421875 0.64839246875 0.07765732656249999 0.6534755999999999 0.072053540625 0.6513608718749999 0.06176128125 0.6383630484375 0.0541306515625
0 0.536013134375 0.07688943125 0.5063882328125 0.074307878125 0.4755333609375 0.0859688640625 0.47632638437499997 0.0898284625 0.48373260937499996 0.09047385 0.49912972031249997 0.0996673078125 0.531174128125 0.093795715625 0.543134803125 0.086264253125 0.5419452687499999 0.0804748578125 0.536013134375 0.07688943125
0 0.3458256625 0.10706565312500001 0.3173141015625 0.1149598453125 0.347864196875 0.12204426093750001 0.38591693125000004 0.1150717453125 0.39173711093749997 0.10799794062500001 0.3804015265625 0.10340015 0.3458256625 0.10706565312500001
0 0.1565835984375 0.13172877031250002 0.13455306875 0.13576548906250002 0.1319454171875 0.13824575 0.1372726734375 0.14394446249999998 0.1520089328125 0.1499215875 0.2007363953125 0.14433053125 0.2011531234375 0.1362443625 0.191423803125 0.1293498015625 0.1565835984375 0.13172877031250002