0 1 0.134081109375 0.9887194562499999 0.1289597953125 0.973454821875 0.1272521328125 0.9519709687500001 0.120178484375 0.938561759375 0.12728423125 0.9181774 0.12888695 0.917056378125 0.131332796875 0.9440292687499999 0.1489382125 0.953173446875 0.1500661234375 0.968193278125 0.1480207 0.9886764015624999 0.1512042234375 0.9998435671875001 0.14899017187500002 1 0.1488689453125 1 0.134081109375
0 0.9326557046874999 0.20197709375 0.9181470015625001 0.200406475 0.9138089515625 0.20915671093750002 0.9213939953124999 0.21582993906249998 0.9349277140625001 0.2188132484375 0.9495351812499999 0.2251701109375 0.992279615625 0.22444210937500003 0.9983743281249999 0.21971904062499997 0.99917753125 0.21403668437499998 0.99432413125 0.20997793125 0.9796436453125 0.20413765 0.9524301718749999 0.19920418125 0.9326557046874999 0.20197709375
0 0.9718606390625 0.2811393203125 0.9554492390625 0.276574690625 0.93113919375 0.2785253578125 0.922995746875 0.2812875734375 0.9215826515625001 0.28579973281250004 0.927801871875 0.2911657203125 0.9397507125000001 0.29439152968750004 0.9475805578125 0.304817840625 0.941241046875 0.3057878265625 0.9406568984374999 0.309920446875 0.950312203125 0.307432315625 0.9514332265625001 0.3049864671875 0.984642646875 0.300410625 0.9851280296875 0.2914917609375 0.9718606390625 0.2811393203125
0 0.9554703312499999 0.3586998546875 0.9156251046874999 0.349886959375 0.8980454109375 0.353587571875 0.892925684375 0.3568979484375 0.87880781875 0.3580472609375 0.8800276046875 0.360387653125 0.8884158515625 0.3613785234375 0.9096076312499999 0.3705184828125 0.9312375234375001 0.376558978125 0.94247770625 0.3738283484375 0.9599371109374999 0.37646371093750003 0.9688364843749999 0.3738385359375 0.9723713343749999 0.3707706546875 0.9662981500000001 0.3643715109375 0.9554703312499999 0.3586998546875
0 0.90382186875 0.43887537343750005 0.9103589078125 0.44747787031249997 0.9148214687499999 0.44881669375 0.929231409375 0.4456010703125 0.9573211031250001 0.44433560468750005 0.9645368359375001 0.4371666890625 0.961268315625 0.432865440625 0.9106940375000001 0.42316713124999994 0.8765311578125001 0.41803345 0.874727225 0.41982567968750006 0.90382186875 0.43887537343750005
0 0.86882116875 0.4945185421875 0.868164003125 0.4991677421875 0.8599475390625001 0.502446534375 0.8641910453125 0.5053350890625 0.8855031171875 0.5081390781249999 0.892843359375 0.51105921875 0.9390023515625 0.5135993109375 0.9443411328125 0.5087392000000001 0.943486440625 0.50381591875 0.935755359375 0.498175846875 0.9224406953125 0.4936428015625 0.90739511875 0.49038540937499997 0.86882116875 0.4945185421875
0 0.8938352187499999 0.57534665625 0.9040016546875 0.56924248125 0.93118938125 0.568873128125 0.9328945515625 0.5622946609375 0.9287240640625001 0.5588895265625 0.9153363828125001 0.554873059375 0.892220378125 0.5538613 0.8661063984374999 0.5576042 0.8885437109375 0.5743873703125 0.8938352187499999 0.57534665625
0 0.9290587562500001 0.6278261656249999 0.9309099640625 0.6202145390625 0.9272763515625 0.6184961796875 0.8804817203124999 0.6094830734375 0.8604151796874999 0.614322296875 0.856661278125 0.6189399109375 0.87195165625 0.625950390625 0.903163834375 0.6300193296875001 0.9290587562500001 0.6278261656249999
0 0.866062909375 0.67309600625 0.8554326187499999 0.67699683125 0.8493121625000001 0.6764170843749999 0.8715776921874999 0.6889305921875 0.9087385453125 0.6893096171875001 0.9165899171874999 0.6886137125 0.920051746875 0.6860624093750001 0.9200260015625 0.6807595921875 0.9121488828125001 0.6761526765625 0.9032237625 0.6734750328125 0.8770110203125 0.6724316890625001 0.866062909375 0.67309600625
0 0.8449867671875 0.7344424171874999 0.8557673125 0.7459334703125 0.9062170828125 0.7455427218749999 0.9072393406250001 0.7383106328125 0.8957286109375 0.7319853578125 0.85551829375 0.7257553515625 0.8449867671875 0.7344424171874999
0 0.8810434734375001 0.8029674218749999 0.857974740625 0.79613626875 0.8219349109375 0.7933113953125 0.8175711124999999 0.7967588140624999 0.8263501968750001 0.8004696140625001 0.8355458656250001 0.8122031609375 0.8521290484374999 0.8210374578125 0.8581764875 0.8221337828124999 0.871757478125 0.8192976984375001 0.900603103125 0.8181692734375 0.9053319906249999 0.8121389671875001 0.9043312609375 0.808248840625 0.8978929828125001 0.8044325859375 0.8810434734375001 0.8029674218749999
0 0.8113214937500001 0.8629123515625 0.8319291265625001 0.8761849343750001 0.8641420343749999 0.8841439984375 0.8991811343749999 0.883078746875 0.88806124375 0.8794734015625 0.8827439890625 0.873211296875 0.8762326937499999 0.8699116203124999 0.836606525 0.8595489890625 0.8338276062500001 0.8627539140625 0.8171971484375 0.859739015625 0.8113214937500001 0.8629123515625
0 0.81226608125 0.9330191875 0.827165621875 0.9373097343750001 0.8575488515625 0.9417582109374999 0.86781405 0.9404402749999999 0.8696910015625001 0.9381314671875 0.8690553624999999 0.931658453125 0.8604223140625 0.9269144984375 0.8262594359375001 0.9217808171874999 0.811849496875 0.9249964390625 0.8088515218750001 0.92975109375 0.81226608125 0.9330191875
0 0.868589146875 1 0.8676806671874999 0.990748528125 0.8560969187499999 0.98493983125 0.8168615875 0.9772971328125 0.7847001703125 0.9799437046874999 0.7933332171874999 0.9846876609375 0.795480715625 0.9914347578125 0.8042598 0.9951455578124999 0.82762060625 0.9999104000000001 0.8431773140625 0.9995517484375 0.8460143468749999 1 0.868589146875 1
0 0.8350681734375 0.0915680328125 0.820267396875 0.092063725 0.8026877015625 0.09576433906250001 0.8384139312500001 0.1117777359375 0.8715288062500001 0.1188406859375 0.8818670234375 0.117006171875 0.8881077703125 0.1112499484375 0.870085746875 0.1016249953125 0.8596230203124999 0.09337045000000001 0.8390411328124999 0.0854006859375 0.8401878999999999 0.08825765625000001 0.8350681734375 0.0915680328125
0 0.745241253125 0.10177427187500002 0.7608709796875 0.10089904218750001 0.7691604609375 0.09710367343750001 0.769572825 0.08870138749999999 0.7587450078125 0.0830297328125 0.7159018078125 0.0789714921875 0.7039787140625 0.0810485015625 0.69166478125 0.08040558125 0.7179547609375 0.0973573796875 0.745241253125 0.10177427187500002
0 0.5897818203125 0.04974970625 0.5757627171874999 0.05568525625 0.5595230984375 0.0553902890625 0.5513066359375001 0.0586690796875 0.5814492828125 0.0757895046875 0.614272084375 0.084918765625 0.6207103609375 0.088735021875 0.640265771875 0.0875118421875 0.6448486234375 0.08251468906250001 0.645041934375 0.0756621390625 0.62111850625 0.063907703125 0.6166302015625 0.057266062500000006 0.6070951875 0.053418221875000005 0.5897818203125 0.04974970625
0 0.44522744062499997 0.019305253124999998 0.4081653515625 0.02371246875 0.40207063906249996 0.028435539062499997 0.38863568593750003 0.0302384671875 0.3928791921875 0.0331270234375 0.42660395937500006 0.0413601703125 0.467398425 0.043457553125 0.47312804531249997 0.0413173734375 0.47476019375 0.0352554796875 0.47307655156250006 0.0307117359375 0.46610140156249996 0.0252087046875 0.4536156875 0.020296125 0.44522744062499997 0.019305253124999998
0 0.32157698749999997 0.016492103124999997 0.3216724765625 0.013107148437499999 0.2643947765625 0.0107732609375 0.2670297484375 0.012961140625000001 0.2910004484375 0.0188961796875 0.3126776109375 0.0191172765625 0.32157698749999997 0.016492103124999997
0 0.1496626625 0.075394715625 0.1533435484375 0.07129367812500001 0.1703390984375 0.0717256859375 0.17787265000000002 0.0677932765625 0.177700865625 0.0635236125 0.1710908078125 0.05543769375 0.1635057640625 0.0487644703125 0.1582872734375 0.04728860625 0.1489970609375 0.0471938515625 0.14021797656249999 0.04348305 0.1245882515625 0.0443582796875 0.1041051265625 0.04117475625 0.0846484796875 0.047184175 0.0676529328125 0.0467521671875 0.0776518015625 0.0528033609375 0.0770676546875 0.056935979687500006 0.072020946875 0.05972978125 0.075581540625 0.06196471875 0.08509080937499999 0.060509740624999996 0.141029615625 0.07065075937500001 0.145127084375 0.0745724703125 0.1496626625 0.075394715625
0 0.1522908921875 0.1500452953125 0.150727540625 0.1391655765625 0.1445083203125 0.1337995875 0.1424338390625 0.12653591250000001 0.12385341406249999 0.12634640156250002 0.1163928796875 0.1297622328125 0.08788660312499999 0.12300495 0.071891784375 0.1264630671875 0.060406800000000004 0.1254406125 0.0625542984375 0.13218770625 0.0587273765625 0.1373219015625 0.0722610953125 0.14030521093749998 0.0926239265625 0.149824709375 0.11120435312500002 0.1500142203125 0.1392467765625 0.154568153125 0.1522908921875 0.1500452953125
0 0.048281525 0.19476748593749998 0.054281690625000004 0.20168320781250001 0.0556002390625 0.20880984218749998 0.07750067968749999 0.2239062390625 0.08271916875 0.225382103125 0.13058333125 0.22134372343750003 0.13106871250000002 0.2124248609375 0.12204482812499999 0.20496097500000002 0.1132657453125 0.20125017500000003 0.07190865937499999 0.19216319843750002 0.05749871875 0.1953788203125 0.048281525 0.19476748593749998
0 0.12896805312499998 0.293105746875 0.12947918125 0.289489703125 0.123771090625 0.2805076703125 0.10796958281249999 0.27711323593750004 0.058494796875 0.27609129062500004 0.05657057343750001 0.2842194953125 0.0833459359375 0.29225242812499996 0.11599695624999999 0.29711202812500004 0.12896805312499998 0.293105746875
0 0.08311379062499999 0.3377744421875 0.06677540781249999 0.33269323281249996 0.05809508906250001 0.333768675 0.044977953125 0.338808109375 0.038784478125 0.338744940625 0.025766106249999997 0.3485706171875 0.016402875 0.34899243750000003 0.044032931250000004 0.361948653125 0.052348159375 0.3634561015625 0.10726049062500001 0.364404175 0.1118433421875 0.359407025 0.11091562968749999 0.3550003203125 0.10674514375 0.35159518749999996 0.0890409390625 0.34520674218749997 0.08311379062499999 0.3377744421875
0 0.02076201875 0.4223673640625 0.034686575 0.42807060625000004 0.083066084375 0.436841215625 0.100864834375 0.43159086875 0.0887914859375 0.418276003125 0.0724531015625 0.41319479374999996 0.0631628890625 0.41310003906250004 0.038436259375 0.40702795781249995 0.0101532546875 0.415145975 0.02076201875 0.4223673640625
0 0.06503518750000001 0.48761357812500006 0.0579397453125 0.488446521875 0.0320190765625 0.48533686875 0.020705875000000002 0.4885840734375 0.0188546703125 0.4961956984375 0.03338911875 0.5030691359375 0.0511405953125 0.5036381875 0.06316245468750001 0.5063474171875 0.08444878125000001 0.5038485828125 0.08730071874999999 0.5001270843750001 0.07903276249999999 0.492800240625 0.0741063453125 0.48925806562499996 0.06503518750000001 0.48761357812500006
0 0.011020171875 0.5625917328125001 0.017385428124999998 0.5669245671875001 0.0300902 0.5702874140625 0.0719326671875 0.5704555296875 0.084976784375 0.565932671875 0.08624384375000001 0.5624536671875 0.0829023046875 0.558668996875 0.06807578125 0.5538618703125 0.0272082984375 0.5522810640625 0.0142372 0.5562873453125 0.011020171875 0.5625917328125001
0 0.00986453125 0.620132075 0.023935124999999998 0.6248021609375 0.058780915625 0.630589459375 0.0700941171875 0.6273422546874999 0.0721901234375 0.6234837125 0.068848584375 0.6196990421875 0.059386589062499995 0.6153346234375 0.0200782390625 0.6082085015625001 0.008619 0.6124888640624999 0.007278923437499999 0.616484446875 0.00986453125 0.620132075
0 0 0.6944181656249999 0.00230058125 0.6955840140625 0.0196869671875 0.6987359515625 0.062285365625 0.6990411046875 0.06711301875 0.6977970390625 0.07040306562500001 0.6909760734375 0.062745003125 0.6848194234375 0.039384196875 0.6800545828125 0.00532008125 0.67970714375 0 0.682613625 0 0.6944181656249999
0 0 0.757442275 0.0472566609375 0.76148384375 0.054790214062499995 0.7575514328125 0.05461843125 0.7532817703125 0.049765034375 0.74922301875 0.038718159375 0.7451010953125 0 0.7407174734375 0 0.757442275
0 0 0.818615415625 0.028594345312500002 0.8222082203125 0.033641053125 0.8194144203124999 0.035273203125 0.8133525296874999 0.018226165625 0.8023148843750001 0.0064963796875 0.7975393421875 0 0.7960087625 0 0.818615415625
0 0 0.8725667421875001 0.0159279765625 0.8734232890625 0.0231694546875 0.8715571890625 0.02533848125 0.8671820718750001 0.023508803124999998 0.8636714828125 0 0.8545683515625001 0 0.8725667421875001
0 0 0.93464336875 0.014349675000000001 0.9372447890625001 0.0258192125 0.935085553125 0.0282072921875 0.9291607031250001 0.0256947015625 0.9249964937499999 0 0.919937303125 0 0.93464336875
0 0.1507080609375 0.6329497140625 0.1500508953125 0.6375989125 0.1682662296875 0.6403713140625 0.1711439125 0.641952634375 0.1738282859375 0.650386503125 0.17890073906249998 0.6528955234375 0.19691854375 0.6460954421875 0.21815759843750002 0.64941600625 0.22773988437499998 0.6474444515625 0.22700548281250002 0.6361851953125 0.199010334375 0.6258118703125 0.171333003125 0.6186750484375 0.1507080609375 0.6329497140625
0 0.13582539531249999 0.694359296875 0.15406647499999998 0.7024345171874999 0.18322991875 0.7045425984375 0.19600770781250001 0.7073888703125 0.212002525 0.7039307531250001 0.21129386718749998 0.6979743171874999 0.20280685625 0.6921972046875 0.158597834375 0.686831728125 0.148723475 0.69086959375 0.140945121875 0.69104891875 0.13582539531249999 0.694359296875
0 0.1527863265625 0.7498858 0.1336690265625 0.7480095125 0.1286953359375 0.750286734375 0.125551325 0.7560745453125 0.1410134875 0.7673546875 0.1436978609375 0.77578855625 0.15108537500000002 0.7728893015625 0.1900501609375 0.7714760953125 0.19650996406250001 0.7641701375000001 0.1940703921875 0.759489353125 0.177414190625 0.7511716390625 0.169245 0.748631034375 0.1527863265625 0.7498858
0 0.148662678125 0.8339086484375 0.1745576015625 0.8317154828125 0.1789213984375 0.8282680656249999 0.1748969484375 0.8238297749999999 0.16748368593750002 0.8214262124999999 0.1291503203125 0.8128873984375 0.112691646875 0.8141421640625 0.107279846875 0.8195188531250001 0.12123014843749999 0.8305249124999999 0.148662678125 0.8339086484375
0 0.10934545625 0.8871798390625001 0.11502780312500001 0.890859053125 0.1368767484375 0.8953498140624999 0.1615046125 0.8966356546875 0.1651124796875 0.8930511953125 0.1643308046875 0.887611334375 0.14238309375 0.878334334375 0.12892239375 0.8748344453125 0.1188762515625 0.8746026484374999 0.109246690625 0.8823935984375 0.10934545625 0.8871798390625001
0 0.16159450625 0.9618192078125001 0.1709577375 0.9613973843749999 0.1755405890625 0.956400234375 0.1750509875 0.9488940640625 0.1687587484375 0.9440446515625001 0.1598336265625 0.9413670078124999 0.1209161140625 0.9369608171875001 0.111651646875 0.9421688781249999 0.11811566874999999 0.951287953125 0.16159450625 0.9618192078125001
0 0.3418042671875 0.5425567453125 0.391257525 0.5547009046875 0.39623121562499997 0.55242368125 0.399375225 0.546635871875 0.390424359375 0.5386554078125 0.350944225 0.5272596234375 0.326926253125 0.52714398125 0.3202946671875 0.530180278125 0.32363620625 0.53396495 0.3418042671875 0.5425567453125
0 0.3806871625 0.60205743125 0.334502425 0.5942145203125 0.316901203125 0.60903735 0.3361902859375 0.6151832984375 0.3616470984375 0.6160896 0.38005574375 0.6120094500000001 0.383491828125 0.604155328125 0.3806871625 0.60205743125
0 0.3503423359375 0.652186871875 0.34156325 0.648476071875 0.313593846875 0.6434055625 0.30530436562499996 0.6472009328125 0.302916284375 0.6531257828125 0.31140329375000003 0.6589028953125 0.30862437656249997 0.6621078171875 0.31150205937500003 0.6636891359375 0.34588399375 0.6672730812500001 0.3501274984375 0.6701616375 0.35851574531249997 0.6711525078125 0.3642453625 0.669012328125 0.3665604265625 0.663604053125 0.3640478359375 0.6594398453125 0.3503423359375 0.652186871875
0 0.282815128125 0.7130595015625001 0.2792072609375 0.7166439609374999 0.2833047296875 0.720565671875 0.323613809375 0.73158191875 0.35680170312500004 0.738128290625 0.363214234375 0.7366417296875001 0.36501816875 0.7348494999999999 0.36196870312499996 0.7289985171875 0.3462874859375 0.7192681109375 0.3152213453125 0.714166015625 0.2882526734375 0.71298563125 0.282815128125 0.7130595015625001
0 0.2834676390625 0.7852326484375001 0.30563440625 0.792959915625 0.333603809375 0.798030425 0.348623640625 0.795985 0.352059725 0.7881308765624999 0.3493280796875 0.7855164046875001 0.3234546828125 0.7765873546875001 0.30462945625 0.77264475625 0.2890984953125 0.7783062265625 0.27739445625000003 0.7788335015625 0.2834676390625 0.7852326484375001
0 0.2676057703125 0.8316298906249999 0.2833600046875 0.8408437203125001 0.3211564953125 0.8476957593750001 0.326740078125 0.8465887328124999 0.3282261921875 0.8415599953124999 0.325640584375 0.8379123671875 0.30527775 0.8283928703125 0.27291880625 0.8214669593749999 0.266506275 0.8229535234375 0.265922128125 0.8270861453125 0.2676057703125 0.8316298906249999
0 0.32000507499999997 0.921661134375 0.3195154734375 0.9141549640625 0.3130041796875 0.9108552859374999 0.2532857234375 0.9000290640624999 0.2414613921875 0.906892315625 0.25865446875 0.916896803125 0.3047661875 0.925256290625 0.3149583671875 0.924454934375 0.32000507499999997 0.921661134375
0 0.270469928125 0.9704308656249999 0.2821524390625 0.9810258031249999 0.30626917656249997 0.9859276859375001 0.3285562328125 0.9873189796874999 0.333895015625 0.9824588703125 0.33213835468749997 0.9784317046875 0.32728495468749996 0.974372953125 0.31458018593750003 0.971010103125 0.31109261093749996 0.9682585874999999 0.278514609375 0.9628824109374999 0.2712001125 0.9652650890625001 0.270469928125 0.9704308656249999
0 0.4702903765625 0.6702232718750001 0.4828748546875 0.6799220953125 0.50479681875 0.683896278125 0.5215733124999999 0.6858780203125 0.5256450359375 0.6844969125 0.5284969734375 0.6807754125 0.5224968062500001 0.673859690625 0.5159855125 0.6705600125 0.49028389843750003 0.665900625 0.4699725578125 0.6669867640625 0.4702903765625 0.6702232718750001
0 0.51229575625 0.7350583609375 0.5031515796875 0.73393045 0.4700839765625 0.7210481046874999 0.4672320390625 0.7247696046875001 0.471183471875 0.72972446875 0.4511642046875 0.7287442984375 0.4467273875 0.7327082953125 0.44053391406250003 0.7326451234375 0.4444853453125 0.7375999906249999 0.46053165468749996 0.744747509375 0.5059604625 0.752453378125 0.516225659375 0.75113544375 0.520662475 0.747171446875 0.5179781015625 0.7387375765625 0.51229575625 0.7350583609375
0 0.4380639421875 0.799483865625 0.4319949765625 0.809509753125 0.42724034375000003 0.810237240625 0.46050125625 0.8162670375 0.483690278125 0.816762215625 0.48959167968750006 0.8188916984375 0.497052215625 0.8154758640624999 0.5055134796874999 0.8159501562499999 0.513656925 0.8131879453125 0.5159719875000001 0.80777966875 0.5097527671875001 0.8024136796875 0.46220220625 0.7932635343750001 0.4380639421875 0.799483865625
0 0.4355939734375 0.86632260625 0.46012729218750004 0.8792472374999999 0.49650646875 0.874186403125 0.5010163015625 0.8697058296875 0.5004536828124999 0.8627162374999999 0.455024875 0.8550103671875 0.4355939734375 0.86632260625
0 0.43071017500000003 0.9337833812499999 0.44002613437500004 0.9391809562500001 0.4736521390625 0.9426278625 0.49462064687499996 0.9368925234375001 0.49352115156250004 0.9282161562500001 0.44370280156249997 0.9186548859375 0.42565925 0.9201521500000001 0.421613271875 0.926836075 0.42751467343750005 0.92896555625 0.43071017500000003 0.9337833812499999
0 0.4663773921875 1 0.4806399453125 0.997405990625 0.48144314843749997 0.9917236359375 0.47371206875 0.986083565625 0.46212832031250006 0.9802748687499999 0.4454978625 0.9772599703125 0.41787202343749996 0.9807287859375 0.41260626250000004 0.9850723203125 0.41436292343750003 0.9890994859375001 0.428824353125 0.9964895015625 0.4581965421875 1 0.4663773921875 1
0 0.6741259687500001 0.5280986578125 0.6693455890625 0.5235233265625 0.6493993390624999 0.522026578125 0.6413289125 0.524272215625 0.6321117187499999 0.52366088125 0.627820940625 0.526591721875 0.632820375 0.52961731875 0.6329921578125 0.53388698125 0.6258236968750001 0.5352365015625 0.6628642578124999 0.5419515015624999 0.6854433890625 0.541276484375 0.6896611484374999 0.5388622234375 0.6867577203125 0.531978084375 0.6741259687500001 0.5280986578125
0 0.6679708953125 0.5826134046875 0.6594108671875001 0.5773528703124999 0.629637528125 0.5740745890625 0.6091328781249999 0.58201328125 0.6093776796875 0.5857663671875 0.614840971875 0.5909953156250001 0.6283016703125 0.5944952046875 0.6388374156250001 0.6022331703125 0.65875791875 0.5984271031249999 0.6687310421875 0.599175478125 0.6819942140624999 0.5931028859375 0.685138225 0.5873150765624999 0.6787729687499999 0.5829822421874999 0.6679708953125 0.5826134046875
0 0.6054903953124999 0.6406922359375 0.6019555453125001 0.643760115625 0.608930696875 0.6492631453125 0.6075176015625 0.6537753046875 0.623709946875 0.65988966875 0.6428745203124999 0.655946559375 0.6692332999999999 0.6559567453125 0.67276815 0.652888865625 0.6713035625 0.6467953875 0.649600653125 0.6412714703125 0.621339175 0.638267271875 0.6054903953124999 0.6406922359375
0 0.64959178125 0.701668784375 0.62676785 0.6985907140625 0.601920928125 0.698854609375 0.5937774828125 0.7016168234375 0.6025565687500001 0.705327625 0.6058250890625 0.7096288734375 0.61733581875 0.7159541468749999 0.644231471875 0.7176511078125001 0.67163825625 0.7157320265625 0.6731243703125 0.7107032890625 0.6702209406249999 0.7038191515625 0.6566872218750001 0.7008358390625 0.64959178125 0.701668784375
0 0.6340561671875 0.7841525984375 0.6551234375 0.7832035 0.65765755625 0.7762454921875 0.6537791421875 0.77077405 0.6331242375 0.7633208609375 0.623907040625 0.762709528125 0.6068127296875 0.7574912781250001 0.5871842984375 0.7592310359375001 0.5884555765624999 0.7721770640625001 0.6340561671875 0.7841525984375
0 0.578666890625 0.8249734515625 0.579448565625 0.8304133109375 0.5713051203124999 0.833175525 0.6123443859375 0.8390259953125 0.6292669156249999 0.8399745812500001 0.6403610625 0.8382771078125 0.6427491421875 0.8323522562500001 0.6387977109375 0.827397390625 0.612778278125 0.8195014953124999 0.6006834015625 0.8173088421875001 0.5852984765625 0.8219371578124999 0.578666890625 0.8249734515625
0 0.5620060359375 0.89347808125 0.5822958500000001 0.9035141578125 0.6230903156250001 0.905611540625 0.6336475874999999 0.90222729375 0.634377771875 0.897061515625 0.6312552874999999 0.8917271124999999 0.6245979562499999 0.8894605906249999 0.5989693609375 0.8842846249999999 0.5849245125 0.8849173578125 0.5643941171875 0.8875532312500001 0.5620060359375 0.89347808125
0 0.598986234375 0.9499847546875 0.5838676375 0.9472439390625 0.556825946875 0.946580134375 0.551633203125 0.950407090625 0.56358204375 0.9536328984375 0.5748006984375 0.9620244843749999 0.6201564890625 0.9702469312499999 0.6307137609375 0.9668626828125 0.6345406812500001 0.9617284921874999 0.6351978468749999 0.9570792906250001 0.6294424828125 0.9539166546875 0.6100073625 0.9488038609375 0.598986234375 0.9499847546875
0 0.7761001265624999 0.3441959515625 0.8008525000000001 0.3555708515625 0.8142144375000001 0.3542845 0.83311268125 0.3577105203125 0.854789846875 0.3579316171875 0.856323234375 0.3470834859375 0.8402769250000001 0.339935965625 0.8050402968749999 0.3314287375 0.7925330546875 0.33763836875000003 0.7902179921875 0.3430466421875 0.7761001265624999 0.3441959515625
0 0.8360030203125 0.40856693593750004 0.7898913015625 0.4002074484375 0.7758722 0.406143 0.789822503125 0.41714905937499996 0.8266440078124999 0.42541379062500007 0.8433217375 0.4226092921875 0.843442028125 0.41627331874999995 0.8360030203125 0.40856693593750004
0 0.7584554156250001 0.4745105890625 0.773088628125 0.4861702671875 0.7869401671875 0.4923900859375 0.8020587625 0.4951309015625 0.8340741421875 0.49351748593749994 0.8356332765625 0.4879721703125 0.831608825 0.48353388124999996 0.8250245125 0.48075078125 0.7879109328125 0.4745523609375 0.7783286453125 0.47652391562499996 0.7584554156250001 0.4745105890625
0 0.7511063015625 0.531987759375 0.748181346875 0.5362258359375 0.7534986 0.5424879421875 0.7673501375 0.5487077593749999 0.7691798171875 0.5522183484375 0.7728864468750001 0.5534201296875 0.7817858234374999 0.5507949578125 0.8058768125 0.5503940218750001 0.8147031703125001 0.5482854265625 0.8256985531250001 0.5418017109375 0.817821434375 0.5371947984375 0.7670281 0.52904621875 0.7511063015625 0.531987759375
0 0.7370568 0.6094428375 0.761809175 0.620817734375 0.8084062781249999 0.6202583609375 0.8141358984375 0.618118178125 0.8156220109375001 0.6130894421875 0.8123534906250001 0.6087881953125 0.78082349375 0.601482746875 0.7619982671875001 0.5975401515625001 0.7455653375 0.604097734375 0.7337882812500001 0.6051415890625 0.7370568 0.6094428375
0 0.7791351984375 0.6737613484375 0.7940089953125 0.6727490796875 0.8025175328125 0.6674039781250001 0.8000049406249999 0.66323976875 0.7918357515625 0.6606991640625 0.763866346875 0.65562865625 0.7437267875 0.6609844578125 0.740045903125 0.6650854953125 0.74572825 0.668764709375 0.7791351984375 0.6737613484375
0 0.7395474296875 0.7179766375 0.7239177046874999 0.718851865625 0.7200177640625001 0.7245026343750001 0.7412095453124999 0.7336425953125 0.7834428499999999 0.7365306406250001 0.7939271031249999 0.73366296875 0.7960231125 0.7298044296875 0.79138876875 0.7241959437500001 0.783292596875 0.7211387625000001 0.77066084375 0.7172593359375 0.7477638953125 0.7146978453124999 0.7395474296875 0.7179766375
0 0.7387138281250001 0.79517851875 0.7500527765625 0.79723413125 0.7729497265624999 0.799795621875 0.78314190625 0.7989942625 0.7882616328125 0.7956838859375 0.78801683125 0.7919308 0.778700871875 0.7865332265625 0.7448300671875 0.779333234375 0.718909396875 0.77622358125 0.7140087281249999 0.777984225 0.7387138281250001 0.79517851875
0 0.7474840421875 0.8592866328125 0.7666486156250001 0.8553435234375 0.7673057796875 0.8506943234375001 0.7639642421875 0.8469096531250001 0.7535272625 0.8439579265624999 0.724801928125 0.8387503765625001 0.7054913171875 0.8437266421875 0.7056631 0.8479963046875 0.7207344250000001 0.8565565171875 0.7474840421875 0.8592866328125
0 0.6942207375 0.9179767968749999 0.7168256125 0.9226045968750001 0.7375277921875 0.9242383890625 0.7501337984374999 0.9228149968749999 0.753058753125 0.91857691875 0.75061918125 0.913896134375 0.7293543812500001 0.905272753125 0.7024329812500001 0.8982729718750001 0.6826112421875 0.9068652828125 0.6820270953125 0.9109979046875001 0.6942207375 0.9179767968749999
0 0.6937695359375 0.9650485421875 0.6822372796875 0.9698454828124999 0.6907500359375 0.9809254125000001 0.7079903843750001 0.9851105062500001 0.7371280828125 0.981915771875 0.7474405546875 0.9747784390625001 0.746658878125 0.9693385796875 0.7439272328125 0.96672410625 0.7333442140625 0.9648055359375001 0.7070584531249999 0.964278771875 0.6937695359375 0.9650485421875
0 0.3493884421875 0.735724728125 0.358751675 0.7353029078125 0.3584811265625 0.7262470015625 0.338363096875 0.720480590625 0.328853828125 0.72193556875 0.329244665625 0.724655496875 0.33370722656249996 0.7259943203125 0.3403172859375 0.7340802390625 0.3493884421875 0.735724728125
0 0.67186705 0.4672902234375 0.6419734234375001 0.4703479171875 0.653166334375 0.473436684375 0.6716522140625 0.4852649890625 0.7018894078125 0.4907466203125 0.7133743906250001 0.49176907812500004 0.7244685375000001 0.4900716046875 0.7280764046875 0.4864871453125 0.7263927609375 0.48194340156250004 0.7158570171874999 0.47420543281249994 0.6841079640625 0.468449721875 0.67186705 0.4672902234375
0 0.5745285390625 0.377059278125 0.5472893187500001 0.36682299218750003 0.5191996249999999 0.3680884578125 0.531002428125 0.3723474203125 0.5405631890625 0.3814980796875 0.5449054578125 0.389172875 0.5447851671875 0.39550885 0.548564815625 0.3961940546875 0.564340578125 0.3942856703125 0.5870184734375 0.39839689375 0.599916553125 0.394907190625 0.6019137953125 0.386262409375 0.5823068921875 0.376879953125 0.5745285390625 0.377059278125
0 0.580446815625 0.44488889218749994 0.5681586281250001 0.4495487921875 0.552576175 0.4446046234375 0.5296319515625 0.44786252812500005 0.526999071875 0.450034296875 0.52875573125 0.4540614625 0.54972845625 0.4647511546875 0.5773070234375 0.4671017359375 0.5973735625 0.4622625109375 0.5921765999999999 0.4496644328125 0.5892989171874999 0.4480831140625 0.5831784609375 0.447503365625 0.580446815625 0.44488889218749994
0 0.4019790109375 0.336241496875 0.383007746875 0.33333205625 0.372716803125 0.32934717343750003 0.355747 0.334217984375 0.35894250156249996 0.339035809375 0.3681854421875 0.3449499625 0.3668453640625 0.34894554375000003 0.357872971875 0.35208729375000003 0.36467633906249997 0.35332066093750003 0.3737217515625 0.34966233125 0.4201255453125 0.355955509375 0.42419726874999997 0.3545744015625 0.424854434375 0.34992520312500003 0.42029310937500003 0.3438001390625 0.4019790109375 0.336241496875
0 0.46410663906250005 0.42326803281250003 0.45549933906250006 0.4238268953125 0.44884200625000004 0.42156037343749997 0.44042801562499995 0.415266684375 0.42591931250000004 0.41369606406250004 0.40753219375 0.4066539984375 0.39543731875 0.40446134687499996 0.361128403125 0.400360821875 0.35244808125 0.40143626250000003 0.3618628046875 0.411620078125 0.3845664453125 0.42103411875 0.3982462 0.422984275 0.4010508640625 0.425082171875 0.41624247968750006 0.42730641093750005 0.4231661390625 0.42220380312500005 0.45228230937499997 0.430131284375 0.4652534078125 0.426125003125 0.46410663906250005 0.42326803281250003
0 0.2458666296875 0.3052911640625 0.2190182484375 0.297774809375 0.18995356875 0.300452965625 0.1957819515625 0.30309902499999997 0.20019723906250003 0.31025724375 0.2212429828125 0.3204303609375 0.250260390625 0.3235716 0.266525753125 0.3291693859375 0.272865265625 0.3281994015625 0.2788869609375 0.32399290937499997 0.27408083437499997 0.3141147609375 0.26378989062499997 0.31012987812500004 0.2597654390625 0.3056915890625 0.2458666296875 0.3052911640625
0 0.19284812499999998 0.36773441562500003 0.19719039375 0.3754092109375 0.186560103125 0.3793100375 0.1862680296875 0.3813763484375 0.1989728015625 0.38473919687499997 0.2111664421875 0.391718090625 0.2312844734375 0.39748450156250004 0.250693846875 0.39729447812499996 0.2645669125 0.3923920828125 0.2665168828125 0.3895666984375 0.25639350312500003 0.3734264453125 0.1827762359375 0.3621998 0.19284812499999998 0.36773441562500003
0 0.2023312125 0.45422399843749994 0.227641990625 0.4561634546875 0.24346924374999998 0.46486070625 0.250173846875 0.461307834375 0.266559503125 0.46056964687499996 0.26984955 0.45374868125 0.2665810296875 0.44944743281250005 0.242657603125 0.4376929984375 0.22783108125 0.43288587187500005 0.20749399375 0.4286691921875 0.1776261125 0.43702970468749996 0.2023312125 0.45422399843749994
0 0.2224576828125 0.4928404765625 0.20668192031250002 0.494748859375 0.192246234375 0.49266166250000004 0.178764009375 0.5002839875 0.17849767968750002 0.5076531171875 0.173304934375 0.5114800703125 0.1973486515625 0.5168985312500001 0.220292875 0.513640628125 0.2371423875 0.5151057906250001 0.24301804218749998 0.5119324546875 0.24533310468749997 0.5065241796875 0.2428935328125 0.5018433953125 0.23426048437500002 0.4970994390625 0.2224576828125 0.4928404765625
0 0.21321895937500002 0.5033513562499999 0.21256179375 0.5080005578125 0.21741519375 0.512059309375 0.22631456718749998 0.509434134375 0.22136240625 0.5005891421875 0.2169728640625 0.49873374375 0.21321895937500002 0.5033513562499999
0 0.23120636718749998 0.568070803125 0.22130626250000002 0.5668058515625 0.2127462328125 0.56154531875 0.2110153171875 0.5628209703125 0.1816070734375 0.5569598015625 0.1638555953125 0.5563907515625 0.1603207484375 0.5594586328125 0.16010309843749998 0.5664833765624999 0.1547156375 0.5716878734375 0.18829436875 0.580954175 0.2281138484375 0.58446425 0.2329415015625 0.5832201859375 0.23759737187500002 0.57770645625 0.236815696875 0.5722665953125 0.23120636718749998 0.568070803125
0 0.5553888421875001 0.5727999625 0.5441701859375 0.5644083765625 0.53412404375 0.56417658125 0.5180047171875 0.5575456390625 0.499669090625 0.5611092109375 0.4828195796875 0.559644046875 0.4779189078125 0.561404690625 0.477553815625 0.5639875796875 0.48660344687499996 0.5767542828125001 0.5053083828125 0.58703285625 0.5099169796874999 0.587338521875 0.5177683531249999 0.58664261875 0.5255939781250001 0.5806438984375 0.548100090625 0.5804854578125 0.55563364375 0.5765530484375 0.5553888421875001 0.5727999625
0 0.46808295 0.620020475 0.47549621093749994 0.6224240375 0.479374625 0.62789548125 0.474546971875 0.6291395484375 0.4765226875 0.63161698125 0.494909803125 0.6386590453125 0.5109303671875 0.6405037453125 0.526487075 0.6401450953125 0.548821403125 0.6357169921875 0.5504535546875 0.6296551015625 0.5458192109375 0.624046615625 0.5345532828125 0.6214744265625 0.46808295 0.620020475
0 0.5082122453125 0.5006696140625 0.5323074531249999 0.5166937125 0.5507675890625 0.523219196875 0.5716888250000001 0.5233032546875 0.5797592515625001 0.52105761875 0.5817092203125 0.5182322328125 0.57865975625 0.5123812515624999 0.5557370609375 0.50451694375 0.5476151406249999 0.49615694374999997 0.5408847921875 0.494406996875 0.5229400046875 0.5006904999999999 0.5082122453125 0.5006696140625
0 0.3769940578125 0.4636359921875 0.370223609375 0.4639980375 0.3363456296875 0.460505453125 0.338029271875 0.465049196875 0.3490031265625 0.469687696875 0.3609777125 0.478216321875 0.40009275312500003 0.4921949953125 0.41935609218750003 0.4930381265625 0.41523287656249996 0.483813596875 0.39152850625 0.4705094296875 0.38399073437500003 0.45801680625 0.3769940578125 0.4636359921875
0 0.8177286265625 0.1758440765625 0.808610196875 0.1800189828125 0.786031065625 0.180694 0.7854469187500001 0.1848266234375 0.7896904234375001 0.187715178125 0.833852171875 0.19890005 0.8575050515625 0.20159858281249998 0.8725721562500001 0.1937337609375 0.8755701312499999 0.18897910625 0.8738864875000001 0.1844353625 0.8667653015625 0.17996548750000002 0.8578401796874999 0.17728784375 0.8177286265625 0.1758440765625
0 0.8433268234375 0.25253956875 0.8335212625 0.2396358234375 0.8273062609374999 0.2506948671875 0.7997749671875 0.2425248921875 0.7876328171875 0.2461516359375 0.7736609875 0.246267790625 0.78570859375 0.25427983906249996 0.7870271437499999 0.261406471875 0.7918075234375 0.2659818015625 0.8164611328125 0.272570459375 0.8495245171875 0.269027771875 0.8539613328125 0.2650637765625 0.8540086062500001 0.2592443796875 0.8433268234375 0.25253956875
0 0.6744970171875 0.1689512890625 0.6915913296875 0.1741695390625 0.702419146875 0.1798411953125 0.749553125 0.18096859375000002 0.7569406390625 0.1780693375 0.758645809375 0.17149087031250002 0.7511337828125 0.164301065625 0.7243584203125 0.15626812968749998 0.695903634375 0.16011648437499998 0.677348953125 0.165229790625 0.6744970171875 0.1689512890625
0 0.595485259375 0.1355540859375 0.5759041015624999 0.131474446875 0.5554467234375 0.1335937421875 0.5392801234375 0.1327821953125 0.5434033375 0.142006725 0.5555712328125 0.1436828 0.572227434375 0.15200051718750002 0.60404950625 0.1572396515625 0.6295535921875001 0.15232655781249999 0.6307218859375 0.1440613125 0.6261605625 0.13793625 0.6180643890625 0.1348790671875 0.595485259375 0.1355540859375
0 0.469485559375 0.099996325 0.4562696609375 0.100249521875 0.4388832765625 0.097097584375 0.4234468609375 0.091120259375 0.408525790625 0.097951925 0.399162559375 0.098373746875 0.4002620546875 0.10705011406250001 0.42325776875 0.1143978453125 0.43018564687499994 0.1257202703125 0.45093509843749996 0.12153466406249999 0.465370784375 0.12362186093750001 0.4758550375 0.12075419218750001 0.49197014531249994 0.1109601015625 0.47570478125 0.1053623140625 0.469485559375 0.099996325
0 0.31921 0.10454212031250001 0.3138412546875 0.087674378125 0.2977949453125 0.08052685781249999 0.2727762421875 0.076521090625 0.2566569140625 0.0698901484375 0.25476920000000003 0.0777600640625 0.24168857500000002 0.0825412109375 0.23959256718750002 0.08639975 0.2428610859375 0.090701 0.25671262499999997 0.09692081875 0.26422465 0.1041106234375 0.2733688265625 0.105238534375 0.288070840625 0.0999566015625 0.2976058546875 0.10380444375 0.2976315984375 0.1091072609375 0.3023604875 0.1030769546875 0.31921 0.10454212031250001
0 0.27479457812499997 0.1500014734375 0.25626142343749997 0.143992565625 0.2514595171875 0.15053945 0.237195615625 0.15272191562499998 0.2272482375 0.157276359375 0.21478826718750002 0.157666596875 0.2180567875 0.16196784375 0.236443903125 0.16900990625 0.270168671875 0.177243053125 0.2891399359375 0.1801524953125 0.301964996875 0.177179371875 0.301183321875 0.1717395109375 0.30457213437499997 0.1697047875 0.29901007812499997 0.159689596875 0.27479457812499997 0.1500014734375
0 0.23831198437499998 0.2270984125 0.2184860265625 0.2192656890625 0.207172825 0.22251289531250001 0.186105553125 0.22346199375000003 0.2074691171875 0.2368716171875 0.21934493906250002 0.2406140046875 0.23110046875 0.25069236250000004 0.2427314890625 0.2506816640625 0.25121850156250003 0.25645877499999997 0.2743087609375 0.2521677140625 0.27881859375 0.247687140625 0.27386643125 0.238842146875 0.24843114531250002 0.22681363281250003 0.23831198437499998 0.2270984125
0 0.35838875312499996 0.2716489046875 0.37667710625 0.273904728125 0.408451903125 0.284963259375 0.41815870000000005 0.2930807640625 0.441541034375 0.2867233921875 0.4374908390625 0.276982284375 0.4184938296875 0.2687700234375 0.40632593281249996 0.2670939484375 0.3810624296875 0.259335096875 0.3496569421875 0.2621187078125 0.35838875312499996 0.2716489046875
0 0.44624461093749995 0.1821428890625 0.44185506874999997 0.1802874875 0.434785371875 0.18642324999999998 0.40952186875 0.1786643953125 0.3883085625 0.18064665 0.39135802656249996 0.18649763125000002 0.4070392421875 0.19622804062500002 0.4048702171875 0.2006031578125 0.4068459328125 0.2030805921875 0.41945193906249995 0.2016572 0.4525668140625 0.20872015 0.46373397968749996 0.2065060984375 0.46651289843750005 0.20330117812499998 0.44663544999999993 0.18486281875 0.44624461093749995 0.1821428890625
0 0.6291365734375 0.23755118749999998 0.628256134375 0.22732508906249999 0.61591645625 0.22137935 0.595214278125 0.2197455609375 0.587556215625 0.2135889109375 0.5793870234375 0.2110483078125 0.5526631515625 0.213621009375 0.562052128125 0.21850200625 0.559127175 0.2227400828125 0.550910709375 0.226018875 0.5510824921874999 0.23028853749999997 0.5713465609374999 0.2350217953125 0.5789316062500001 0.24169502031249998 0.5841500953125001 0.24317088281250002 0.5963652640625 0.2390275625 0.6231879 0.2412411015625 0.6291365734375 0.23755118749999998
0 0.6719540265624999 0.236306609375 0.6685909609375 0.24364415312499998 0.6812227140625 0.2475235796875 0.687514953125 0.25237299062499996 0.713289584375 0.25651579999999996 0.7356969343750001 0.2515711203125 0.738475853125 0.24836619999999998 0.736938246875 0.24278929843750002 0.7092351703124999 0.23034966093749998 0.692677734375 0.22681818437499998 0.685998875 0.2356738765625 0.6719540265624999 0.236306609375
0 0.7115498 0.31818876406249996 0.6940903953124999 0.315553403125 0.6807757328124999 0.311020359375 0.66646455625 0.31902222187499996 0.65446844375 0.3216158078125 0.6539573140625 0.32523185312499997 0.6580547828125 0.32915356406249996 0.6533989124999999 0.33466729375000004 0.6610312296874999 0.335521121875 0.6647121140625 0.3314200875 0.67195359375 0.3295539875 0.71784625625 0.3394632078125 0.7251822828125001 0.32595831875000003 0.7210848140625 0.32203660625 0.7115498 0.31818876406249996
0 0.58406820625 0.30408477500000003 0.5577094265625 0.3040745859375 0.5470791359375 0.3079754140625 0.5324243953125001 0.3074379484375 0.5317672296875 0.31208714843749996 0.53496273125 0.3169049734375 0.5475944828125 0.3207844 0.5577866625000001 0.31998304375000003 0.5774408390625 0.323546103125 0.605165440625 0.32486352812499997 0.6145029265625 0.3191388859375 0.6144771812500001 0.31383606875000003 0.6090138890625 0.3086071203125 0.58406820625 0.30408477500000003
0 0.6865479703124999 0.3798831265625 0.66609059375 0.382002421875 0.6523635640625 0.3858716609375 0.6410761078125 0.3944216875 0.6446367015625001 0.3966566234375 0.674337021875 0.40045148125 0.690430603125 0.40177960468749996 0.699256959375 0.3996710078125 0.709011028125 0.40196911718750006 0.7163255265624999 0.3995864390625 0.720152446875 0.39445224843750004 0.7155911234375 0.3883271828125 0.7083239 0.38489046562499996 0.6865479703124999 0.3798831265625