0 0.9285083000000001 0.9488134578125 0.947877734375 0.9571969078125001 0.9764292250000001 0.9598568859375 0.978842865625 0.95958833125 0.9802949 0.9388654703125001 0.9505791203125 0.9300364515625 0.9344500218749999 0.9323714937500001 0.9201361078125 0.9315861921874999 0.911030384375 0.9362202890625 0.9135157875000001 0.94632020625 0.9285083000000001 0.9488134578125
0 0.955693340625 0.85704840625 0.94292745625 0.8569555687499999 0.93548425625 0.86064806875 0.9359338625 0.865624140625 0.9435595046874999 0.8707205171875 0.9676875218750001 0.879547296875 0.9844518515624999 0.8795391640625001 0.9860600203125 0.8565880390625 0.969786640625 0.84958951875 0.9691843734375001 0.8467921953124999 0.9599725359375 0.841548040625 0.9596672093749999 0.8459055359375001 0.9658593218749999 0.8486753890625 0.955693340625 0.85704840625
0 0.9079372203125 0.7752970421875001 0.9219458062499999 0.7804398375 0.9263990609375 0.7852406640625 0.9433510390625001 0.793947134375 0.9854996765624999 0.7962291515625 0.9903651234374999 0.7951473578125 0.9914845421875 0.7791714546875 0.9756557906250001 0.7772200484375 0.9648959250000001 0.77128343125 0.94174345 0.77131941875 0.918361978125 0.774623528125 0.9096760765624999 0.7732660703125 0.9079372203125 0.7752970421875001
0 0.9186328984375001 0.713793840625 0.95424593125 0.7182081874999999 0.9955165953125 0.721627634375 0.9965556171875001 0.70679914375 0.977826615625 0.7006683296875 0.96397069375 0.6933467859375 0.9591739453124999 0.69344814375 0.95070865625 0.700334878125 0.9171993671875001 0.7114673171875 0.9186328984375001 0.713793840625
0 1 0.633893740625 0.9552587718750001 0.6240048234375 0.947213303125 0.6249000031249999 0.92508291875 0.6217417562499999 0.920171675 0.623477175 0.9277591515625 0.6291182390625 0.9274156609374999 0.6340204218750001 0.9654759296875 0.6490793703125 0.9813760359374999 0.6500124484375001 0.995804446875 0.649163690625 1 0.6475166156250001 1 0.633893740625
0 1 0.574238434375 0.9791317718749999 0.56811521875 0.9701870953125 0.5590582578125 0.964635415625 0.5585410390625001 0.9383403343750001 0.5692491015625001 0.96390188125 0.580402403125 0.987465796875 0.585887171875 1 0.58562231875 1 0.574238434375
0 1 0.5093843 0.9914518093750001 0.506215109375 0.9590493312499999 0.50155163125 0.94208896875 0.504357471875 0.9448796984375001 0.51009989375 0.96409646875 0.5206620921875 1 0.5236070203125001 1 0.5093843
0 1 0.444968578125 0.9723151281250001 0.43754666093749994 0.9471184703125 0.44397111562499997 0.9534250796875 0.445106909375 0.9633155171875 0.4520590109375 0.9742280453125 0.4558168796875 1 0.46192246875 1 0.444968578125
0 1 0.38424771562500004 0.9686968968749999 0.3752581609375 0.955320359375 0.3838803109375 0.96407420625 0.39566070781249996 1 0.39994655625000003 1 0.38424771562500004
0 1 0.30494928906249996 0.98763725625 0.298624034375 0.9812924796875 0.298032928125 0.962631425 0.3023250546875 0.950802915625 0.31163966875 0.9411330906250001 0.31293175781250004 0.9447932484375 0.3176586921875 0.9818016453125 0.32494425 1 0.32462629062500004 1 0.30494928906249996
0 1 0.23718211562499997 0.9728393328125 0.2363904703125 0.9491525359375 0.244052075 0.9543988875 0.2489267875 0.9718470218749999 0.25055232968749996 0.9739591515624999 0.254586803125 1 0.2549860484375 1 0.23718211562499997
0 1 0.1754254171875 0.9812702171875 0.1730315453125 0.96529378125 0.17318784062499998 0.961137465625 0.1755418328125 0.9631351 0.1812103671875 0.9769910203125001 0.1885319125 1 0.191383946875 1 0.1754254171875
0 1 0.1110747375 0.9952909468750001 0.10964515156250002 0.9706667734375 0.10789930156250001 0.9609969453125 0.10919139062500001 0.95736656875 0.1154320796875 0.9476204109375 0.1178135421875 0.979526734375 0.1295579515625 1 0.131193415625 1 0.1110747375
0 1 0.049410003125000004 0.9756581109375 0.048057631249999996 0.9600549453125 0.054279371875 0.9545032671874999 0.053762154687499994 0.949210365625 0.060944440625 0.9568741734374999 0.06549613125 1 0.069513915625 1 0.049410003125000004
0 0.7243462359375 1 0.71753235625 0.997688371875 0.6890190296875 0.9944837062499999 0.6719966937499999 1 0.7243462359375 1
0 0.5898730671875 1 0.610684875 0.9959576484375001 0.6119741249999999 0.9889506078125001 0.6084284624999999 0.982589609375 0.58894453125 0.9758402203125 0.5816158296875 0.977898659375 0.5464905671875 0.9779156984374999 0.512340846875 0.986795503125 0.519928325 0.99243656875 0.5363925328125 0.9967116562499999 0.540637559375 1 0.5898730671875 1
0 0.34681257187500003 0.9680847328125 0.3419013265625 0.9698201531249999 0.35507864843750003 0.9754337484375 0.36021050468750004 0.9819425234375 0.3862634171875 0.992593359375 0.42110303125000004 0.9958391656250001 0.42728025625 0.99312520625 0.4299648734375 0.9889893750000001 0.429629765625 0.9823792453125 0.4243070828125 0.9785939062500001 0.3826546 0.969230959375 0.34681257187500003 0.9680847328125
0 0.271201196875 0.9648781578125 0.2627824578125 0.9597078921875 0.24084290312499998 0.9538262109375 0.2153493015625 0.9530958484375001 0.1988385421875 0.9608777609375 0.1984568859375 0.966324628125 0.20544209375000003 0.9691683718749999 0.2097426859375 0.97614794375 0.2478876734375 0.9786052062499999 0.26310917968749997 0.9778303359375 0.26991194531249996 0.9718852 0.271201196875 0.9648781578125
0 0.034107756249999996 0.959785053125 0.1256744046875 0.9683157874999999 0.11676789531250001 0.9587141390625 0.0966435296875 0.9497121140625 0.0647669859375 0.9489353328125001 0.0341331453125 0.95320850625 0.0323561234375 0.9557841640625 0.034107756249999996 0.959785053125
0 0.1360899125 0.8766331453125 0.1371883359375 0.8723495390625 0.130432121875 0.8662376734375 0.11317481562500001 0.8618886968749999 0.11034592031249998 0.8566909640624999 0.105587340625 0.856247634375 0.1005997625 0.8590724234374999 0.0419105859375 0.85360469375 0.0326224171875 0.8494499140625 0.0285424328125 0.8507145312500001 0.0330338546875 0.8549706703125001 0.032728528125 0.8593281656249999 0.0213198453125 0.8626512249999999 0.03857715 0.8670002 0.056924493750000006 0.8785778843750001 0.0782999453125 0.8811175531250001 0.09389472343750001 0.886408128125 0.1035645515625 0.8851160374999999 0.1129672171875 0.8876367593750001 0.1185570640625 0.8876092890624999 0.12766278749999999 0.8829751921875 0.1360899125 0.8766331453125
0 0.087671965625 0.7701492046875 0.06886663125 0.7651077640625 0.0462400921875 0.7690304484375 0.031926181250000005 0.768245146875 0.034678745312499995 0.7745322578125 0.0310483671875 0.7807729453125 0.042868490625 0.7829706421875 0.0582724390625 0.79098465 0.0885246234375 0.7921583453125 0.095319003125 0.797725521875 0.1141243359375 0.8027669609375 0.1177928796875 0.795981584375 0.1252360796875 0.792289084375 0.12917178437500001 0.781690896875 0.11697838593750001 0.77342775625 0.087671965625 0.7701492046875
0 0.1226948734375 0.7032370343750001 0.0752319375 0.6856573671875 0.0696420921875 0.6856848359375001 0.044254603125 0.6948327234375 0.04137915625 0.7016919890625 0.0338214609375 0.70701855 0.0432622921875 0.7089945828124999 0.057118215625 0.716316128125 0.10085304531249999 0.718745921875 0.1105228734375 0.7174538328125 0.12125295625000002 0.712422825 0.1226948734375 0.7032370343750001
0 0.12437792968750001 0.622253934375 0.0903510890625 0.617987365625 0.061570604687499995 0.6185955078125 0.061753046874999995 0.6273843875 0.1119387671875 0.640283540625 0.1286319703125 0.6412905062500001 0.13634232968749999 0.6337851984375 0.136609490625 0.6299723890625 0.12437792968750001 0.622253934375
0 0.1317867203125 0.5620892421875 0.133678240625 0.5578795234375 0.13013258125 0.5515185265625 0.0744715125 0.5370127828125 0.065747446875 0.5362000124999999 0.0350372734375 0.5415625609375 0.0444017734375 0.5446279671875 0.055420415625 0.558264090625 0.0616888609375 0.5599445703125 0.073844090625 0.5687523984375 0.08237732812500001 0.5722886046875 0.099978125 0.5717353984375 0.1075739875 0.56586415 0.12683730937499998 0.5643693468750001 0.1317867203125 0.5620892421875
0 0.0706326703125 0.46648008750000003 0.05533483125000001 0.4683443328125 0.043056720312500005 0.472682878125 0.06986096875 0.4888861390625 0.0961476671875 0.48969039218750005 0.10555033437500001 0.4922111125 0.12315113124999999 0.49165790625000005 0.1382283578125 0.4815494703125 0.1213908765625 0.4712089375 0.0706326703125 0.46648008750000003
0 0.1163474984375 0.39508160000000003 0.1036197796875 0.3944440734375 0.085569378125 0.390021209375 0.06940211406249999 0.3929009390625 0.0696227234375 0.40114513125 0.0803444234375 0.40762643593750003 0.10719522343750001 0.41177269843750003 0.11418043124999999 0.41461643906249995 0.12369759531249999 0.4155030984375 0.1294401046875 0.41329688124999997 0.1393770921875 0.40819198593749995 0.137303128125 0.403612825 0.1163474984375 0.39508160000000003
0 0.13909229375 0.3325079765625 0.09679937968749999 0.32089239375 0.083240396875 0.3207256671875 0.07587353125 0.32332879375 0.077756665625 0.3306313875 0.089988228125 0.3383498421875 0.1316025421875 0.34825747812499996 0.147617146875 0.34755649375000003 0.1518116265625 0.34465781406249996 0.151285690625 0.3407711171875 0.13909229375 0.3325079765625
0 0.14955897812500002 0.27427289843749997 0.138837278125 0.26779159375 0.1023929828125 0.263848046875 0.0871714765625 0.264622915625 0.08377009375 0.2675954859375 0.08425786406249999 0.27202686875 0.09490323125 0.279597546875 0.13614427499999998 0.2834397359375 0.146645365625 0.28167685 0.1508398453125 0.27877816875 0.14955897812500002 0.27427289843749997
0 0.15720515 0.199327771875 0.1141191375 0.18763829999999998 0.09587790625 0.1859388703125 0.0885873703125 0.1874526234375 0.0857500890625 0.193767203125 0.09548786406250001 0.20289805312500003 0.12996430781249999 0.21214069218749998 0.1545884796875 0.21388654218749997 0.16365603906249998 0.2097971296875 0.16181106875 0.20194984843750002 0.15720515 0.199327771875
0 0.15555476875000002 0.131740178125 0.10434695624999998 0.12203525781249999 0.089498725 0.1288755734375 0.0923657859375 0.13352862031249998 0.10312565 0.1394652390625 0.1433827671875 0.145956975 0.1554318859375 0.14488655 0.161212559375 0.142135646875 0.162310984375 0.1378520421875 0.15555476875000002 0.131740178125
0 0.1543539921875 0.069128653125 0.1498625703125 0.064872515625 0.110360384375 0.058999354687500005 0.093247359375 0.06398394375000001 0.08961698125 0.07022463281249999 0.09633502968749999 0.076881184375 0.11185347812499999 0.08326113125 0.1222019046875 0.0836769921875 0.135082284375 0.08213576875 0.1546891015625 0.0757387859375 0.1543539921875 0.069128653125
0 0.1033239984375 0.0227080484375 0.12556888125000001 0.02423223125 0.1537089328125 0.021371453125000002 0.15631721875 0.018324995312500002 0.15507451562500002 0.0132750375 0.1481656390625 0.009341921875 0.10899923593750001 0.0006341390625 0.1051152125 0.0006115421875 0.10137291562499999 0.004982515625 0.08766127343749999 0.006994534375 0.0825973640625 0.0109087 0.1033239984375 0.0227080484375
0 0.3038693984375 0.293583290625 0.281700846875 0.2909697328125 0.2649778640625 0.2789951390625 0.2593116875 0.2801119828125 0.2547737171875 0.2879128453125 0.251524996875 0.2887066640625 0.232528834375 0.28638866093750004 0.23218534218750003 0.2912908421875 0.24992203281249997 0.3115835140625 0.2794192828125 0.312138634375 0.309938628125 0.3094995171875 0.3131194015625 0.29828275937500004 0.3038693984375 0.293583290625
0 0.2940590515625 0.22852493593749998 0.2805382375 0.2278135234375 0.250629546875 0.221737646875 0.23045862968750003 0.224792621875 0.234911884375 0.229593446875 0.2427283578125 0.23196639062500002 0.251825696875 0.2388446046875 0.2976344921875 0.24585355937500003 0.307456984375 0.2423827234375 0.3094630015625 0.23653894375 0.2940590515625 0.22852493593749998
0 0.301925834375 0.16182400156250001 0.2628816375 0.149414596875 0.2560490921875 0.144392109375 0.2515111203125 0.1521929703125 0.2334523328125 0.15928241875 0.235373634375 0.1660403265625 0.2399032203125 0.1697517765625 0.2596161484375 0.17323304374999998 0.2759658578125 0.17914219375 0.28476625625 0.1788655890625 0.3033891453125 0.1751181515625 0.306866859375 0.1710562078125 0.301925834375 0.16182400156250001
0 0.29932969374999996 0.0963412671875 0.273653646875 0.08682202343749999 0.24521665312500002 0.0825279859375 0.2287440609375 0.08976521093749999 0.23304465156249998 0.0967447828125 0.2493943625 0.10265393125 0.28995680625000003 0.104788171875 0.297964109375 0.10443768125 0.30298985156249997 0.1010682015625 0.29932969374999996 0.0963412671875
0 0.3002112640625 0.026796589062499997 0.27506115625 0.02116404375 0.252023178125 0.0195659703125 0.2454875734375 0.0216983 0.24435098437499997 0.026526592187499996 0.252388065625 0.037143728125 0.2625838296875 0.0397383359375 0.27693590625 0.0399789515625 0.301110475 0.036748729687499995 0.3030783265625 0.0314496375 0.3002112640625 0.026796589062499997
0 0.45816391406249996 0.43843975312500005 0.40559051874999996 0.43683125 0.385381434375 0.4404309125 0.38118695625 0.44332959218749995 0.38722640468749997 0.44827819375000005 0.411507084375 0.454926225 0.4538465515625 0.4544848078125 0.46461480312500003 0.4489091125 0.46269350156250005 0.44215120468749997 0.45816391406249996 0.43843975312500005
0 0.4415591859375 0.367814221875 0.415654146875 0.3615631 0.394842796875 0.362365440625 0.40940709843749995 0.3823625609375 0.45774784999999996 0.38741443124999997 0.461034734375 0.3860759234375 0.459266096875 0.37713926875000003 0.4415591859375 0.367814221875
0 0.4556478640625 0.3148507671875 0.4503251796875 0.311065428125 0.441639278125 0.30970796875 0.4367280328125 0.3114433875 0.401229496875 0.30539498125 0.397980778125 0.306188803125 0.4000929078125 0.310223275 0.3902704171875 0.3136941109375 0.39139862187499996 0.32037813125 0.39894793281249996 0.32656388281250004 0.4282925234375 0.32929774843750004 0.43796234843750004 0.3280056578125 0.45337468437500006 0.3245073546875 0.456814234375 0.3209901 0.4556478640625 0.3148507671875
0 0.46925715312499994 0.24594361562499997 0.46310320625 0.24262907500000003 0.4281687734375 0.23992267812499998 0.3850743765625 0.2397455203125 0.3800868 0.2425703125 0.3829538609375 0.247223359375 0.38842920625 0.248829953125 0.415920440625 0.25522885 0.44839925156250005 0.25880295468750003 0.46634354062499994 0.25334756875000003 0.47069068437499995 0.248270140625 0.46925715312499994 0.24594361562499997
0 0.4673777765625 0.1816241421875 0.45265242656250004 0.1753180828125 0.42330783906249997 0.1725842171875 0.39924776875 0.174180378125 0.3917282375 0.1789622515625 0.40343386406250004 0.1827940109375 0.417892053125 0.19291287968749998 0.43775764375000004 0.1942153984375 0.4658213640625 0.1924439921875 0.46914641562500004 0.1905607984375 0.4673777765625 0.1816241421875
0 0.4562400125 0.124117515625 0.45084099687499996 0.12142154999999999 0.4111861484375 0.11772713593749999 0.3932800234375 0.1226378390625 0.3905954078125 0.12677366875 0.3902900796875 0.1311311640625 0.396444028125 0.1344457046875 0.4306235296875 0.1365335265625 0.45325006874999996 0.132610840625 0.45665145156250003 0.12963827187500002 0.4562400125 0.124117515625
0 0.4612099515625 0.04179590625 0.451090521875 0.038111925000000005 0.4027116046875 0.033604740625000004 0.383181121875 0.03891235 0.3936356609375 0.0492064640625 0.4562903234375 0.0550436375 0.46358085937500004 0.053529884375 0.465701375 0.04605204375 0.4612099515625 0.04179590625
0 0.6181861953125 0.3420548609375 0.6008143921875 0.3393399453125 0.5778145796875 0.3371971859375 0.5630045124999999 0.34349281249999997 0.5619824203125 0.34668704687499996 0.58225945 0.3535103234375 0.6092247484375 0.356022521875 0.6165152828125 0.3545087703125 0.62407298125 0.349182209375 0.6219990171875 0.3446030484375 0.6181861953125 0.3420548609375
0 0.6269224062500001 0.2743384390625 0.6168411390624999 0.27010977187499996 0.5692934859375 0.2651317890625 0.551540025 0.2678637421875 0.54647611875 0.2717779078125 0.5527445609375 0.27345838906250003 0.5563665546875 0.2787300109375 0.5767962484375 0.283374540625 0.5717323375000001 0.28728870624999997 0.573806303125 0.291867865625 0.6099918234375 0.28811190781249996 0.619470821875 0.2895432546875 0.626006425 0.2874109265625 0.6305443984375 0.2796100640625 0.6269224062500001 0.2743384390625
0 0.630145103125 0.20556011562499998 0.6214973671874999 0.203657971875 0.6147029875000001 0.19809079375 0.6082818796875 0.1985890609375 0.5847561328124999 0.1925596046875 0.5498598640625 0.189308521875 0.5545039484375 0.1913859125 0.558461046875 0.2032676671875 0.5814906421875 0.2163780515625 0.6314939171875 0.2204883265625 0.638937115625 0.216795825 0.637770746875 0.2106564921875 0.630145103125 0.20556011562499998
0 0.5980219296875 0.1285546359375 0.570445978125 0.13475742500000001 0.5876185671874999 0.1517080890625 0.6351662203124999 0.156686071875 0.63724856875 0.14975291875000002 0.6336647421875 0.14393660625 0.5980219296875 0.1285546359375
0 0.5907053703125 0.062083884374999995 0.58012795 0.0649361453125 0.5758571390625 0.0689242 0.5694360296875 0.069422465625 0.5720740984375 0.07734363749999999 0.589971834375 0.0839452484375 0.6423544031249999 0.0882771859375 0.645344346875 0.07978386093749999 0.625410809375 0.06805840156250001 0.5907053703125 0.062083884374999995
0 0.6443344 0.014448903125 0.5729556687499999 0.007798959375 0.57733259375 0.0136891578125 0.6044803359375 0.0249902390625 0.6219284703125 0.026615781249999998 0.6348851828125001 0.023985184375 0.6439145765625 0.0204404609375 0.6443344 0.014448903125
0 0.729696265625 0.527881234375 0.6908345125 0.5242607109375 0.69778155625 0.5276491390625 0.6966831328125 0.531932746875 0.690978790625 0.533594275 0.6946771140625 0.5377765250000001 0.7041179468750001 0.5397525578125 0.7117817578125 0.5443042499999999 0.7322496140625 0.5484040921875 0.7380684546875 0.5451085015625 0.7516656015625001 0.544730540625 0.7560890765625 0.5385637390625 0.752352584375 0.5349261765625 0.729696265625 0.527881234375
0 0.7480175859375 0.4714744125 0.7377836578125 0.4694244921875 0.7184905546875 0.45995166875000004 0.706174275 0.46483489999999994 0.6918221984375 0.4645942859375 0.6851720953125 0.4683606765625 0.6841118374999999 0.47209959531249995 0.7030996140625 0.48592991406249997 0.733877734375 0.4909903015625 0.7436620578124999 0.48806415468750003 0.75465091875 0.4907326515625 0.7620177859374999 0.4881295234375 0.760096484375 0.4813716140625 0.7480175859375 0.4714744125
0 0.7342035874999999 0.4065913015625 0.715703584375 0.39719236874999997 0.6980264546875 0.3988349484375 0.698476059375 0.40381101875000003 0.6902397625 0.40742963125 0.6931449921875 0.41153799218750003 0.708625271875 0.4184626265625 0.737817196875 0.423375240625 0.7609315078125001 0.42388393906250005 0.7637306234375 0.4181140484375 0.7608253953124999 0.4140056859375 0.7342035874999999 0.4065913015625
0 0.748941084375 0.344368171875 0.721411684375 0.33851396093749997 0.70841680625 0.34168924375 0.7041841609375 0.34513261093750003 0.6945143328125 0.3464246984375 0.7021399765624999 0.351521078125 0.7271755875 0.3587876828125 0.7508921671875 0.3620937046875 0.757877375 0.364937446875 0.7721912859375 0.36572274843749997 0.7766147609375 0.359555946875 0.7762033234375 0.354035190625 0.748941084375 0.344368171875
0 0.774141503125 0.2809268390625 0.7530713765625 0.2740296734375 0.7044253015625 0.27333529843750004 0.7003369312500001 0.28611223125 0.7197826984375 0.29340630624999997 0.73817659375 0.2929269875 0.747617425 0.2949030203125 0.7700913015624999 0.293159084375 0.7751933765625 0.2887002328125 0.774141503125 0.2809268390625
0 0.771163703125 0.220890971875 0.76032750625 0.21604372968750002 0.7430320359375 0.21223944062500003 0.7003192953124999 0.2066154140625 0.707944940625 0.21171179218749997 0.7059770859375 0.2170108828125 0.7120165359375 0.221959484375 0.726551059375 0.230988978125 0.739240609375 0.232171190625 0.7672279984375 0.2314891578125 0.7722919078125 0.22757499218750002 0.771163703125 0.220890971875
0 0.7782373890625001 0.1541161515625 0.7683087859375 0.147708734375 0.726656303125 0.13834578749999998 0.7039915984375 0.142813159375 0.705119803125 0.14949717812500002 0.7252823359375 0.157954515625 0.7393290859375 0.162552625 0.7663325484375 0.16452013906250001 0.7735467546875 0.1640957609375 0.7778557312500001 0.15956301875 0.7782373890625001 0.1541161515625
0 0.789276559375 0.08771076875 0.7793479578125 0.081303353125 0.7317621359375 0.07687005625 0.718614596875 0.0822240859375 0.7058487125 0.082131246875 0.7102638015625 0.0874767609375 0.737716871875 0.09442034375 0.753578809375 0.095898109375 0.7644531734375 0.10020066875 0.7851881921875 0.1004877 0.79168563125 0.098900059375 0.7920291234375 0.093997878125 0.789276559375 0.08771076875
0 0.79260536875 0.028810695312500002 0.7916741953125 0.028175699999999998 0.7305989484375 0.0224856734375 0.7328941 0.026537196875000002 0.7468263546875 0.03276936875 0.788745996875 0.03831950625 0.7927878140625 0.037599575 0.7946793343749999 0.03338985625 0.79260536875 0.028810695312500002
0 0.8617169859375 0.7627673296874999 0.8418895609374999 0.7609201234375 0.828674071875 0.755851215625 0.8012126203125 0.76041994375 0.8152212046875 0.765562740625 0.816387575 0.771702071875 0.8276733765625 0.7815253875 0.8651015984375 0.7828193890625 0.882855059375 0.780087434375 0.8836565406249999 0.768649009375 0.8617169859375 0.7627673296874999
0 0.8698509281250001 0.6922535875 0.8308746796875001 0.6902671234375 0.8144020859375001 0.6975043484375 0.8272740828125 0.7074754390625 0.875652996875 0.7119826234375 0.8848350546875 0.7062591515625 0.886086140625 0.6997967968750001 0.8698509281250001 0.6922535875
0 0.8601252984375 0.6145935453125 0.844263359375 0.61311578125 0.82892735625 0.6155247109374999 0.8116235015625 0.6232327343749999 0.832129525 0.626787890625 0.8413795265624999 0.6314873578125 0.8802031140625 0.63565256875 0.8874554859374999 0.634683503125 0.8924812265625001 0.631314025 0.8921079546874999 0.6252485812499999 0.8601252984375 0.6145935453125
0 0.8759528328125 0.55959911875 0.85171031875 0.5524064015625 0.8432915781249999 0.5472361343750001 0.8392879265625 0.5474113796875 0.8366796421875 0.5504578375 0.8213436375000001 0.5528667703125001 0.8146172046875 0.55772253125 0.816653003125 0.5628463781249999 0.8320951187500001 0.5703157 0.8851562843749999 0.5763555874999999 0.8941093468749999 0.5739002359375001 0.8844097390625001 0.5642246984375 0.8759528328125 0.55959911875
0 0.8989647906249999 0.4932126890625 0.8936421046874999 0.48942734843749996 0.8467051046874999 0.47573437500000004 0.8192436515624999 0.4803031046875 0.8150110078124999 0.48374647031249995 0.8266784671874999 0.4881229171875 0.8418534203125001 0.4994050453125 0.8617190109375 0.500707565625 0.8951435812499999 0.5021768125 0.899376228125 0.4987334453125 0.8989647906249999 0.4932126890625
0 0.8904734765625 0.43211491874999997 0.8756717937499999 0.42689823281250006 0.840851859375 0.422557775 0.834316253125 0.424690103125 0.8371451484374999 0.4298878390625 0.8563237546875 0.440994721875 0.8856683437499999 0.4437285875 0.8944687421875 0.44345198437500005 0.897908290625 0.43993472968749997 0.8904734765625 0.43211491874999997
0 0.903586609375 0.370288696875 0.89361984375 0.3644259671875 0.8503430015625 0.3554599296875 0.8269615312499999 0.3587640390625 0.8296759281250001 0.365595834375 0.8452707078125 0.370886409375 0.8528581859375001 0.37652747343750004 0.8765365968750001 0.38037818125 0.8901337437500001 0.380000221875 0.8989723062499999 0.37917893125 0.9048674796875 0.37479396875000004 0.903586609375 0.370288696875
0 0.906847475 0.30096568281249997 0.8967280437499999 0.2972817015625 0.87304963125 0.2934309921875 0.8611531765624999 0.29232266875 0.8324788015625 0.30280906406249997 0.83704655625 0.30597582968750003 0.8638973546875001 0.310122090625 0.89966305 0.31235769062499996 0.9102404734375 0.309505428125 0.9113007312500001 0.3057665078125 0.906847475 0.30096568281249997
0 0.902397978125 0.2391479796875 0.883897971875 0.2297490453125 0.8562922421874999 0.2249842078125 0.8392173812499999 0.2294241109375 0.8381189578124999 0.23370771875 0.85654263125 0.24419602812500002 0.8866803171875001 0.24700378125000003 0.89786000625 0.2469488421875 0.9020544875000001 0.2440501625 0.902397978125 0.2391479796875
0 0.900336159375 0.1660396296875 0.8879137671875 0.16104460781250002 0.8666528124999999 0.156870878125 0.8428217374999999 0.1551989171875 0.8289955953125 0.1588449984375 0.8286902703125 0.16320249375 0.8468467828125 0.1775036109375 0.8755509375000001 0.177984840625 0.89889424375 0.1752254171875 0.9023719578125 0.1711634765625 0.900336159375 0.1660396296875
0 0.8712708765625001 0.0909637640625 0.8529533140625001 0.09035370781249999 0.8419560687500001 0.099197525 0.85256326875 0.107312890625 0.8658169234375 0.1118371109375 0.8924768953125 0.11870680781250001 0.9035802531250001 0.11974124374999999 0.9069053046875 0.11785805 0.90887315625 0.1125589578125 0.9000048109375 0.102412621875 0.8712708765625001 0.0909637640625
0 0.9014421 0.047722265624999996 0.9057129125 0.0437342125 0.9021630203125 0.03846930625 0.8459396515625001 0.033231300000000005 0.8351272796875 0.037158157812499995 0.8395042046875 0.04304835625 0.8519647609375 0.0474986890625 0.8844435718750001 0.051072795312499995 0.8948301640625 0.05094396875 0.9014421 0.047722265624999996
0 0.44557874062499997 0.24209290781249998 0.43715161562500005 0.248434953125 0.43235486874999995 0.2485363109375 0.43137094062500003 0.2511858578125 0.44065911093750004 0.25534063749999997 0.46222539218750003 0.2551568734375 0.46446040625 0.24604497187500002 0.45509590468749994 0.2429795671875 0.44557874062499997 0.24209290781249998
0 0.7698351265625 0.593023909375 0.7580150015625 0.5908262125 0.7262911234375 0.58787068125 0.7050599484375 0.594664578125 0.6930871625 0.594645628125 0.7226141953125 0.6061683718750001 0.7352274140625 0.6084399578124999 0.7685374875 0.6115432640625 0.7808537656250001 0.606660034375 0.7835383828125 0.6025242015625001 0.7806713234375 0.597871153125 0.7698351265625 0.593023909375
0 0.622001615625 0.65216738125 0.59820870625 0.6499507328125 0.582690259375 0.643570784375 0.5787247734375 0.64320134375 0.5774736875 0.6496636984374999 0.5714258531249999 0.656227409375 0.5597881734375 0.6628185906249999 0.5469459578125 0.663815125 0.5750394609375 0.6730113453125 0.60476570625 0.6702983421875001 0.6125821796875 0.672671284375 0.634415621875 0.6686747140625 0.6342713437499999 0.659341146875 0.622001615625 0.65216738125
0 0.6270776671875 0.5797240234375 0.59871700625 0.5743406109375 0.5752210375 0.5792787796875001 0.5725745843750001 0.5828699234375 0.574763046875 0.5858150234374999 0.597228540625 0.5955834 0.6140362390625 0.5949563046875 0.6254365375 0.6031455593749999 0.6287615890625 0.6012623640625 0.6350681984375 0.6023981578125001 0.6383169203125 0.6016043375 0.6462944390625001 0.5902862203125 0.6270776671875 0.5797240234375
0 0.44807599531250003 0.6507662843750001 0.44426317343750005 0.6482180953125 0.396036921875 0.6415321640625 0.3876945140625 0.635272525 0.38055663906250004 0.6346075296875 0.3889372140625 0.6403224828125 0.389424984375 0.644753865625 0.37880939687500004 0.6481508125000001 0.3745385859375 0.6521388671875 0.3906211359375 0.6618608234375001 0.40187715625 0.6607165125 0.421666415625 0.66310840625 0.441799165625 0.6605981171875001 0.44773250468750003 0.6556684671874999 0.44807599531250003 0.6507662843750001
0 0.5032614375 0.592311453125 0.5050384593749999 0.589735796875 0.4928068984375 0.582017340625 0.4616852859375 0.5818591328125 0.45579850000000005 0.574731784375 0.4399747265625 0.5727093328125 0.436687840625 0.5740478390625 0.42245026093750004 0.5721731640625001 0.397482596875 0.5753294984374999 0.385768584375 0.5830100515625001 0.39430182343750003 0.58654625625 0.42983852499999997 0.592049975 0.44252807499999997 0.5932321890625001 0.4626226625 0.5912665875 0.47761517343750004 0.5937598375 0.487475828125 0.5897443140624999 0.49469003437500003 0.589319934375 0.5032614375 0.592311453125
0 0.29470295156250004 0.6408633453125 0.2895329296875 0.634899259375 0.28334081875 0.6321294046875 0.26570185468749996 0.6332272984375 0.23571683124999998 0.628240796875 0.2122590296875 0.6326342781250001 0.2062493625 0.638653303125 0.1997900890625 0.639696259375 0.22856218906249998 0.650600428125 0.257304509375 0.650536971875 0.2714275921875 0.65404570625 0.276453334375 0.650676228125 0.28770935625 0.649531915625 0.29470295156250004 0.6408633453125
0 0.2821102609375 0.5585502546875001 0.2625499953125 0.552890240625 0.24098371406250002 0.553074003125 0.22715757343749998 0.5567200875 0.21359859375 0.5565533609375 0.21344592968749998 0.5587321078125 0.2233363671875 0.5656842109375 0.21728853125 0.5722479218750001 0.205918015625 0.5750262937499999 0.2826957578125 0.5843722046875001 0.2964157859375 0.57084786875 0.29505858749999997 0.5674319703124999 0.2821102609375 0.5585502546875001
0 0.31368523593750003 0.5066676546875 0.3118402671875 0.49882037500000004 0.295452390625 0.49345591093749996 0.28945110625 0.4879626234375 0.27158315 0.4923286390625 0.24560177656249998 0.487166890625 0.2169274046875 0.4976532859375 0.2452796796875 0.5145490125000001 0.2667314640625 0.5159993078125 0.2827460671875 0.5152983250000001 0.3094525890625 0.510111021875 0.31368523593750003 0.5066676546875
0 0.29919263906250004 0.440076596875 0.29394628749999996 0.43520188125 0.2766126515625 0.4319422796875 0.254147159375 0.42217390468750005 0.228691725 0.420898853125 0.23310681562500002 0.426244365625 0.23177939687500002 0.43379609375 0.24374379687499997 0.44532735625 0.258774475 0.4472759203125 0.274292921875 0.45365586875 0.2871351359375 0.45265933281250004 0.2968812953125 0.4502778703125 0.30035900937500004 0.446215928125 0.29919263906250004 0.440076596875
0 0.26758325781250003 0.435487003125 0.2672397640625 0.4403891875 0.27003049375 0.44613160937499996 0.274865409375 0.44548556406250006 0.281782671875 0.4379063671875 0.27336393124999997 0.4327361015625 0.26758325781250003 0.435487003125
0 0.304459521875 0.3649098046875 0.299853603125 0.362287728125 0.2588797203125 0.35463273125 0.2229613609375 0.3545758796875 0.22727467343750002 0.3613738890625 0.22597269999999997 0.36856249375 0.2288779265625 0.3726708546875 0.2469283296875 0.3770937171875 0.277897278125 0.37943067343750003 0.279368975 0.3812125109375 0.2891532984375 0.37828636250000003 0.29942539375 0.37979159687499997 0.3059991640625 0.3771145796875 0.3079670171875 0.3718154890625 0.304459521875 0.3649098046875
0 0.622144159375 0.45645805624999997 0.5994496734375 0.44995780312500006 0.5928461234375 0.44166719218750006 0.585067815625 0.43874956249999997 0.5803474 0.4377615453125 0.5592307234375 0.44292138124999997 0.547325884375 0.45332537031250003 0.5471350562499999 0.456048803125 0.5517028078124999 0.4592155671875 0.5690364437500001 0.46247517031249996 0.58678151875 0.47125553125 0.6044968109375 0.4690682640625 0.6146925765625 0.471662871875 0.62784011875 0.4663088421875 0.628900375 0.462569921875 0.622144159375 0.45645805624999997
0 0.6132414093749999 0.38983953125 0.5976084640625 0.38509364375 0.581029759375 0.382452615625 0.5609351734375 0.38441821875 0.5584032203125 0.3863753015625 0.5630091375 0.388997378125 0.5579070640625 0.39345623125 0.5498997640625001 0.3938067234375 0.6173427874999999 0.41105485 0.6292774062500001 0.4116184875 0.6351725796875 0.4072335234375 0.634837471875 0.40062339218750004 0.6132414093749999 0.38983953125
0 0.6425998749999999 0.529087090625 0.641242675 0.52567119375 0.633578865625 0.521119503125 0.612432409375 0.5153117109375 0.5923759875 0.5167326265625001 0.56457104375 0.5262035375 0.57944905625 0.5303308484375 0.59621020625 0.5417607546875 0.603386246875 0.5418810625 0.6133995640625 0.5356867921874999 0.6382527312499999 0.53416451875 0.6425998749999999 0.529087090625
0 0.4110155546875 0.5075117203125 0.3970749171875 0.5127918609375001 0.38498763125 0.514406971875 0.382303015625 0.5185428015625 0.41727282031249996 0.5245419499999999 0.42403182812500007 0.5268163765625 0.42988045 0.5344884109375 0.4401990953125 0.52393664375 0.467020115625 0.5171152828125 0.47318244531250003 0.508917509375 0.45354585 0.5043468671875 0.4110155546875 0.5075117203125
0 0.866044465625 0.9402528515625 0.8525320375 0.9280291234375 0.8280605265625001 0.9241045265625001 0.781038809375 0.9230132421875 0.7761275640624999 0.9247486593750001 0.7758222390625 0.9291061562499999 0.7984785578125 0.9361510953125001 0.8067828031250001 0.9429554234375 0.8476040218750001 0.9527891671875001 0.857197515625 0.9525864531250001 0.86535748125 0.9500572140625 0.8680421 0.945921384375 0.866044465625 0.9402528515625
0 0.8264566953125 0.8444599343749999 0.8001318328125 0.8442003671875 0.79431299375 0.8474959578125001 0.791437546875 0.8543552234374999 0.7775350734375001 0.8590906796875 0.791619990625 0.863144103125 0.8030966218750001 0.8702439828124999 0.8326702046875001 0.8697097250000001 0.8365509734375 0.8826808546875 0.8492489093750001 0.872350753125 0.8614888562499999 0.8685568953124999 0.862701778125 0.862639228125 0.8590797859375 0.8573676046875001 0.8264566953125 0.8444599343749999
0 0.7390428359375 0.9185524765625 0.691198240625 0.9064196750000001 0.679034625 0.9091241609375 0.66064073125 0.909603478125 0.6627146953125 0.9141826375000001 0.6803452734375 0.924597059375 0.708247946875 0.9365167124999999 0.73702843125 0.9359085671875 0.7461723234375001 0.930729784375 0.7458753828125 0.9235749640625001 0.7390428359375 0.9185524765625
0 0.5869590421875001 0.9016424953125 0.553687134375 0.8979945015625 0.535064246875 0.9017419406249999 0.5224128609375 0.900015040625 0.5162505296875 0.9082128140625001 0.532752903125 0.9119432156249999 0.5529536015625001 0.919855865625 0.5736122890625001 0.9212322734375 0.5962686078125 0.9282772156249999 0.6051071718750001 0.927455925 0.611040509375 0.9225262750000001 0.6116511625000001 0.9138112843749999 0.5869590421875001 0.9016424953125
0 0.4495922171875 0.9025508859375 0.43962544843750007 0.8966881578124999 0.42459477031250004 0.8947395921875 0.4045467359375 0.8846481953125 0.39509751875 0.894184475 0.37028251874999996 0.895162059375 0.367292575 0.9036553859374999 0.376657075 0.9067207937499999 0.3902458359375 0.9178551468749999 0.40712986874999996 0.916138678125 0.4253710984375 0.9178381078125 0.43866291874999996 0.9218176437500001 0.44610611718750004 0.9181251421875001 0.4637450796875 0.9170272484374999 0.4495922171875 0.9025508859375
0 0.2705515125 0.8716163937499999 0.26708218437500003 0.8641660203124999 0.265907428125 0.869539003125 0.255444503125 0.8707572015625 0.24174124375 0.8612569109375 0.23226224687500002 0.8598255640625 0.22311835625 0.8650043484375001 0.20778235312499999 0.86741328125 0.2035497078125 0.870856646875 0.204830575 0.87536191875 0.2170048875 0.883897403125 0.2172064140625 0.8924139390624999 0.234921709375 0.890226671875 0.26105574374999996 0.8932096734374999 0.27880920468750003 0.89047771875 0.2878851484375 0.8748759953125 0.2705515125 0.8716163937499999
0 0.284237134375 0.8016198671874999 0.2862049859375 0.7963207734375 0.27389709375 0.7896916921875 0.254107834375 0.7872998 0.21826580624999997 0.7861535765625 0.1981712203125 0.7881191765625 0.1939385765625 0.79156254375 0.2064373 0.7954681890625 0.215496471875 0.8028910921874999 0.2294287265625 0.8091232640625 0.23285989062499998 0.817118321875 0.25287814375 0.81624209375 0.2794320015625 0.8132335390625001 0.2872186921875 0.8046388546875001 0.284237134375 0.8016198671874999
0 0.27451989062500004 0.7124475125 0.2521307296875 0.7015897609375 0.24230823906249999 0.7050605984375 0.23056444687500002 0.7017735265625 0.2165093125 0.7086877296874999 0.20370526249999998 0.7091395765625 0.17922536875 0.71672729375 0.200295496875 0.7236244578125001 0.21101719531250002 0.7301057625 0.2327361421875 0.7277432515625 0.24289373749999998 0.730882546875 0.271186453125 0.72584301875 0.2781037171875 0.718263821875 0.27451989062500004 0.7124475125
0 0.4286562515625 0.7114567140625 0.417094903125 0.7169585203125 0.3826100765625 0.71922819375 0.3636520796875 0.7163655015625 0.35276932968749997 0.723575259375 0.38388255625 0.7352457796875 0.4110768484375 0.7344898578125 0.42372823593750003 0.7362167562499999 0.44469225 0.7332356703125 0.450892746875 0.7244932093750001 0.4286562515625 0.7114567140625
0 0.4559277421875 0.8121328625 0.445129709375 0.80674093125 0.41015711093749996 0.804579221875 0.3977347203125 0.7995842015625 0.39520276718749997 0.8015412843749999 0.3964454671875 0.8065912421875 0.378501178125 0.8120466296875 0.3741540359375 0.817124059375 0.39514783124999997 0.825110596875 0.42234212343750005 0.8243546765625 0.4281525765625 0.8325714 0.43298748906249995 0.83192535625 0.43397141718750004 0.8292758093750001 0.45803987187499995 0.8161673359374999 0.4559277421875 0.8121328625
0 0.6244841265625001 0.82180561875 0.5969165609375 0.8164960953125 0.5854780953125001 0.808851528125 0.57988825 0.8088789953125 0.5707825265625 0.8135130953124999 0.5492925750000001 0.8126074843750001 0.5481941515625001 0.8168910921875 0.555781628125 0.82253215625 0.557817428125 0.8276560046875 0.5472781734375001 0.829963578125 0.5737091484375 0.8401013953125 0.5825095484375 0.8398247921875001 0.59157710625 0.8357353828124999 0.6128380625000001 0.8399091125 0.6265878703125 0.8373524031249999 0.6296923125 0.8272250187499999 0.6244841265625001 0.82180561875
0 0.7403442328125001 0.8430162453125 0.7187863343750001 0.8316876953125 0.6918592046875001 0.8286308078125 0.684454171875 0.8317786203124999 0.6708570234375 0.8321565812499999 0.6726638281249999 0.8405485515625 0.6867105796875 0.845146659375 0.6915371078125 0.856012928125 0.70902340625 0.8570937843750001 0.7396954140625 0.852275921875 0.7424563609375 0.84705071875 0.7403442328125001 0.8430162453125
0 0.7413570734375 0.7488128796875 0.692863659375 0.7459397578125 0.68595478125 0.742006640625 0.6831258859375 0.7368089062500001 0.67523308125 0.7355253359375 0.6787405765625001 0.742431021875 0.6737529999999999 0.7452558109375 0.6734858390625 0.7490686203125 0.6850388015625 0.7550791265625 0.697758134375 0.7672289640625001 0.7121865453125 0.76638020625 0.7303896062499999 0.7686243234375 0.7408525312500001 0.767406121875 0.7458401078125 0.7645813312499999 0.7413570734375 0.7488128796875
0 0.6243985421875 0.7318858625 0.5961142125000001 0.7254130765625 0.575493690625 0.72349198125 0.5653742578125 0.719808 0.5517771125 0.720185959375 0.5475063015625 0.7241740125 0.547162809375 0.7290761953125 0.5620789875 0.7326588203125 0.571969425 0.7396109234375 0.5985912296875 0.7470253062500001 0.6247634296875 0.74946361875 0.631413534375 0.7456972296875 0.6325882875 0.74032425 0.6243985421875 0.7318858625
0 0.7528458484375 0.68738356875 0.745975134375 0.6829057671875 0.7356267078125 0.6824899062500001 0.727169803125 0.6778643265625 0.7106292625 0.6746786124999999 0.6798129796875 0.670162909375 0.675732996875 0.671427528125 0.685279940625 0.6832818125 0.6983045999999999 0.69107415625 0.718505296875 0.698986809375 0.7415814421875 0.70004019375 0.749665075 0.6986003281250001 0.7555984125 0.6936706765625 0.7528458484375 0.68738356875