0 0.9207190875 0.0236396125 0.9228996437499999 0.031280990625 0.93798526875 0.03701365625 0.975109615625 0.0374957296875 0.9875346859375 0.0305383640625 0.9869929765625001 0.026115095312499996 0.968074234375 0.0195746453125 0.9562663046875001 0.020278196875 0.9362504265625 0.0149429078125 0.9302847484375001 0.015920065625 0.9207190875 0.0236396125
0 0.9459001812500001 0.09078740156250001 0.9268442953125 0.095549415625 0.9092558296875 0.0953539796875 0.9238477375 0.10608969374999999 0.9214066093750001 0.1110015421875 0.9154409296875 0.11197870000000001 0.9161060687499999 0.11515120625 0.9789171218750001 0.113066615625 0.98403251875 0.11079309687500001 0.9865970765625001 0.10463048593749999 0.9709697437499999 0.0944745515625 0.9601972390625001 0.094598321875 0.9459001812500001 0.09078740156250001
0 0.9611441296875001 0.16910267968749998 0.9183009578125001 0.1670962375 0.9001570671874999 0.17252923281250002 0.931116878125 0.1859163078125 0.9516264703124999 0.18624854531249999 0.967514375 0.18385125468750002 0.9770800328125 0.1761317078125 0.9611441296875001 0.16910267968749998
0 0.9617730390625001 0.24203124531250003 0.9645227390625 0.23399249218749998 0.936298909375 0.2226183640625 0.9277206765624999 0.2203318109375 0.9224818484374999 0.22385609374999998 0.9025756812499999 0.22732174375 0.9077870750000001 0.2439008625 0.9250669734375 0.24722320468749998 0.9617730390625001 0.24203124531250003
0 0.91237393125 0.2965468703125 0.9031168421875 0.3011395109375 0.9017728500000001 0.3048461984375 0.9054208265625 0.3075301265625 0.969932440625 0.3080382640625 0.9791278140624999 0.304071003125 0.9816306578124999 0.298533775 0.9781678234375001 0.2939737015625 0.9695895890624999 0.2916871484375 0.9609496406250001 0.2900259796875 0.9324035265624999 0.29183045937499996 0.91237393125 0.2965468703125
0 0.8939008828125001 0.3647915953125 0.88957405 0.3689868609375 0.9047213859375001 0.3740941453125 0.9109819203124999 0.38004178125 0.9177978765624999 0.38036098749999997 0.9484148375 0.3773969484375 0.9576102125 0.3734296890625 0.96011305625 0.36789245937500004 0.9478868453124999 0.3629219796875 0.91003564375 0.3598927796875 0.888428915625 0.360765703125 0.8939008828125001 0.3647915953125
0 0.9454114140625001 0.43757035 0.9469405484375001 0.4319875203125 0.9395828796875 0.42724504375 0.9076973578124999 0.42323868906250006 0.879754665625 0.4288410546875 0.8883946140625 0.43050222656250003 0.8983031234375 0.43913379218750004 0.9313474968750001 0.44130960625000004 0.9454114140625001 0.43757035
0 0.9072173390625 0.5074045828125 0.926088084375 0.5045187140625 0.9289612109375 0.4952291953125 0.908513334375 0.4942715765625 0.8933659984375 0.4891642921875 0.8890391671875 0.49335955781249996 0.876922665625 0.4971900140625 0.896012834375 0.511906021875 0.9072173390625 0.5074045828125
0 0.8875237265625 0.57810523125 0.89591681875 0.5822679281250001 0.9065179000000001 0.5739685999999999 0.9224058046874999 0.5715713078125 0.9276446328124999 0.568047025 0.9252789343750001 0.5622817906249999 0.902095071875 0.559311225 0.88268261875 0.5577738250000001 0.8743992374999999 0.5624120671874999 0.8673844203125001 0.5740207046875 0.8875237265625 0.57810523125
0 0.91185956875 0.628878378125 0.8726026609374999 0.6301812453125 0.850070221875 0.6404348875 0.882079171875 0.64319048125 0.9097750078125 0.6400896390625 0.9170229640625 0.6360311765625 0.9174549624999999 0.6316535078125 0.91185956875 0.628878378125
0 0.8558289531250001 0.7007142859375 0.8546701046875 0.702544828125 0.8663546046875 0.703092040625 0.8979452734375 0.7001736015625 0.9070789328125001 0.6968317234375 0.9057486562499999 0.6904867078125 0.8974172812500001 0.68569863125 0.8818996578125 0.684343634375 0.8539569671875 0.6899460015625001 0.8373422109374999 0.6897961671874999 0.8558289531250001 0.7007142859375
0 0.7960226109375 0.37528625312499997 0.8042922734375001 0.3806997109375 0.83650008125 0.3715274609375 0.8383995015625001 0.3621923421875 0.8298829812499999 0.3592804078125 0.794891190625 0.35701339375 0.769266203125 0.3589546765625 0.7730993203125001 0.3597624609375 0.77515645 0.3686546 0.7960226109375 0.37528625312499997
0 0.8266276703125 0.437033615625 0.8307693609375001 0.43471449218749997 0.8284653750000001 0.42832387812499995 0.8172745875 0.42277361718749995 0.7856839171875001 0.42569205625000006 0.772175428125 0.42380287968749997 0.7744177 0.4308188765625 0.7865821984375 0.4364147390625 0.8266276703125 0.437033615625
0 0.7593421140625 0.4841441984375 0.7469787593749999 0.4904761796875 0.752574153125 0.49325131093749996 0.7522038703125 0.4970035984375 0.7461764765625001 0.49860613593750003 0.7467181859375 0.50302940625 0.7797008453125 0.5058306 0.7876756546875 0.5043192640624999 0.79418304375 0.507765378125 0.8163451984375 0.501264021875 0.8186011843750001 0.49822831875 0.8149532078125 0.49554438906250003 0.779975134375 0.4832256734375 0.7593421140625 0.4841441984375
0 0.7927654375000001 0.576808846875 0.806767640625 0.573694971875 0.8162098703125 0.5672261875 0.815606446875 0.5634282984375 0.8070899265625 0.5605163656250001 0.7721598515625 0.55762396875 0.7537691015625 0.565558490625 0.7482834203125 0.5715842984374999 0.76629016875 0.5774537640624999 0.7927654375000001 0.576808846875
0 0.797318540625 0.62979688125 0.7631153171875 0.629451609375 0.7517256703124999 0.6358291921875 0.7522673796875 0.6402524640625 0.7811083484375 0.6453727781249999 0.8052796343749999 0.6383372453125 0.804861353125 0.6326632125 0.797318540625 0.62979688125
0 0.7257628375 0.6955556265625 0.7759019640625 0.7029299250000001 0.7979406906250001 0.697679334375 0.799284684375 0.693972646875 0.7919270125 0.6892301703125 0.7588209265625 0.6876797390625 0.7257628375 0.6955556265625
0 0.8688997953125 0.756918665625 0.885034559375 0.7520198484375 0.902808165625 0.7503391421875001 0.904460728125 0.7435055484374999 0.8971030593749999 0.738763071875 0.86211126875 0.73649605625 0.8458530796874999 0.7426456359375 0.8434736656249999 0.746932103125 0.84894563125 0.7509579953125 0.8688997953125 0.756918665625
0 0.7453142546875 0.7404502640625 0.7219452515625 0.7393558421875001 0.7398902859375001 0.7458506921875 0.72466751875 0.7514204890625 0.760434159375 0.7656609484375 0.7778511984375001 0.757680828125 0.794836240625 0.754078375 0.798497934375 0.746710603125 0.7947882421875 0.74465205625 0.7840157359375 0.7447758265625 0.767894690625 0.7396229421875 0.7563336171875 0.73782496875 0.7453142546875 0.7404502640625
0 0.6693239109375 0.49940485937499995 0.6878243703125 0.5002712765624999 0.6955043265625 0.491835146875 0.688208371875 0.48646728906250003 0.6720256124999999 0.4819397859375 0.6524897296875001 0.4816531484375 0.6364783968750001 0.48530120156249995 0.637143534375 0.488473709375 0.6534360046875001 0.50180215 0.6693239109375 0.49940485937499995
0 0.6867066484375 0.5611612625 0.6557331203125 0.5578258890625001 0.63187040625 0.5617345171875 0.6534634171875 0.57091329375 0.691438046875 0.5726917296875 0.69704715625 0.5654151609375 0.695346596875 0.5628224328125 0.6867066484375 0.5611612625
0 0.6756049859375 0.6240967640624999 0.644446315625 0.6226375328125 0.6192396078125 0.630252846875 0.6459480171875 0.6371581046875 0.6701055859375 0.640174271875 0.6913557453125 0.6330019359375 0.68880490625 0.6291128453125 0.6756049859375 0.6240967640624999
0 0.6220167187500001 0.6913252359375 0.621399578125 0.6975790484375 0.616407609375 0.69860180625 0.6573033640625 0.7005170453125 0.6891408890624999 0.6950970812499999 0.6868986171875 0.6880810859375 0.66597074375 0.6820748140624999 0.641813175 0.6790586484375 0.6334063671875 0.6849476515624999 0.6182453140625 0.6898920687500001 0.6220167187500001 0.6913252359375
0 0.6855957546875 0.7508472140625 0.6831683390625 0.7457073624999999 0.672704403125 0.7427042265625 0.6335092109375 0.7433817140625 0.6103116328125 0.750462846875 0.6059230859375 0.75528349375 0.6339754890625 0.758482065625 0.66434559375 0.75801955 0.6855957546875 0.7508472140625
0 0.8924333546875 0.81582176875 0.89182993125 0.8120238796875 0.8738231828125 0.8061544109375 0.846867915625 0.8017506796875 0.8319400046875 0.8142452718750001 0.8448930656250001 0.8217628781249999 0.8761751640625001 0.821971346875 0.8882299515625001 0.8187662703124999 0.8924333546875 0.81582176875
0 0.5326987015625 0.1590899671875 0.5226530453125 0.1617608640625 0.5152199453125 0.1676954703125 0.504262296875 0.169695384375 0.5170919328125 0.178463753125 0.540399221875 0.18018355625 0.559194534375 0.18797476875000002 0.56882190625 0.179629840625 0.5778321390625 0.1775387234375 0.5804584125 0.1707507328125 0.5608745328125 0.161037775 0.550890590625 0.163083290625 0.5326987015625 0.1590899671875
0 0.504383246875 0.23785865624999997 0.52817053125 0.244627109375 0.5352813453125 0.2518711109375 0.5540903765625 0.249610621875 0.571322271875 0.24350664531250002 0.5764993875 0.24060774375 0.576019390625 0.2355590921875 0.558197784375 0.22781348124999998 0.5396356109375 0.22757244375000002 0.5247214125 0.23001533749999997 0.504383246875 0.23785865624999997
0 0.578988403125 0.2998014515625 0.569374746875 0.29809467968750003 0.5661587671875 0.29103308125 0.5613519390625 0.290179696875 0.55721025 0.2924988171875 0.545464034375 0.2925769859375 0.5361452328125 0.29779500937500003 0.5126528 0.29795135 0.5022368625 0.304374534375 0.5183579078125 0.30952741875 0.513660790625 0.3174749703125 0.5537679796874999 0.3174684671875 0.576115275 0.3090909671875 0.5804421078125 0.30489570312500003 0.578988403125 0.2998014515625
0 0.5338344671875 0.375572825 0.564869709375 0.37828281874999997 0.582890175 0.3741005859375 0.5807713296875 0.36583382656249996 0.5578343265625 0.3603617359375 0.5345270375 0.35864193125 0.50579578125 0.3623225546875 0.50360150625 0.36473287656250003 0.525564803125 0.3701593671875 0.5338344671875 0.375572825
0 0.5605521859375 0.4418599515625 0.5704127 0.4410651984375 0.598540534375 0.43358668749999996 0.6020170859375 0.42809505937500003 0.59478284375 0.42210182031250004 0.559791053125 0.4198348046875 0.5532699484375 0.42644039375 0.529160378125 0.432850546875 0.5289135203125 0.43535207187499997 0.5605521859375 0.4418599515625
0 0.5193728109375 0.492382315625 0.5265453375 0.499000934375 0.5202093750000001 0.5037303796875 0.514305409375 0.5040821546875 0.5180151015625001 0.5061407015625 0.56750280625 0.5002907921874999 0.578151884375 0.5014177859375 0.5844878484375 0.4966883390625 0.5795095953125 0.487659396875 0.5523074718750001 0.4857571890625 0.532524734375 0.48797207656249997 0.5193728109375 0.492382315625
0 0.5591234109375 0.575290940625 0.5852421125 0.568346609375 0.584700403125 0.5639233390625 0.5772810203125001 0.5598062453125 0.5416240906249999 0.5543667218749999 0.51734309375 0.5526013187500001 0.5149636796875 0.556887784375 0.5223693468749999 0.5710565812499999 0.5444560703125 0.5752323078125 0.5591234109375 0.575290940625
0 0.5309887078125 0.6324025734375 0.5353018234375 0.6382590109375 0.5639713656249999 0.6352037703125 0.5746204453125 0.6363307609375 0.5807712671874999 0.6334774609375 0.578775853125 0.6239599390625 0.5470754734375001 0.6180774390625 0.535452684375 0.616904846875 0.518405928125 0.62113268125 0.5195510624999999 0.6293538390625 0.5309887078125 0.6324025734375
0 0.56091994375 0.6859508515625 0.5330526843750001 0.6808761375 0.5130230890624999 0.68559255 0.510581959375 0.6905043984375 0.5325315390625 0.7059825875 0.5725907296875 0.6965497625 0.5722341609375 0.6902503515625 0.56091994375 0.6859508515625
0 0.4934529046875 0.7550424359375 0.48742551093750003 0.7566449734375 0.49959000781249996 0.7622408359375 0.53257266875 0.7650420312499999 0.5704992984375 0.7573941468750001 0.571178153125 0.7505149546875 0.5589519421875 0.7455444734375 0.5162939125 0.7416618890625 0.49748488281250003 0.7439223765625 0.499123728125 0.747140484375 0.4934529046875 0.7550424359375
0 0.3711702703125 0.49737881718750004 0.3996409546875 0.5062514203124999 0.4261162234375 0.5056065015625 0.42982591562500005 0.5076650500000001 0.43616187812499996 0.50293560625 0.447119528125 0.500935690625 0.45144635937500005 0.49674042500000004 0.4450006859375 0.49266893125 0.4287562125 0.48876680937500006 0.3799473625 0.4877375234375 0.37160226875 0.4930011484375 0.3711702703125 0.49737881718750004
0 0.43941898593750006 0.5690566453125 0.4411332625 0.561597671875 0.4162008453125 0.5466080578125 0.41023516562499995 0.5475852156250001 0.40359063125 0.555441565625 0.371567965625 0.562737671875 0.387380440625 0.5710174640625 0.40082721718750003 0.5735320203125001 0.43941898593750006 0.5690566453125
0 0.38080446874999996 0.6178298546875001 0.366740553125 0.6215691109375 0.38122275 0.6235038859375 0.39782379218749997 0.633705421875 0.4199722296875 0.63725576875 0.441887528125 0.6332559390625 0.4442669421875 0.628969471875 0.440865821875 0.62378401875 0.4094122984375 0.6153999953125 0.386105009375 0.6136801890625 0.38013933125 0.614657346875 0.38080446874999996 0.6178298546875001
0 0.428619025 0.6784983609374999 0.391371246875 0.6792670515625 0.369085665625 0.68701916875 0.40103290156250004 0.6904001421875 0.42659617812499995 0.6890842421875 0.4317732890625 0.686185340625 0.43226700156250003 0.681182290625 0.428619025 0.6784983609374999
0 0.43022357031249997 0.75145299375 0.43583268124999996 0.7441764234375 0.42841329687499996 0.740059328125 0.3877026859375 0.7362679453125 0.3610148390625 0.758892409375 0.3785415921875 0.7597132265625001 0.40136888437499996 0.7563843796875 0.417565359375 0.7508601828125 0.43022357031249997 0.75145299375
0 0.2737377125 0.49344410312500003 0.275266846875 0.48786127500000004 0.26985659375000004 0.48320999843749995 0.2314019703125 0.4763829125 0.19724674375 0.4854639609375 0.21092665937500002 0.49552869531250004 0.23386366249999999 0.5010007843750001 0.2496281390625 0.49985425625 0.2737377125 0.49344410312500003
0 0.22786368281249997 0.5717144671875001 0.238574475 0.5722160765625001 0.25464752343749997 0.5679426421875 0.271200565625 0.5687178578125 0.27631596406250003 0.5664443375 0.27711824687500003 0.55831438125 0.2686634421875 0.5547770671875 0.22795282968750002 0.550985684375 0.217536890625 0.55740886875 0.19069133437500002 0.561806075 0.22786368281249997 0.5717144671875001
0 0.1935301609375 0.62225308125 0.1985701296875 0.6306566421875 0.1913838859375 0.6340897234375 0.2255253953125 0.635060375 0.2465286984375 0.6303895640625 0.2582131984375 0.630936775 0.2654611578125 0.6268783124999999 0.26589315625 0.62250064375 0.2566497828125 0.6170415859375 0.2179483046875 0.6127160218750001 0.19590957656250002 0.617966615625 0.1935301609375 0.62225308125
0 0.176695959375 0.693715915625 0.189834165625 0.699357378125 0.21728314375000002 0.698758059375 0.2307299203125 0.7012726171875 0.24949095312499997 0.689585809375 0.2460898328125 0.6844003546875 0.2356876109375 0.6807718390625 0.208005490625 0.67382098125 0.20136095781250002 0.68167733125 0.18742046875 0.684165825 0.176695959375 0.693715915625
0 0.2393150015625 0.743140590625 0.20322607499999998 0.7420787375 0.161404609375 0.7495442156250001 0.1889633 0.7577458375 0.2074637609375 0.7586122546875 0.23443274218750002 0.7529642875 0.2396715703125 0.7494400046874999 0.2393150015625 0.743140590625
0 0.0679992375 0.1596012203125 0.0521113328125 0.1619985109375 0.048819921875 0.165613996875 0.054353603125000004 0.16901450625 0.081123728125 0.1752943828125 0.0996241859375 0.1761608015625 0.1253108921875 0.1735941390625 0.1295142953125 0.1706496359375 0.1290960140625 0.1649756046875 0.1236240453125 0.1609497109375 0.102634459375 0.155568821875 0.07823003437500001 0.155054178125 0.0679992375 0.1596012203125
0 0.06524319843750001 0.23709314374999998 0.057748384374999996 0.24365312968750003 0.0658946203125 0.2503173515625 0.0818922359375 0.25672099843749996 0.11591031874999999 0.2589424109375 0.1268062546875 0.2575678796875 0.1310096578125 0.254623375 0.1296176671875 0.2489037421875 0.11484061406249998 0.240044171875 0.102120690625 0.240076740625 0.08009568125 0.2352756328125 0.06524319843750001 0.23709314374999998
0 0.0489208171875 0.3132821375 0.0608384578125 0.3213795234375 0.090159421875 0.3315484890625 0.10921530937499999 0.32678647656250004 0.1207763828125 0.32858445000000003 0.13131575 0.3209105046875 0.12932033437499998 0.3113929828125 0.102845065625 0.3120379015625 0.07582808437500001 0.30825955 0.060063607812499996 0.309406078125 0.0489208171875 0.3132821375
0 0.0688681109375 0.3688759296875 0.0425642671875 0.3776964046875 0.059179024999999996 0.37784623906250003 0.07706234375 0.38496646874999996 0.10061648906250001 0.38418474687500004 0.116566109375 0.381162075 0.1208312265625 0.3775921921875 0.12035123125 0.37254354218749997 0.107213025 0.366902078125 0.09443138749999999 0.3675600296875 0.07447722343749999 0.361599359375 0.0688681109375 0.3688759296875
0 0.079023478125 0.3750059703125 0.077679484375 0.3787126578125 0.08126575 0.3820219671875 0.0961799453125 0.3795790734375 0.09381424687499999 0.373813840625 0.08614800781250001 0.372198271875 0.079023478125 0.3750059703125
0 0.12513747343749998 0.43308175000000004 0.12185978125000001 0.42664553437499997 0.10196733124999999 0.42005948281250005 0.0736680703125 0.41936243749999996 0.05101220468749999 0.4308668421875 0.0764383375 0.4408534046875 0.1022484671875 0.43703597812500006 0.11588038437499999 0.4376743921875 0.12513747343749998 0.43308175000000004
0 0.13089742499999998 0.4936655609375 0.1314528515625 0.4880371296875 0.1278048734375 0.48535320156250006 0.08009316093749999 0.48311875468750004 0.049044203125000005 0.4904604640625 0.05919956875 0.4965905046875 0.10575243125 0.50065549375 0.122675759375 0.497678421875 0.13089742499999998 0.4936655609375
0 0.11911690781249999 0.56348025625 0.119672334375 0.5578518234375001 0.10160387343749999 0.5526077375 0.0907079375 0.553982271875 0.0744634640625 0.55008015 0.05327501875 0.5566271046875 0.0724268984375 0.5707177296875 0.0830142640625 0.572470103125 0.11911690781249999 0.56348025625
0 0.07209774375 0.6335294593749999 0.0887742171875 0.6330539125 0.118664321875 0.627542746875 0.11745747499999999 0.6199469718749999 0.0888016484375 0.6129505125 0.0781525703125 0.61182351875 0.044120771875 0.61965380625 0.052637290625 0.6225657390625 0.0511081578125 0.6281485703125 0.07209774375 0.6335294593749999
0 0.0386007859375 0.6954161390625 0.0673800421875 0.701161834375 0.098305571875 0.695070890625 0.099958134375 0.688237296875 0.0802508265625 0.6797751015625 0.063032646875 0.6758273781249999 0.0585206703125 0.6818987875 0.0364202296875 0.6877747609375 0.034040815625 0.692061228125 0.0386007859375 0.6954161390625
0 0.096646140625 0.7515376046875 0.09616614375 0.746488953125 0.08387821875 0.7421438546875 0.044991593749999996 0.7396944359375001 0.032875095312500005 0.7435248921875 0.030125395312499997 0.751563646875 0.05171840625 0.760742425 0.0803262359375 0.7583125640625 0.096646140625 0.7515376046875
0 0.0849821921875 0 0.0902417859375 0.0035946515625 0.13053411718750002 0.001712003125 0.133079 0 0.0849821921875 0
0 0.05082714687499999 0.0758848078125 0.1062530984375 0.0891611421875 0.12853868125 0.081409025 0.12915582187500002 0.0751552140625 0.11906216875 0.068399790625 0.09624859375 0.061676935937499996 0.0865115078125 0.061220928125 0.0607630921875 0.064412971875 0.05455055625000001 0.06789165312499999 0.05082714687499999 0.0758848078125
0 0.3790679171875 0 0.37902862656249997 0.0014123984375 0.4174215375 0.008864865625 0.42819404531250005 0.008741095312499999 0.44128425312499997 0.0049562390625 0.441773346875 0 0.3790679171875 0
0 0.509699140625 0 0.5080537796875 0.0024091359375 0.520883415625 0.011177504687500001 0.5493541 0.020050107812500002 0.5545312124999999 0.017151206250000002 0.5701722609375001 0.017255440625 0.5744373796875 0.01368555625 0.5758430875 0.009353489062500001 0.56788199375 0.0008131249999999999 0.555162071875 0.0008456937499999999 0.5530931484375 0 0.509699140625 0
0 0.64667501875 0.01520341875 0.6635846296875 0.022278046875 0.69224045625 0.02927450625 0.7023478265625 0.025978228125000002 0.7131203328125 0.0258544578125 0.719764865625 0.01799810625 0.7125923375000001 0.0113794875 0.7037672484375 0.011594459375000001 0.6918496078125 0.0034970718749999996 0.66738346875 0.0036078109375 0.6532578390625 0.00797245 0.64667501875 0.01520341875
0 0.5734754390625 0.09282233437500001 0.5710480265625 0.08768248281249999 0.5384973671875 0.0805036203125 0.5180494890625 0.07954599999999999 0.5170620640625 0.0895521 0.5267854328125 0.100059809375 0.5648217734375 0.10121286562500001 0.5689017515625 0.099519125 0.5734754390625 0.09282233437500001
0 0.6731777015625 0.08366964375 0.6604577765624999 0.0837022125 0.662946903125 0.0882166828125 0.6450498687499999 0.09114815312499999 0.65282581875 0.1015646625 0.6678497265625001 0.10792270781249999 0.6814816453125 0.108561121875 0.7052209328125 0.10590325781250001 0.713689453125 0.0993888703125 0.707922634375 0.08843818125 0.7002563953125 0.0868226125 0.693193578125 0.08900493125 0.6731777015625 0.08366964375
0 0.36281402812499997 0.08642186562500001 0.3979772453125 0.0968644375 0.43759071875 0.10186098125000001 0.448068371875 0.09481241562500001 0.447896946875 0.086636859375 0.42672221875 0.0831321125 0.4078651890625 0.0759662828125 0.3962424015625 0.0747936890625 0.3770013734375 0.081431846875 0.363307740625 0.081418815625 0.36281402812499997 0.08642186562500001
0 0.2161998734375 0.065409709375 0.21971070625000003 0.0793961 0.23813573593749998 0.0909396 0.28207604375 0.09174088124999999 0.28634116249999997 0.08817099687499999 0.287266871875 0.078790278125 0.28349546718749996 0.0773571109375 0.2466934046875 0.06369643124999999 0.2389037375 0.0633316234375 0.224654678125 0.0689470234375 0.2161998734375 0.065409709375
0 0.25839844843750004 0.18298790781250002 0.26583155 0.17705330156250002 0.27428635468749996 0.1805906171875 0.292430246875 0.175157621875 0.28295373437500004 0.1621483875 0.2451642484375 0.15849380625 0.22154839062499998 0.159900909375 0.20473477343750002 0.17167891875000002 0.22634150000000003 0.17080599531250001 0.25839844843750004 0.18298790781250002
0 0.2052558984375 0.23578701093749999 0.2155209765625 0.250717990625 0.2598178515625 0.2578186859375 0.2746703359375 0.256001175 0.2880073984375 0.24971479218749998 0.286615409375 0.243995159375 0.27171492812500003 0.23638635 0.2636166890625 0.23914844999999998 0.24262710156249997 0.2337675609375 0.225703775 0.23674463124999998 0.2052558984375 0.23578701093749999
0 0.21214919375000002 0.3146241453125 0.2307730828125 0.3142398 0.246167275 0.31684555937500003 0.25997062031249996 0.3256595296875 0.29151329062500003 0.3133147703125 0.2901830125 0.30696975625 0.27515910625 0.30061171249999996 0.25416951875 0.295230821875 0.2475866984375 0.302461790625 0.219458865625 0.3099403015625 0.21214919375000002 0.3146241453125
0 0.19844676562500002 0.36426377187500003 0.24425905937499998 0.375833334375 0.2747525921875 0.374120059375 0.2873628046875 0.3652865515625 0.2768508703125 0.352857096875 0.2732028921875 0.3501731671875 0.19844676562500002 0.36426377187500003
0 0.2627203359375 0.44137062499999996 0.2633374765625 0.4351168140625 0.278018534375 0.4251237453125 0.276503115625 0.420654875 0.26616260625 0.41640097656249997 0.2312325328125 0.41350858125 0.200786996875 0.424648178125 0.23132852656249997 0.4323612203125 0.2461672921875 0.440595409375 0.2627203359375 0.44137062499999996
0 0.64683955625 0.1622266421875 0.6316785015625 0.16717105937500001 0.6342293421874999 0.17106015000000002 0.6485881124999999 0.1742456890625 0.6612326046875 0.1848902015625 0.6875227328125 0.1861214265625 0.7025603578124999 0.1824277734375 0.7110905953125 0.17528800625000002 0.710487171875 0.1714901171875 0.6998380921875 0.170363125 0.6924187078124999 0.1662460296875 0.6731913953124999 0.1628324859375 0.64683955625 0.1622266421875
0 0.6667457 0.24797553749999998 0.7049671859375 0.2472524484375 0.7140391312500001 0.24453595 0.71855110625 0.23846454218750002 0.7000026484374999 0.2281718046875 0.6737742359375 0.22631519843749998 0.6405310046875 0.2360672296875 0.6481355265625 0.2383081796875 0.6523869296875 0.2447899984375 0.6667457 0.24797553749999998
0 0.7030471796875 0.3162723890625 0.7118859875 0.306005715625 0.7070311625000001 0.295726009375 0.663941134375 0.29622109375 0.6459206703125 0.300403328125 0.640620128125 0.3045529921875 0.661116003125 0.31493693125 0.683943296875 0.311608084375 0.7030471796875 0.3162723890625
0 0.6364715703125 0.3565052359375 0.6561651625 0.37501913125 0.6637696875 0.37726008125 0.6962106359375 0.37563800625 0.7054060109375 0.371670746875 0.7070585734375 0.3648371546875 0.6950175046875 0.357990528125 0.6851569921875 0.35878528125 0.6815090140625 0.356101353125 0.647737790625 0.3513784140625 0.6364715703125 0.3565052359375
0 0.7037465765625 0.42813746249999995 0.7022928734375 0.423043209375 0.6841627 0.4184245046875 0.658846278125 0.41723888125 0.6351549890625 0.4293230640625 0.6436097953125001 0.4328603796875 0.6629605359374999 0.43502316093750004 0.68657639375 0.4336160578125 0.7037465765625 0.42813746249999995
0 0.3671333953125 0.1667189796875 0.39736635468750003 0.17755892812500002 0.40746000625 0.1843143515625 0.428401596875 0.1802689203125 0.446716915625 0.18301148125 0.45081060624999997 0.171266040625 0.44247923125 0.16647796406249998 0.427873603125 0.16579395 0.41668281562500004 0.1602436890625 0.408893146875 0.15987888125 0.3671333953125 0.1667189796875
0 0.42073593281250005 0.2330086390625 0.3923132453125 0.2335623546875 0.3875544140625 0.2421352890625 0.3697190921875 0.24444137812500003 0.3796276015625 0.2530729453125 0.40262632031249995 0.2579196546875 0.4163199515625 0.2579326859375 0.42958158593749995 0.2623233859375 0.4519288828125 0.25394588906250004 0.45345801718749995 0.2483630578125 0.44744434218749995 0.23991389531250001 0.4355746984375 0.241242828125 0.42073593281250005 0.2330086390625
0 0.3817233953125 0.30122408125 0.4062992453125 0.309914278125 0.4229140046875 0.3100641140625 0.4478601390625 0.3150020265625 0.4551698109375 0.3103181828125 0.45883150468749995 0.302950409375 0.43145795781249996 0.292872646875 0.40833581093750004 0.28927669843750003 0.39829015624999997 0.29194759531250003 0.383622815625 0.2918889609375 0.3817233953125 0.30122408125
0 0.442630615625 0.377908240625 0.45389683593749997 0.3727814203125 0.4546374046875 0.36527684531250004 0.4436317578125 0.357850440625 0.40638398125 0.35861913125 0.387451521875 0.36213038124999997 0.378194434375 0.366723021875 0.41603191875 0.379803921875 0.442630615625 0.377908240625
0 0.41134604062499996 0.4471138078125 0.41615286874999996 0.44796719375 0.4509252359375 0.4326323328125 0.4474006859375 0.428697640625 0.4340156234375 0.42555770312499996 0.4057163640625 0.4248606578125 0.3876959015625 0.4290428890625 0.38629019531250003 0.43337495625000005 0.4045437984375 0.43674289999999993 0.41134604062499996 0.4471138078125
0 0.7949735546875 0.0290595546875 0.822840815625 0.0341342703125 0.8336750359374999 0.03338511875 0.840072715625 0.0280302921875 0.8313230546874999 0.0175681828125 0.8169025703124999 0.015008025 0.8066854906250001 0.0095033640625 0.779359940625 0.00885191875 0.7874924578125 0.025567840624999998 0.7949735546875 0.0290595546875
0 0.7838101796875 0.0926204375 0.7708296828125001 0.10520623124999999 0.7734422359375001 0.108469940625 0.79030385 0.10611825 0.830040753125 0.10986403281249998 0.8421572562499999 0.10603357499999999 0.8436863906250001 0.1004507453125 0.8391264171874999 0.097095834375 0.8296361890625 0.0941383 0.8243493656249999 0.0882362625 0.8099288796874999 0.08567610625 0.78260333125 0.0850246609375 0.7838101796875 0.0926204375
0 0.7745805015625 0.166324221875 0.7644731328125001 0.1696204984375 0.7679359671875 0.174180571875 0.76567998125 0.1772162765625 0.7943975234375 0.1835873546875 0.8364521281249999 0.18367205 0.84065553125 0.1807275484375 0.840607534375 0.1713012296875 0.81487283125 0.164441571875 0.7722148015625 0.1605589875 0.7701439578125 0.1617185484375 0.7745805015625 0.166324221875
0 0.7907906734375 0.23996286718749998 0.8213939171875 0.2470505296875 0.8362463984374999 0.24523301874999998 0.8414235124999999 0.24233411718750003 0.842040653125 0.23608030468750002 0.8286555906249999 0.23294036562499998 0.8223333453125001 0.227618109375 0.817279659375 0.22926624843750001 0.76677025 0.22564423749999998 0.7907906734375 0.23996286718749998
0 0.8434737703125 0.3008593796875 0.844029196875 0.29523094843750003 0.83679495625 0.289237709375 0.8248018859374999 0.29181740624999997 0.80478600625 0.28648211562500003 0.7706924953125001 0.29493778437499996 0.797757471875 0.3081424546875 0.8143722296875 0.30829229062499997 0.8434737703125 0.3008593796875
0 0.8884562203125 0.87594956875 0.88882650625 0.8721972812500001 0.8775740046875 0.8672724015625001 0.8432473515625001 0.8681778937500001 0.8155378000000001 0.8813304359374999 0.838474803125 0.886802528125 0.853265571875 0.8856103984375 0.8645935078125 0.879858196875 0.8884562203125 0.87594956875
0 0.88015225625 0.9402726359375 0.8797956890625 0.9339732218749999 0.872314590625 0.9304815078124999 0.8579558203125 0.92729596875 0.8372610875 0.9288398734375001 0.8237388796875 0.9370023984375001 0.8178349171875 0.937354175 0.8549455484375 0.9478879484375 0.88015225625 0.9402726359375
0 0.7145943875 0.9526238765624999 0.7199566421875 0.94784883125 0.7329851374999999 0.94468935625 0.7731540406249999 0.94405746875 0.7774191578125 0.9404875859375 0.775965453125 0.935393334375 0.7551610078125 0.9281363 0.737757684375 0.926064721875 0.7204640718750001 0.93279408125 0.710884696875 0.9505653296875 0.7145943875 0.9526238765624999
0 0.660821 0.9325139484375 0.6308828953125001 0.92859879375 0.60736303125 0.9488585359374999 0.6139321359375 0.9516792671875001 0.6394336968750001 0.950988746875 0.6668963921875 0.9403377296875 0.6673901046874999 0.9353346796875 0.660821 0.9325139484375
0 0.5594798937500001 0.9384485328125001 0.5194961328125001 0.9372042765625 0.5054185 0.95099523125 0.5304880625 0.9546823812499999 0.5455874015625 0.9503633453125 0.5542890640625 0.9513991359375 0.5636078671875 0.9461811125 0.5594798937500001 0.9384485328125001
0 0.34237719218749996 0.9477575453125 0.3608159390625 0.94924934375 0.3698261703125 0.9471582265625 0.41486361406250005 0.94675434375 0.42010244218750004 0.9432300625 0.420534440625 0.9388523921875 0.413176771875 0.9341099171874999 0.380564396875 0.927556434375 0.3601645171875 0.9360251359375 0.3534582671875 0.9445068671874999 0.34237719218749996 0.9477575453125
0 0.167713096875 0.9433472640625 0.2373401078125 0.9415818796875 0.2424555078125 0.9393083593749999 0.24294921875000003 0.9343053109375001 0.2366269734375 0.9289830531250001 0.2007231890625 0.9260450562500001 0.167713096875 0.9433472640625
0 0.05156065625 0.92094425625 0.028129940625 0.920475215625 0.0054579171874999995 0.9381363984375 0.0054895312500000005 0.9435702562499999 0.062058873437499995 0.9434254125000001 0.071377675 0.9382073890625 0.07205652968750001 0.9313281953124999 0.05156065625 0.92094425625
0 0.08139591874999999 0.8664253484375 0.07787136875 0.8624906578125 0.0518898109375 0.8581325265625 0.034424775000000005 0.8566863296875 0.0082443578125 0.8642560421875001 0.00504851875 0.867766546875 0.0050498328125 0.867992559375 0.007565503125 0.8711352359375001 0.0438258546875 0.8803726453125 0.06781199843749999 0.87521325625 0.08139591874999999 0.8664253484375
0 0.037860196875 0.7921352578125 0.026840834375 0.7947605531249999 0.0331013671875 0.8007081906250001 0.010568928125 0.810961834375 0.021944859375 0.8146359500000001 0.042331021875 0.8162189515625 0.06777086875 0.8161538140625 0.0888358859375 0.8108576203125001 0.09140044375 0.8046950109375001 0.087937609375 0.8001349375 0.07649996406250001 0.7970862015625 0.06274461875000001 0.7976985515624999 0.0494829828125 0.7933078499999999 0.037860196875 0.7921352578125
0 0.1613223109375 0.809854421875 0.1702091140625 0.8090140671875 0.202883203125 0.81494216875 0.2375801375 0.8102843890625 0.24196868437500002 0.8054637437500001 0.24051498124999998 0.8003694906250001 0.222323090625 0.7963761671875 0.20498148125 0.79367920625 0.18416331875 0.796473875 0.16071888750000002 0.8060565328125 0.1613223109375 0.809854421875
0 0.36805706875 0.8163949140625 0.3822924109375 0.820831215625 0.4066968359375 0.8213458593749999 0.40719054843749997 0.8163428093749999 0.42630815 0.8109554140625 0.4230304578125 0.8045191984375 0.4125665203125 0.8015160625 0.378486725 0.7999200296875 0.3558308578125 0.8114244328125 0.3502217484375 0.8187010046875001 0.36805706875 0.8163949140625
0 0.5600583890624999 0.8037211796875001 0.517091790625 0.8029655 0.49248850468749994 0.8143787031249999 0.49315364375000004 0.8175512109374999 0.5271100125 0.8203980062499999 0.5565681203125 0.8192645093750001 0.5710640359375 0.8111475859375 0.5600583890624999 0.8037211796875001
0 0.6738289515625 0.8106102078124999 0.6733489546875 0.80556155625 0.662946734375 0.801933040625 0.6493765312499999 0.8006692453124999 0.630505784375 0.8035551156249999 0.6150361609375 0.8116264375 0.633893190625 0.8187922703125 0.656535340625 0.8173395671874999 0.6738289515625 0.8106102078124999
0 0.7293920468749999 0.8125840796875 0.74733708125 0.8190789296875 0.7758214812500001 0.8178998312499999 0.788246553125 0.8109424671875001 0.7819860203125 0.8049948296875 0.7492502156249999 0.7996921109375 0.7293920468749999 0.8125840796875
0 0.7374422671875001 0.8896102062500001 0.766543809375 0.8821772953125 0.7771928875 0.8833042875 0.7838374203125 0.8754479359375 0.7632181171875 0.8663147609375 0.7525073250000001 0.8658131499999999 0.7362491359375001 0.871962728125 0.7255863390624999 0.8808874375 0.7252160562500001 0.8846397250000001 0.7374422671875001 0.8896102062500001
0 0.6105036015625 0.8773826703125 0.6025287921875 0.87889400625 0.6250955109375 0.8881183859374999 0.6410451312500001 0.8850957125000001 0.65266791875 0.8862683062500001 0.657042746875 0.8914993593749999 0.6686792500000001 0.8826202515625001 0.6696666765625 0.8726141515625001 0.6642564234375 0.8679628781250001 0.6398520000000001 0.8674482359375 0.6265286515625 0.8636829171875 0.6105036015625 0.8773826703125
0 0.5291166578125 0.889277925 0.5571210640625 0.8830501765625 0.562421603125 0.8789005124999999 0.5629770296875 0.87327208125 0.5508125328125 0.86767621875 0.5196538625 0.8662169890625 0.5058848 0.8768810390624999 0.4988836984375 0.8784379765624999 0.4985134140625 0.8821902640625 0.5291166578125 0.889277925
0 0.34466748125 0.8749853156249999 0.372658171875 0.8788092671875001 0.40601111406249996 0.8778581750000001 0.4163653375 0.8720603703125 0.41010480468750005 0.8661127343749999 0.373103884375 0.8643798968749999 0.34466748125 0.8749853156249999
0 0.22312535156250002 0.87746075625 0.23171730156249998 0.86969560625 0.23051045312500001 0.8620998296875 0.1834638796875 0.863037890625 0.1700033859375 0.870575034375 0.1654914109375 0.87664644375 0.1682273953125 0.878659390625 0.1896489796875 0.8796626109375 0.22312535156250002 0.87746075625