0 0.1361408625 0.074731796875 0.1365313828125 0.07756093124999999 0.1453448859375 0.08342885 0.1459798484375 0.07910859218750001 0.139998353125 0.0759166890625 0.150796115625 0.0682837984375 0.1635528125 0.069267284375 0.17127412343749998 0.066107771875 0.17120108437499998 0.061118509375 0.1639623265625 0.05550853125000001 0.14050623125 0.04503001875 0.12294593125 0.043812734375 0.106795303125 0.0494627546875 0.104658634375 0.0585143328125 0.1361408625 0.074731796875
0 0.09874091093750001 0.137181796875 0.10676704374999998 0.14292074375 0.1247972359375 0.1464271296875 0.1351061125 0.153093025 0.1582573875 0.154673078125 0.1818848875 0.1530129390625 0.1904666109375 0.1549716609375 0.1923588359375 0.153069475 0.178741728125 0.14696775625 0.1746524578125 0.14187366562499998 0.158362084375 0.132015865625 0.11639324531249999 0.12680045625 0.10402706875 0.12864610468749998 0.096147015625 0.1328856828125 0.09874091093750001 0.137181796875
0 0.1168348765625 0.2225475484375 0.1301345046875 0.23080939531250003 0.13493810781249999 0.2310431953125 0.1439230125 0.2247724609375 0.1782689046875 0.21601946249999998 0.1770116421875 0.213601390625 0.14173863281250002 0.20671759375 0.088905321875 0.1986165125 0.08441286875000001 0.20175187968750002 0.089441921875 0.21142417343750003 0.1168348765625 0.2225475484375
0 0.083378121875 0.280113109375 0.08722927968750001 0.28682729687499997 0.13359853906250002 0.3005059625 0.141710371875 0.3001755828125 0.1635980546875 0.304866859375 0.16863976875 0.30348056093750003 0.1614803796875 0.2973305515625 0.1621947125 0.2924702609375 0.1252802515625 0.2748099609375 0.10945343593750001 0.27277055781250004 0.0949632546875 0.27260919375000003 0.08566719687499999 0.27551076406249997 0.083378121875 0.280113109375
0 0.10550097812499999 0.354525096875 0.113758890625 0.3641732453125 0.1192704953125 0.3650760484375 0.14637129375 0.35624236875 0.1216579359375 0.34334578125 0.09851299218750001 0.33623643125 0.0841021796875 0.3355350359375 0.078981096875 0.3374613671875 0.078736653125 0.34461075937499996 0.10550097812499999 0.354525096875
0 0.08849966718749999 0.4153391015625 0.12054381875 0.42224704375 0.137713596875 0.4206351921875 0.1353578109375 0.41471898281249997 0.1169434296875 0.4028541671875 0.0680469828125 0.395397946875 0.06395138125 0.3958331515625 0.06354819843750001 0.40406260781250003 0.08849966718749999 0.4153391015625
0 0.058039990625 0.4689713203125 0.0655962296875 0.47242116718749994 0.102437653125 0.48509220312499995 0.128116115625 0.48044981093750005 0.121896509375 0.47887800468749997 0.11253374375 0.471261015625 0.1019073859375 0.46675524843750005 0.075692321875 0.45858997968750004 0.0660851140625 0.45812238125000004 0.056947798437499995 0.4599438875 0.0553667234375 0.4652152390625 0.058039990625 0.4689713203125
0 0.101342525 0.5474055796874999 0.11536914843749999 0.5397485468750001 0.1075080890625 0.5274002359375001 0.0659361015625 0.5194846656250001 0.052703182812500006 0.5217413750000001 0.051591998437499995 0.529301828125 0.101342525 0.5474055796874999
0 0.0358352890625 0.60359249375 0.064015615625 0.614844840625 0.07660724218750001 0.622437684375 0.08290621875000001 0.623469459375 0.101888853125 0.62049545625 0.1144201015625 0.612040446875 0.1241860484375 0.6114279796875 0.12088415156250001 0.6064628625 0.0844332484375 0.5966209578125 0.059627859375 0.5953229921875 0.0425437796875 0.590865515625 0.035060578125000005 0.59240493125 0.0329302421875 0.595927215625 0.0358352890625 0.60359249375
0 0.1060798859375 0.674273140625 0.0887576953125 0.671435759375 0.0869511734375 0.6672686171875 0.0447442234375 0.66367330625 0.0373403890625 0.6646726890625 0.031135625 0.66849435 0.0313856046875 0.6738615234374999 0.0525195796875 0.68209094375 0.08669406874999999 0.6854766015625 0.11095652812500001 0.679496203125 0.1060798859375 0.674273140625
0 0.09379014531249999 0.7469195671875 0.09222173125000001 0.7411323265624999 0.07892210625 0.732870478125 0.043649095312500004 0.72598668125 0.03389088125 0.7276508234375 0.034366521875 0.7378630234375 0.0421347296875 0.741776590625 0.0734708765625 0.7480155296875 0.08945643125 0.74897486875 0.09379014531249999 0.7469195671875
0 0.0889105671875 0.8130373125 0.0930125 0.8070728109375 0.1029371890625 0.80538028125 0.0719248546875 0.791451915625 0.0366152546875 0.7861442078125 0.0374473234375 0.8040090531249999 0.0393854875 0.8043720562500001 0.0546567109375 0.8101916859375 0.07914461874999999 0.8136497796875 0.0889105671875 0.8130373125
0 0.097044790625 0.8619305609374999 0.08972666093750001 0.856860615625 0.039525937500000004 0.8486377203125001 0.04048650625 0.8692615203124999 0.069626509375 0.87292436875 0.08569776875 0.8678143796875 0.091209371875 0.8687171828125001 0.097044790625 0.8619305609374999
0 1 0.098105759375 0.9956937625 0.096624696875 0.9901027859375 0.096261925 0.9806479875 0.100243559375 0.9717424515624999 0.1059742625 0.9703201171875 0.11016554999999999 0.9766127640625 0.11672661875000001 0.9935381015625 0.1222641609375 0.9959732578124999 0.1276403390625 1 0.128299921875 1 0.098105759375
0 1 0.18519100156249999 0.9881155937500001 0.1811035421875 0.9839342906249999 0.1876080765625 0.976212978125 0.19076759062499998 0.97147608125 0.20105234843750003 0.9830422234375 0.2101363203125 1 0.2132368015625 1 0.18519100156249999
0 1 0.2663687765625 0.9950276062500001 0.2657437546875 0.9852616578125 0.266356221875 0.9741527453125001 0.27061994375 0.972016078125 0.279671521875 1 0.292307903125 1 0.2663687765625
0 1 0.3504560984375 0.978007303125 0.3431456453125 0.9613931140625 0.3409772671875 0.9531162078125 0.34791700625 0.9525606156249999 0.351697234375 0.964206128125 0.360241171875 0.9979043937500001 0.366867025 1 0.366969021875 1 0.3504560984375
0 1 0.41286240156250004 0.9847795671874999 0.4122780328125 0.9767407734375 0.417597675 0.9573676171875001 0.41774254375000003 0.9522465312499999 0.419668875 0.950036825 0.42373119218750005 0.9531006124999999 0.43031640624999995 1 0.4460809296875 1 0.41286240156250004
0 1 0.4960596171875 0.982401853125 0.4942905171875 0.9731914968750001 0.49112275937499994 0.9555518265625 0.49044550625000005 0.9397123515624999 0.49946469374999997 0.9557646140625 0.5109425921875 1 0.5181883625 1 0.4960596171875
0 1 0.5827975234375 0.9919934640625 0.5771575140625 0.9654609203125 0.5711523749999999 0.9586920515624999 0.5678314984374999 0.949243584375 0.5662838359375 0.9433351265625 0.5680811953125 0.9330135859375 0.572473890625 0.9347407406249999 0.5771810640624999 0.955047346875 0.5871436906249999 0.9677246734375 0.588667209375 0.98543738125 0.5943337234375 1 0.5927862734375 1 0.5827975234375
0 0.9275720843749999 0.6479011578125 0.9689790015625 0.662426090625 0.9825230703125 0.663538546875 0.990085640625 0.6614590984375 0.9887553390624999 0.6540517625 0.9771098281249999 0.6455078249999999 0.9362521750000001 0.6327319625000001 0.9201872484375 0.63231265625 0.915774165625 0.6349079890625 0.9160059453124999 0.6388171890625001 0.9275720843749999 0.6479011578125
0 0.9127011109375 0.705192878125 0.92293061875 0.71239880625 0.9590703703125 0.7188715453125 0.974347925 0.7191618796875 0.9779736359375001 0.7164375734374999 0.9778212249999999 0.7119883437500001 0.9677504593749999 0.7037023484375 0.9268071046875 0.6969958140625 0.9161744125 0.6980193421875 0.9117613312499999 0.700614675 0.9127011109375 0.705192878125
0 0.8993858890625 0.7793304296875 0.941580175 0.7939843343749999 0.9596897375 0.7969506859375 0.9670935671875001 0.7959513031250001 0.9704081296875 0.7898578281249999 0.9613628468750001 0.7800807109375001 0.9275915421875001 0.76846559375 0.9031036312499999 0.7650075000000001 0.893728203125 0.7684490984375 0.8949791359375 0.77639646875 0.8993858890625 0.7793304296875
0 0.8959223156249999 0.8467861843750001 0.9463871765625 0.8600296453125 0.9617504312499999 0.8542506515625 0.9592359046875 0.8494145046874999 0.9489270281250001 0.842748609375 0.9091678953125 0.833470884375 0.8970398296875001 0.833696434375 0.891052003125 0.8360338281249999 0.8896296687499999 0.8402251140624999 0.8959223156249999 0.8467861843750001
0 0.8923857015625 0.9092526765625 0.8965543437499999 0.9138067359375001 0.935605475 0.9224154546875001 0.953092734375 0.9186434734375 0.9571946671875 0.9126789750000001 0.9509813890625001 0.905577871875 0.9359482781249999 0.89813814375 0.9256330703125 0.8970015421875001 0.9126382609375 0.8976381546875001 0.8925507734375 0.902643315625 0.8923857015625 0.9092526765625
0 0.917769075 0.9559940421875 0.8894173453124999 0.9568803499999999 0.8865790046875001 0.9597336296875 0.8874394171875 0.9648518656249999 0.8940495453124999 0.9692528046875 0.9127571218750001 0.9747966968749999 0.957888496875 0.9734835078125 0.9588320515625 0.9728591140624999 0.9589907921874999 0.9717790484375 0.9398948671875 0.959065221875 0.917769075 0.9559940421875
0 0.7598778609375 0.6751830812499999 0.7818449140625 0.6793343234375 0.797659065625 0.69243231875 0.8034087828124999 0.6917150265625 0.8085361984375 0.6842594 0.8118444281249999 0.683695221875 0.8306619906250001 0.687330578125 0.8313763234374999 0.6824702859375 0.81517798125 0.6610138625 0.785727728125 0.658402034375 0.75501388125 0.658901428125 0.7509849859375 0.66985519375 0.7598778609375 0.6751830812499999
0 0.76476423125 0.7406883609375 0.7782289296875 0.7423408484375 0.8076728515625 0.7504819734375 0.828071490625 0.7488459765625 0.8239822203125 0.7437518875 0.8163466093749999 0.7408420718750001 0.807771215625 0.733354053125 0.762500478125 0.7231735265625 0.75241705 0.7259461234375 0.7499692312499999 0.731628534375 0.76476423125 0.7406883609375
0 0.7518521921875 0.8065964546875 0.789950878125 0.8216855625000001 0.7964022640625 0.82716656875 0.8015296796875001 0.8197109421875 0.8201217937499999 0.8139078046874999 0.8187121218750001 0.8070404999999999 0.8144641109374999 0.803026475 0.7950179171875 0.79818208125 0.7791180625 0.791153415625 0.7702982281249999 0.7908147890625 0.7513949625 0.7932487609375001 0.7476105109375 0.7970531328125 0.7518521921875 0.8065964546875
0 0.7494934703125 0.8720210515625 0.7744449421875 0.8832975421875 0.8025522281249999 0.889560625 0.8195696 0.8834995453125 0.8157978109374999 0.876245325 0.7998979562499999 0.8692166562500001 0.7595038625 0.8642591921875 0.7514713984375 0.8640495359375 0.7461915734375 0.86705593125 0.7494934703125 0.8720210515625
0 0.7433503015625 0.9412500203124999 0.768069990625 0.9486173125 0.7909831546875 0.9518174640625 0.7976789828124999 0.950149078125 0.7991806890625 0.9454177578125 0.7919482609374999 0.9342784859375 0.7819505328125 0.930981753125 0.7676190921875 0.929740325 0.743204221875 0.93127149375 0.7408357734375 0.9364138734375 0.7433503015625 0.9412500203124999
0 0.6165693250000001 0.52008718125 0.6690121125 0.5253591281250001 0.689490121875 0.5231831015624999 0.693903203125 0.5205877640625001 0.6882391890624999 0.5152357328125 0.6644656125 0.506917346875 0.6220999218750001 0.5044020984375 0.6109116390625 0.509205853125 0.6123213109375001 0.5160731562499999 0.6165693250000001 0.52008718125
0 0.6278277125 0.5916134984375 0.653255403125 0.599649796875 0.67412393125 0.6003029015625 0.661075078125 0.5793623640625001 0.61312474375 0.57095505 0.60973714375 0.5720592625 0.6108293359375 0.5810866921875 0.6278277125 0.5916134984375
0 0.6097342078125 0.64340006875 0.6147695921875 0.6475430656250001 0.6233513171875 0.6495017875 0.62839303125 0.648115490625 0.6634279296875001 0.6566193859375 0.666736159375 0.65605520625 0.664929634375 0.6518880640625 0.6750130624999999 0.6491154671875 0.6743907640625 0.6423771359375 0.6673107453125 0.63568709375 0.638177971875 0.6309151359375 0.628412025 0.631527603125 0.6127376203125 0.6339374296875 0.6090325390625 0.63720176875 0.6097342078125 0.64340006875
0 0.5909137125 0.711105521875 0.5968158375 0.7148374578125 0.6315395875 0.7199721859375 0.674613278125 0.7231564390624999 0.6798137328125 0.720690075 0.6772992078125 0.7158539296875001 0.6719463421875 0.7138710609375 0.64494390625 0.7055768203125 0.6127410171875 0.69974894375 0.5943870125 0.703931984375 0.5896564484375 0.7086874484375 0.5909137125 0.711105521875
0 0.587926359375 0.7753210828125 0.6021721 0.7826318375 0.6313048718750001 0.78740379375 0.6554816296875 0.7874927234375 0.663361684375 0.783253146875 0.6519479515625 0.7786184078125 0.6382578046875 0.767527425 0.618494128125 0.7648431609374999 0.5903011390625 0.76464940625 0.58683416875 0.7662936499999999 0.587926359375 0.7753210828125
0 0.5947112890625 0.8333948796874999 0.5999054109374999 0.8364578125 0.6392740234375001 0.842906403125 0.65754865625 0.839263396875 0.6605457343750001 0.8353300515625 0.661180696875 0.8310097937500001 0.655278571875 0.8272778578125 0.621262825 0.8228121343750001 0.5983433296875 0.825141278125 0.5947176187500001 0.827865584375 0.5947112890625 0.8333948796874999
0 0.5835137390625 0.9150687390625001 0.593352725 0.9194455343750001 0.64138243125 0.9273128156249999 0.6613111796875 0.9233877187499999 0.6516372640625 0.9124015625 0.5894348578125 0.9022127875000001 0.5820310281250001 0.903212171875 0.5793450984375 0.9105146812499999 0.5835137390625 0.9150687390625001
0 0.5506982765624999 0.9627847484375 0.54778056875 0.9661780578125001 0.5516317265625 0.9728922453125 0.5740686687500001 0.9793325890625001 0.59934395 0.98291965625 0.6139992046875 0.976471659375 0.6147929078125001 0.9710713359375 0.6082621500000001 0.9661303625000001 0.5744845140625 0.9600445421874999 0.570230171875 0.9615598125 0.556686103125 0.9604473546875001 0.5506982765624999 0.9627847484375
0 0.44928167812500003 0.604951159375 0.4664451265625 0.6088686046875 0.4892789203125 0.6126087874999999 0.5045628062499999 0.6073698265624999 0.5058264015625 0.6042586062499999 0.48606905468750006 0.596045046875 0.4592984015625 0.5916600046875 0.45189456874999995 0.5926593875 0.4439351453125 0.597438996875 0.44566229843749994 0.6021461718750001 0.44928167812500003 0.604951159375
0 0.43542352656250005 0.671810346875 0.44518314375 0.676727175 0.49234610625 0.685005515625 0.5103032578125 0.6835226375000001 0.515662453125 0.679976209375 0.509522215625 0.6778643703125 0.5062996875 0.67235921875 0.48622486406250004 0.6663057890624999 0.4915840578125 0.6627593625 0.4898569046875 0.6580521890625 0.4533933390625 0.6592688765625 0.44402424218750003 0.6571811828125 0.4373284125 0.65884956875 0.43220099687499997 0.6663051953125 0.43542352656250005 0.671810346875
0 0.42699760624999994 0.7401123671875001 0.43549996249999995 0.742611121875 0.441871978125 0.7486321609375 0.44832969531250005 0.7485838703125001 0.4713952703125 0.7562332515625 0.5060396484374999 0.7619080125 0.5015535265625 0.759514084375 0.4984960703125 0.7473995734375001 0.4764623109375 0.732729771875 0.42677848906250004 0.725144578125 0.419057178125 0.728304090625 0.4197588484375 0.734502390625 0.42699760624999994 0.7401123671875001
0 0.45328910625 0.8190784109375 0.4813296859375 0.8148229375 0.4654424953125 0.796735678125 0.41827953281249997 0.7884573359375 0.41567297343750004 0.7952198125 0.4188161328125 0.8012649953125001 0.45328910625 0.8190784109375
0 0.45557525 0.8858168734375 0.46636668124999997 0.88371328125 0.4709385046875 0.8800378796875 0.47739622343750004 0.879989590625 0.47535791875 0.8719132515625001 0.45796269062499995 0.8640866078125 0.405916753125 0.856114496875 0.40228471250000003 0.8643681000000001 0.4213277234375 0.87744195 0.45557525 0.8858168734375
0 0.41472099218749997 0.938852525 0.4498352609375 0.946816384375 0.46629703749999996 0.94453553125 0.469214746875 0.9411422187499999 0.4652842171875 0.9349680656249999 0.4389961140625 0.9218135328124999 0.42167392656249997 0.9189761531249999 0.4085203796875 0.92069283125 0.3992243203125 0.9235943984375 0.398351246875 0.9295347546875 0.41472099218749997 0.938852525
0 0.35185011875 0.41202119687499994 0.3904313578125 0.41834081718749994 0.38374186093749996 0.4144799109375 0.3851641953125 0.41028862187500004 0.39099328125 0.40903129531250004 0.3876120140625 0.4046062109375 0.37832228749999997 0.401978484375 0.37100415625 0.39690854062500003 0.3508499609375 0.3913951421875 0.3447827625 0.394272565625 0.3311593234375 0.3937001421875 0.32627001875 0.39953567031250004 0.3297306578125 0.403420725 0.35185011875 0.41202119687499994
0 0.3292641640625 0.46694313593750003 0.3393412609375 0.46969983437499996 0.3579143828125 0.4804845828125 0.370598040625 0.47647880468750003 0.3849294796875 0.4777202328125 0.391863421875 0.47443175000000004 0.3932063875 0.47078049375 0.375268228125 0.45567548750000003 0.34487819218750004 0.4484854546875 0.334874134375 0.4507180203125 0.3240890328125 0.4472923171875 0.3165264609375 0.4493717640625 0.317936134375 0.45623906875 0.3292641640625 0.46694313593750003
0 0.3381667671875 0.5325532421875 0.3559525140625 0.5432090203125 0.373750925 0.54280620625 0.3736778859375 0.5378169421875 0.382186571875 0.5347864015625 0.379592675 0.5304902890625 0.364638934375 0.522510528125 0.3358236421875 0.5155784406249999 0.3127517375 0.5134583546875 0.30951654687499996 0.5190117953125 0.3121104421875 0.5233079093749999 0.3381667671875 0.5325532421875
0 0.31872396875 0.5935203625 0.3458057734375 0.6012745703125 0.3590386921875 0.5990178609375 0.36353114531249997 0.59588249375 0.37329709375000003 0.5952700265625 0.366058334375 0.5896600484375 0.34157675625 0.580672659375 0.31811432968750003 0.5757234390625 0.3113454625 0.5724025640625 0.29709339218749997 0.5706211031249999 0.2922040875 0.57645663125 0.2921977546875 0.5819859265625 0.31872396875 0.5935203625
0 0.28872785 0.6549709781249999 0.30927256718749996 0.663313509375 0.3578578640625 0.6674005640625 0.3629122421875 0.654955675 0.34402164062499996 0.6463310546875001 0.3255945984375 0.6455248328125001 0.3163048703125 0.64289710625 0.29370285625000003 0.643066121875 0.28826429062500003 0.6471525812500001 0.28872785 0.6549709781249999
0 0.2871628328125 0.7149952515625 0.2976304515625 0.720581084375 0.3146351609375 0.72557859375 0.35691514999999996 0.73416316875 0.3496763875 0.72855319375 0.3520448375 0.7234108140625 0.346380821875 0.7180587796875 0.33253193593749997 0.7080478609374999 0.3199339796875 0.7059843125 0.2918997296875 0.7047104921875 0.2865405328125 0.708256921875 0.2871628328125 0.7149952515625
0 0.27503816406250003 0.7810323171875 0.2844803 0.7881092749999999 0.325417325 0.8003451046875 0.34841619218750003 0.797475928125 0.3477938921875 0.7907375953125 0.3282746578125 0.780903940625 0.3145781796875 0.775342253125 0.287728153125 0.7714972437500001 0.2804830625 0.7714165609375 0.27583186875 0.77563199375 0.27503816406250003 0.7810323171875
0 0.2589766359375 0.846424521875 0.268418771875 0.85350148125 0.3156611046875 0.8612397906249999 0.3292115046875 0.8568229515624999 0.34196820156249996 0.857806434375 0.3379583 0.8521723140624999 0.31103523437499997 0.8433380421875001 0.2952877921875 0.8407586046875 0.28474080156250003 0.8357128046875 0.2640310125 0.8339796328125001 0.2574145546875 0.8351079890625 0.2567002203125 0.8399682796875 0.2589766359375 0.846424521875
0 0.2511920125 0.9048769906249999 0.259138771875 0.911155971875 0.3059048859375 0.922134475 0.31441356875 0.919103934375 0.3107211515625 0.9113096828125 0.29726278281249996 0.9041278984375 0.255770165625 0.8956722953125 0.251674565625 0.8961075015625 0.24946485937500001 0.9001698156250001 0.2511920125 0.9048769906249999
0 0.23762324218750003 0.1687792984375 0.2573075484375 0.1720035953125 0.2701372828125 0.1779763421875 0.2979397546875 0.17534096562499998 0.2843226453125 0.1692392453125 0.283620975 0.1630409453125 0.27308031875 0.15246584999999999 0.235756340625 0.148564303125 0.2177991890625 0.1500471828125 0.2161324125 0.1613878609375 0.23762324218750003 0.1687792984375
0 0.22415560937499998 0.23846762031250002 0.26297495937500004 0.243167140625 0.2799923296875 0.23710606093750003 0.267876928125 0.2262730203125 0.21984722343750002 0.2184057390625 0.2102336828125 0.2234674390625 0.2084938671875 0.22981885468750002 0.22415560937499998 0.23846762031250002
0 0.2280038359375 0.31652261406250004 0.24375127968750002 0.3191020515625 0.25926694375000003 0.3177722890625 0.27715105625 0.3113001484375 0.2569174890625 0.306326784375 0.24802461562499997 0.3009988953125 0.209522746875 0.29413924062499996 0.202198284375 0.2945985921875 0.1969184609375 0.2976049890625 0.1968327578125 0.3036743171875 0.2280038359375 0.31652261406250004
0 0.2080181078125 0.3702113703125 0.23171231250000002 0.3790697890625 0.2397384453125 0.3848087375 0.2437546765625 0.38491356250000003 0.24659301562499997 0.3820602859375 0.26210868125000003 0.38073052500000004 0.269201359375 0.376361975 0.26755357812499997 0.37111476875 0.25267920625 0.36259497500000004 0.2000840078125 0.352873796875 0.1909466921875 0.354695303125 0.19991260625 0.36501245312499997 0.2080181078125 0.3702113703125
0 0.179987253125 0.43474906406249997 0.1850226390625 0.4388920609375 0.23091567500000001 0.45581092187500005 0.2587181453125 0.45317554062500004 0.2632105984375 0.450040175 0.2518762375 0.4448654046875 0.237557459375 0.43256538281249995 0.2177937828125 0.429881121875 0.1844860390625 0.42608440156249994 0.17999358593749998 0.42921976875 0.179987253125 0.43474906406249997
0 0.1838544734375 0.496216171875 0.198258953125 0.502446865625 0.2327445890625 0.509201690625 0.2394404203125 0.507533303125 0.2370052640625 0.5021571234375 0.21867025468749998 0.489752278125 0.18953748125 0.4849803203125 0.1807176453125 0.48464169375 0.177012565625 0.487906034375 0.1838544734375 0.496216171875
0 0.166065790625 0.5569012046874999 0.1755872953125 0.5634381281249999 0.218178434375 0.575391871875 0.24180593125 0.5737317296875 0.23960888749999998 0.56673545625 0.224417034375 0.5603757921875 0.217257646875 0.5542257828125 0.193874590625 0.54873653125 0.1802511515625 0.54816410625 0.17135194843749998 0.5483655125 0.165126009375 0.5523230015625 0.166065790625 0.5569012046874999
0 0.1575605015625 0.6257432578125 0.1673994875 0.630120053125 0.19078254375 0.6356093046875 0.2025931265625 0.6375438828125 0.23205604375000002 0.629097121875 0.2277286609375 0.625623128125 0.20119611874999999 0.6196179875000001 0.1656056265625 0.6148943203125 0.1548141953125 0.6169979125 0.15347123125 0.62064916875 0.1575605015625 0.6257432578125
0 0.15733211875 0.687645571875 0.1751178671875 0.69830135 0.20235841406250002 0.7049754921875 0.21976630468749997 0.7017435453124999 0.22118863906250003 0.697552259375 0.20356163125 0.685816415625 0.1736414859375 0.6809154875 0.162459534375 0.680189946875 0.1580464515625 0.6827852812499999 0.15733211875 0.687645571875
0 0.1538622125 0.7606306234375 0.1659045765625 0.7664743984375 0.1868461453125 0.77211676875 0.21054668125 0.7754458890625 0.22464634218750001 0.7727781203124999 0.22528130468750002 0.7684578625 0.208209890625 0.75294179375 0.1795470109375 0.7504589375 0.15599887968749998 0.75157904375 0.1522144296875 0.755383415625 0.1538622125 0.7606306234375
0 0.177242334375 0.8374606828125 0.1955106375 0.839346971875 0.20717514062500003 0.831303021875 0.19718374375 0.822476996875 0.1842746390625 0.8170442796874999 0.15813894687500002 0.8083389796875 0.147115734375 0.8065333750000001 0.1436487640625 0.8081776171874999 0.1412803171875 0.813319996875 0.1493794890625 0.8240482078125 0.177242334375 0.8374606828125
0 0.1392327484375 0.8821137609375 0.14308390625 0.8888279484374999 0.162291990625 0.8952924359375001 0.19079613125 0.8988553578125 0.209308875 0.8935922515625 0.2053783453125 0.8874180984375 0.19325661249999998 0.882114353125 0.161053721875 0.876286478125 0.1506591421875 0.8756899078125 0.143804571875 0.878438359375 0.1392327484375 0.8821137609375
0 0.6142967671874999 0.7165947734375 0.6232023046874999 0.7108640703125 0.6280059078125 0.7110978703125 0.62919013125 0.7085266796874999 0.6202178859374999 0.7037388234375 0.59864135625 0.7024167125 0.595717315625 0.71133931875 0.6048483 0.7150471109375001 0.6142967671874999 0.7165947734375
0 0.316646753125 0.3443151515625 0.3282985953125 0.34732979375 0.35979348437500003 0.35248866562500003 0.3815350859375 0.347201415625 0.3935044125 0.3480559296875 0.36485419218750004 0.3345144828125 0.352414978125 0.33137086875 0.31934534375 0.3259540515625 0.3066616875 0.32995982968750004 0.3036646078125 0.333893171875 0.306179134375 0.3387293203125 0.316646753125 0.3443151515625
0 0.46893000625000003 0.2957057765625 0.4925511734375 0.2995749328125 0.5075842859375 0.307014659375 0.511521146875 0.3076595203125 0.5132609625 0.3013081015625 0.519804384375 0.29519048593749997 0.531938778125 0.2894356375 0.544854215625 0.28933905625 0.517461259375 0.27821568281250003 0.48753478437500003 0.27884404687500003 0.4798991734375 0.27593423281249996 0.4577670484375 0.27839235 0.4572051234375 0.287701871875 0.46893000625000003 0.2957057765625
0 0.45837375312499995 0.36753008125000003 0.48632230156249995 0.37487322968750003 0.5101879109375 0.371592990625 0.5131056187499999 0.3681996796875 0.5111403546875 0.3651126015625 0.48941774374999997 0.3538119671875 0.472565446875 0.3532636859375 0.4617866765625 0.3443086890625 0.45831970625 0.34595293125 0.4521001 0.3443811234375 0.44879186875 0.34494530156250003 0.439959371875 0.35566526718749997 0.45837375312499995 0.36753008125000003
0 0.6427201515625 0.30924076093749997 0.64633953125 0.31204575 0.69405175625 0.32207315937500003 0.7019191453125 0.3288921765625 0.7090054968749999 0.330052921875 0.701058734375 0.323773940625 0.7009063249999999 0.319324709375 0.7117771281249999 0.316681084375 0.71634895 0.313005684375 0.7010046890625 0.302196790625 0.689663996875 0.30255131562500004 0.6700590609375 0.29878698593749997 0.64973979375 0.29988295 0.6434344828125 0.30438047031250004 0.6427201515625 0.30924076093749997
0 0.5831213703125 0.36363032031250003 0.581149775 0.3660725375 0.5927952859375 0.3746164765625 0.623899653125 0.37694621562499997 0.6292461859375 0.3844583765625 0.6449142609375 0.3875778453125 0.6483018609375 0.3864736375 0.6623951906250001 0.3893351609375 0.6875974328125001 0.3879329640625 0.6998905703125 0.3810980515625 0.6916263265625 0.37697919999999996 0.65651205625 0.3690153390625 0.643914103125 0.3669517890625 0.6236742046875 0.3675077203125 0.6088728734375 0.363977190625 0.598710075 0.3672898203125 0.5914649828125 0.3672091375 0.5831213703125 0.36363032031250003
0 0.795317953125 0.3298120671875 0.8000358546875 0.33611519218749997 0.8060173515625 0.339307096875 0.8237363921874999 0.339444315625 0.8533390546874999 0.346505375 0.87712529375 0.34376516874999996 0.88358934375 0.3381875828125 0.89012643125 0.337599259375 0.862184215625 0.3247268171875 0.8334419640625 0.32278399375 0.8195867437500001 0.31830237031249997 0.81430691875 0.3213087671875 0.8029662265624999 0.321663290625 0.795317953125 0.3298120671875
0 0.8016807046875 0.4127032078125 0.8208094171875 0.41970772968750003 0.84238595 0.421029840625 0.8564856093750001 0.41836207031250006 0.870029678125 0.41947452656250006 0.8703471593750001 0.41731439843749996 0.8609843921874999 0.4096974078125 0.8675278140625 0.403579790625 0.879106615625 0.4016051671875 0.80304899375 0.3869347703125 0.7883080390625 0.3994520953125 0.7894065609375 0.402950234375 0.8016807046875 0.4127032078125
0 0.7661856421875 0.462192428125 0.7674365734374999 0.47013979843750003 0.7834157984375001 0.4766284328125 0.78900044375 0.4825205 0.8071957062499999 0.47941752343750005 0.8327821390624999 0.4863737546875 0.8622450531249999 0.47792699218749995 0.8351759109374999 0.45911419374999995 0.813837490625 0.45617198593749997 0.7977725640625 0.4557526796875 0.770678096875 0.4590570625 0.7661856421875 0.462192428125
0 0.7756375046875 0.5295516046875 0.78051415 0.5347746671875 0.797598225 0.5392321453125 0.8193208359374999 0.5505327796875 0.8446754875 0.5535798125 0.8406655875 0.5479456921875 0.84256414375 0.5405142109375001 0.8314742265625 0.5281900453125 0.8165935234375 0.52519955 0.8015604109375 0.5177598203125 0.788644975 0.5178564015625 0.7787202859375 0.5195489328125 0.7749358359375 0.5233533046875001 0.7756375046875 0.5295516046875
0 0.806894284375 0.536330575 0.8076086171875 0.531470284375 0.8052528328124999 0.5255540734374999 0.80036985625 0.52586030625 0.7928803249999999 0.5329290171875 0.8009064562500001 0.538667965625 0.806894284375 0.536330575
0 0.7646843984375 0.6040760703125 0.7690911515625001 0.60701003125 0.8094789140625 0.6174967921875 0.8453868859375 0.6200603328125001 0.8415886406249999 0.6129861234375 0.843434284375 0.6059146625 0.8408403874999999 0.6016185484375 0.8231276781249999 0.595952034375 0.792340790625 0.5914621671875 0.79100415625 0.589584125 0.7810001 0.5918166890625 0.770843628125 0.5896000234375001 0.76406843125 0.5918084453125 0.7616999812499999 0.596950825 0.7646843984375 0.6040760703125
0 0.453980125 0.49068985 0.47617895624999995 0.49875029531250004 0.4821541234375 0.5074714921875 0.48971036406249996 0.510921340625 0.49435522656249997 0.512235203125 0.51585871875 0.5085680515625 0.5285487062499999 0.4990329765625 0.5289455578125 0.4963328140625 0.5246181765625 0.4928588203125 0.5075340984375 0.48840134375 0.4904563515625 0.47841457187499997 0.472578571875 0.47935741875 0.46258084374999997 0.47606068593749995 0.4490304421875 0.48047752499999996 0.44768747812500004 0.48412878125000003 0.453980125 0.49068985
0 0.45784101250000003 0.55768625625 0.473112234375 0.5635058875000001 0.4894883109375 0.5672943593750001 0.5097282078125 0.5667384281250001 0.5124078062499999 0.5649652140625 0.50800105625 0.5620312546874999 0.513439621875 0.5579447937500001 0.5214720828125 0.5581544484375 0.4553454796875 0.5362622234375001 0.443455528125 0.534867678125 0.43722958749999996 0.5388251656249999 0.43706451562500004 0.5454345265625 0.45784101250000003 0.55768625625
0 0.43902298906250004 0.4168985765625 0.44012150937500005 0.42039671562500003 0.44743963906250006 0.42546666093749996 0.4681430984375 0.4327291265625 0.488303625 0.4327132265625 0.5168204281250001 0.4252175578125 0.5022572078125 0.42006693124999994 0.4863636859375 0.40750896875000003 0.47919796249999996 0.4068882546875 0.46871768437499994 0.4123610140625 0.443753553125 0.4121431125 0.43902298906250004 0.4168985765625
0 0.6689356765625 0.45455835 0.683273446875 0.450270484375 0.6954808828125 0.4495049015625 0.6984779624999999 0.4455715578125 0.6639679796875 0.43715364375 0.6573821984375 0.43441579218750004 0.652115034375 0.42636359687500003 0.640999790625 0.43615661250000004 0.6136672109375 0.44108109375 0.6068856796875 0.4488188078125 0.6261731359375 0.454743265625 0.6689356765625 0.45455835
0 0.254742603125 0 0.2593103375 0.004762578125 0.283480765625 0.0103808015625 0.3304119484375 0.014749945312500002 0.3354536640625 0.0133636453125 0.3360886265625 0.0090433875 0.313969165625 0.000442915625 0.31350043125 0 0.254742603125 0
0 0.27905841875 0.08984624062499999 0.3053591828125 0.09194218125 0.3114263796875 0.08906475781249999 0.31482031093749996 0.082431253125 0.3290787125 0.07868341875 0.3153028640625 0.0736617640625 0.3043653546875 0.06578683125 0.274756359375 0.064255065625 0.27185764375 0.051060492187499994 0.2583802859375 0.06046659375 0.24585536718749998 0.0633923078125 0.244194921875 0.06920369062500001 0.24741745 0.0747088421875 0.27905841875 0.08984624062499999
0 0.37206330625 0.0221254859375 0.4189818265625 0.03755321875 0.431348003125 0.0357075703125 0.44977504531249995 0.03651379375 0.448047890625 0.031806617187500004 0.43120825468749996 0.02019975 0.4042121515625 0.006376214062500001 0.37539052968750003 0.0049734203125 0.36585636093749996 0.0094950875 0.36561191875 0.016644478125 0.37206330625 0.0221254859375
0 0.522841921875 0.0495882390625 0.5558321859375 0.0555450875 0.5747354484375 0.053111115625000004 0.587254034375 0.055714696875000004 0.5940355640625 0.0479769828125 0.57781823125 0.0431084453125 0.5582196265625 0.033814821875 0.537668578125 0.0310015859375 0.515549115625 0.0224011109375 0.5066499109375 0.02260251875 0.5003446015625 0.027100040625 0.49907467656250004 0.035740557812500004 0.522841921875 0.0495882390625
0 0.6602542015624999 0.058270584375000004 0.6697757078125 0.0648075078125 0.6846564093749999 0.06779800625 0.7039375328124999 0.079251759375 0.7141066625 0.07040983437500001 0.7389914234375 0.071167765625 0.742623465625 0.0629141640625 0.7334924796875 0.0592063734375 0.720748446875 0.0471642984375 0.7037374078124999 0.0476960828125 0.685627846875 0.04472973125 0.672639371875 0.039837046875 0.6649180593749999 0.0429965609375 0.6471990171875001 0.04285934375 0.6602542015624999 0.058270584375000004
0 0.8369240671875 0.10158803125 0.8398291125 0.109253309375 0.841410190625 0.1039819578125 0.8519635109375001 0.10349846250000001 0.8649456546875 0.1139204421875 0.8743147515624999 0.11600813437499999 0.88384891875 0.1114864703125 0.8993645828125001 0.1101567078125 0.9038570375000001 0.10702134062499999 0.9029172546875 0.1024431390625 0.8913908015625 0.0930891515625 0.89183366875 0.084589678125 0.8739558859375001 0.085532525 0.8480519734374999 0.08073642187499999 0.8300948234375 0.0822193 0.8198399890625 0.09713055468750001 0.8369240671875 0.10158803125
0 0.8179448296875 0.170373546875 0.81557638125 0.17551592656249998 0.8273806328125 0.1829798 0.8469855687500001 0.18674412812500002 0.8827348 0.1903877296875 0.9029746984375 0.1898318 0.9074671515625001 0.18669643281249998 0.8952660484375 0.181932721875 0.8867700265625 0.173904671875 0.8733116578125 0.1667228875 0.8704859828125 0.15851757500000002 0.850404825 0.1579934421875 0.8236278390624999 0.1591376953125 0.81519219375 0.1671574984375 0.8179448296875 0.170373546875
0 0.8209136499999999 0.25989819375 0.84247751875 0.2722788953125 0.8525609484375 0.269506296875 0.8640540515625 0.27360100625 0.8786299328125 0.267693040625 0.891466 0.2681364921875 0.9165158328125 0.262285065625 0.8959711140625 0.2539425359375 0.8857416078125 0.2467366046875 0.8638475937500001 0.247574625 0.8539292375 0.2437378609375 0.8252600265625001 0.24678429999999998 0.8177704921875 0.2538530109375 0.8209136499999999 0.25989819375
0 0.666728440625 0.2501275375 0.678704096875 0.2454527546875 0.7133548046875 0.24559821875 0.7320929984375 0.2497736078125 0.7435193921875001 0.24334975781249998 0.713294428125 0.22955036718750002 0.6860475515625 0.2284055171875 0.673528965625 0.2258019359375 0.6523429546874999 0.2273089578125 0.6454820546875 0.23558670781250002 0.666728440625 0.2501275375
0 0.6470787265625 0.14791595468750002 0.6574669734375 0.1540418203125 0.69227009375 0.1586365171875 0.7043124546875 0.1644802921875 0.706992053125 0.16270707812500002 0.7061316421875 0.15758884374999999 0.7244856468750001 0.15340580312500002 0.7292162109375 0.1486503375 0.7088302343749999 0.139227740625 0.68158335625 0.1380828953125 0.6763955640625 0.1294906671875 0.671512590625 0.1297969015625 0.6703283671875 0.132368090625 0.6452722015625 0.1437488140625 0.6470787265625 0.14791595468750002
0 0.479282740625 0.126514284375 0.5064439187499999 0.133728459375 0.5173020562499999 0.142143425 0.5228930328125 0.1425061953125 0.53234783125 0.1385245625 0.5537656203125 0.1409267359375 0.55518795625 0.13673545 0.5480285671875 0.130585440625 0.5463807828125 0.125338234375 0.55709284375 0.1237746734375 0.5314333734375001 0.11182917968749999 0.5226135375000001 0.11149055156250001 0.5132381109375 0.1149321546875 0.4922965421875 0.109289784375 0.478355621875 0.110877490625 0.47448546875000003 0.12075119062499999 0.479282740625 0.126514284375
0 0.3650470609375 0.097294809375 0.3857441875 0.110086571875 0.412435471875 0.11501164531250001 0.42007741562499995 0.11239216406250001 0.4337008546875 0.112964590625 0.43252929218749997 0.10447718749999998 0.4188328140625 0.0989155015625 0.41482924531250004 0.087752084375 0.3974276859375 0.0854547359375 0.3663963578125 0.0881142609375 0.36324053749999996 0.09312766875 0.3650470609375 0.097294809375
0 0.35690696875 0.191083178125 0.40517478437500004 0.1973303625 0.4117849140625 0.20173130625 0.41422007031249997 0.2071074828125 0.42201442031249997 0.208937234375 0.41903000468749996 0.2018119859375 0.42423045937500004 0.1993456234375 0.4247860515625 0.1955653953125 0.4136898015625 0.188770528125 0.4018918796875 0.17577736093750002 0.38740169999999996 0.1756159953125 0.36937150937499996 0.1721096125 0.3588181890625 0.17259310625 0.3536177328125 0.1750594703125 0.35690696875 0.191083178125
0 0.47256498437500005 0.216111365625 0.5003547921875 0.22453457812500002 0.5208264687499999 0.227887846875 0.5306654578125001 0.23226464062500002 0.5442888953125 0.23283706718750002 0.5488607187500001 0.2291616640625 0.5495750515625 0.22430137499999997 0.5349324625 0.2196907796875 0.5255696953125 0.21207378906250002 0.4995133734375 0.2028284578125 0.473530090625 0.1985723875 0.46659615 0.2018608703125 0.4650150734375 0.20713222187500002 0.47256498437500005 0.216111365625
0 0.3407724 0.2514861234375 0.3473031578125 0.25642709531249996 0.35761836874999997 0.2575636953125 0.36572386875 0.2627626125 0.3820205765625 0.26709111874999997 0.4124899796875 0.2737411171875 0.4166649515625 0.2727658796875 0.4080165203125 0.260288596875 0.39558363750000003 0.2516156875 0.3759850328125 0.24232206406249998 0.352992496875 0.239661946875 0.34480129531250003 0.2405323578125 0.33849598593749997 0.24502987968749998 0.3407724 0.2514861234375