0 0.9621306531249999 0.110851721875 0.944447284375 0.1733372953125 0.9474031390625001 0.174866734375 0.949849284375 0.169143615625 0.955289540625 0.168027340625 0.9622206609375 0.1855913375 0.966405778125 0.1678823671875 0.9758336796875 0.150046946875 0.9756424015625 0.1346599265625 0.9784452312499999 0.123879746875 0.9723422453125 0.10543384375 0.9656406609375001 0.10633427656250001 0.9621306531249999 0.110851721875
0 0.8833357359375 0.11836849218750001 0.8785582109375 0.1390469453125 0.8840243421875 0.173761771875 0.893885440625 0.1570241046875 0.902574103125 0.1134716984375 0.8996244375 0.0955654109375 0.8896485734375 0.10307086562500001 0.8833357359375 0.11836849218750001
0 0.8167333812500001 0.128467178125 0.8157015859375001 0.1467157609375 0.8307165796874999 0.156450534375 0.8390806234375001 0.13740944375 0.8438519578125 0.133107840625 0.843737190625 0.1238756265625 0.8395706437499999 0.092454046875 0.8309770640625 0.09303070937499999 0.8167333812500001 0.128467178125
0 0.7742561171875 0.05875748125 0.7680642390625 0.066910471875 0.7525085890625001 0.1318073875 0.7542413703124999 0.13619838906249998 0.7582228265625 0.13585609375000002 0.7650453703125 0.127811028125 0.7746707421875 0.10898578125 0.7835506828125001 0.0808204 0.7840665796875 0.07169610781249999 0.7839518125 0.0624638953125 0.7803270375 0.0577491296875 0.7742561171875 0.05875748125
0 0.6944677609375 0.069670571875 0.6839315499999999 0.0995997640625 0.6825492640624999 0.10652855624999999 0.6868429593750001 0.11442864999999999 0.6880980984375 0.13102134375000002 0.693302628125 0.1278174921875 0.6959017984375 0.1344039890625 0.702138121875 0.1129515546875 0.7085781078125 0.07413244218750001 0.7067305578124999 0.0605092296875 0.7006596390625 0.061517584375 0.6944677609375 0.069670571875
0 0.627337140625 0.069442665625 0.621253840625 0.10320471875 0.6272803140625001 0.11549581093750001 0.6267644171875 0.124620103125 0.639230875 0.09809208281250001 0.6432247125 0.0649960890625 0.6403898171875 0.0563220140625 0.6345163656249999 0.05634053906249999 0.627337140625 0.069442665625
0 0.5490840953125 0.08573658281249999 0.558811853125 0.1088972515625 0.5655961421875 0.09777477968750001 0.570800671875 0.094570928125 0.56954553125 0.0779782328125 0.5736923921875 0.05719185624999999 0.5638374859375 0.057552675 0.5563015765625 0.0757118609375 0.5490840953125 0.08573658281249999
0 0.49694878124999997 0.043035496875 0.4906359453125 0.0583331234375 0.4798319453125 0.06672048281250001 0.48183870625 0.07627646406250001 0.4808451671875 0.0976024515625 0.49401261406249997 0.0937140125 0.5006376875 0.086658771875 0.5039564140625 0.06675430156249999 0.5068036890625 0.042674678125 0.501720115625 0.03873389375 0.49694878124999997 0.043035496875
0 0.42639085625 0.037102996875 0.41644705625 0.0640627078125 0.41119189218749996 0.0969428546875 0.426888184375 0.07710925625000001 0.437940290625 0.038055771875 0.4366024484375 0.031685118750000005 0.432187796875 0.0309296625 0.42639085625 0.037102996875
0 0.364330778125 0.032657399999999996 0.3535970984375 0.06357641875 0.3512274640625 0.0754543484375 0.35331692812500004 0.0747882875 0.3594581703125 0.09631159218749999 0.3634458171875 0.07959245000000001 0.375912275 0.05306442812499999 0.37844112343749997 0.0371192703125 0.3758036984375 0.027455365625 0.369891990625 0.0243964875 0.364330778125 0.032657399999999996
0 0.6553491015625 0.2134484375 0.6586171921874999 0.2232202640625 0.65994884375 0.24596776718750002 0.6681857375 0.2504481625 0.6680265249999999 0.25451539375 0.6763140578125 0.2293194953125 0.682792296875 0.1935777890625 0.6820468640625 0.1842376515625 0.672389425 0.1836086421875 0.6553491015625 0.2134484375
0 0.5961240703125 0.216092459375 0.59860228125 0.22982359687499998 0.6049471843750001 0.233980225 0.6064504296875 0.219906796875 0.6171841078125 0.188987778125 0.6145084265625 0.17624647031250001 0.6087941875 0.1721977640625 0.60548165 0.17572538437500002 0.5961240703125 0.216092459375
0 0.5397270125 0.16860029062499998 0.5278147078125001 0.1890814234375 0.52958574375 0.1965498265625 0.52611399375 0.20414468125 0.5206613578125 0.2380146546875 0.5248785390624999 0.23975993906249998 0.5279553515625001 0.23414474218749998 0.5317393390625 0.23479227656249999 0.5330771796875 0.24116292968750003 0.5423841265625 0.2304721484375 0.54842298125 0.210009540625 0.54500805625 0.1715512484375 0.5432752765625 0.1671602484375 0.5397270125 0.16860029062499998
0 0.4660793984375 0.15854005625 0.4595308359375 0.17175010625 0.4523071640625 0.198151678125 0.453600559375 0.21782177812499998 0.46089455468749996 0.213951865625 0.47327830937500004 0.1976458875 0.479125884375 0.16179625625 0.47838045312500005 0.1524561203125 0.47479393593749997 0.150818759375 0.4660793984375 0.15854005625
0 0.3891703828125 0.1648277796875 0.38703028281249996 0.195170134375 0.39124746718750003 0.19691541875000002 0.40035694062499994 0.1872144625 0.40852970468749994 0.1527863515625 0.40758680312499995 0.1444360421875 0.4021082921875 0.14247491406249999 0.3891703828125 0.1648277796875
0 0.3312448203125 0.15441980625 0.32602171874999997 0.20675420937500003 0.341998184375 0.17570874218750002 0.34871215 0.1420546125 0.3458772546875 0.13338053593750002 0.341895796875 0.133722828125 0.3312448203125 0.15441980625
0 0.31010665312499996 0.031534546875 0.30127115937500004 0.046400484375 0.302169615625 0.0680502375 0.3047687859375 0.07463673750000001 0.309578378125 0.0734125390625 0.3196752015625 0.058762446875 0.326153440625 0.0230207390625 0.3233185453125 0.0143466625 0.3161837640625 0.0141493453125 0.31010665312499996 0.031534546875
0 0.2937931921875 0.119845028125 0.285632809375 0.12151944218749999 0.2778611734375 0.13759105 0.2656748875 0.15290720156249998 0.27078433749999997 0.1926790890625 0.2800530265625 0.178910903125 0.28197708593750004 0.198688925 0.28671635625 0.17493306875 0.29204184375 0.164584578125 0.2931501484375 0.15249080625 0.292092478125 0.1349082828125 0.2948953078125 0.12412810468749999 0.2937931921875 0.119845028125
0 0.5087176015625 0.297883409375 0.5049656812500001 0.31669012812499997 0.4986528453125 0.331987753125 0.507711684375 0.35196309531250003 0.5106675375 0.35349253593749996 0.5182417015625 0.338410753125 0.5228217578125001 0.318722128125 0.522394753125 0.3012475296875 0.51892919375 0.29246553125 0.5087176015625 0.297883409375
0 0.43836333906249997 0.27458422968749996 0.430662025 0.313187496875 0.4343188640625 0.33735651875 0.4441034515625 0.314464040625 0.44853048281249996 0.28246579843749997 0.4490463796875 0.2733415078125 0.44691865937499997 0.2709301625 0.43836333906249997 0.27458422968749996
0 0.366658853125 0.2776681 0.36361410781250003 0.30273755156250004 0.3637609421875 0.33142401875 0.37752698281249997 0.3081892484375 0.38384601093750004 0.276514771875 0.38219593125 0.2619017328125 0.37900435312499997 0.258284715625 0.366658853125 0.2776681
0 0.30410210000000004 0.27412841875 0.295808378125 0.31570116718749996 0.2980570546875 0.310967875 0.3043637 0.3120470984375 0.30483515156249996 0.31622225312499996 0.3134731765625 0.3023461453125 0.321359578125 0.29550675000000004 0.3244043234375 0.2704372984375 0.3237033375 0.24779771718750002 0.3173584359375 0.2436410875 0.30410210000000004 0.27412841875
0 0.24927872343750002 0.2514397234375 0.24126517500000003 0.28180060625 0.2374305515625 0.31082936562499996 0.2432657453125 0.307733434375 0.256006184375 0.286370396875 0.266427625 0.24720899218749998 0.2660771328125 0.23588920156249998 0.2616242234375 0.23205634062499997 0.24927872343750002 0.2514397234375
0 0.2452309015625 0.0101964984375 0.23907727968749998 0.021426892187499998 0.231496925 0.052885523437500005 0.23566966250000002 0.06793025312499999 0.2516781921875 0.056339040625 0.2540540171875 0.0280842609375 0.252760621875 0.008414162499999999 0.24917410312500002 0.0067768015624999995 0.2452309015625 0.0101964984375
0 0.7945757062500001 0.5044382171875 0.7839691765625 0.5118357484375 0.7869570953125 0.53281944375 0.782848490625 0.5566832234375 0.78828255625 0.5719437984375 0.7929773796874999 0.5614873874999999 0.8006663140624999 0.55563781875 0.8057943328125001 0.5462791578124999 0.8063929312499999 0.5269328234375 0.810890284375 0.517466240625 0.8062078406250001 0.49516895312500003 0.7988755921874999 0.49596145937499997 0.7945757062500001 0.5044382171875
0 0.7220560640625 0.50021725625 0.7151508203125 0.5184843640625 0.7205083734375 0.5275901296875001 0.7212476156250001 0.5533071171875 0.7340263124999999 0.5350214828125 0.7401416796875 0.520713684375 0.7445242640624999 0.5020148875 0.7413388750000001 0.4820210203125 0.7364910296875 0.48016781406250003 0.732350359375 0.48457733750000004 0.7220560640625 0.50021725625
0 0.6552112921875 0.48210858593749994 0.645223046875 0.522367740625 0.6542115640625 0.5198114234375 0.6552692343750001 0.5373939437499999 0.664181240625 0.5286828171875 0.6701818390625001 0.5051428046875001 0.6776350453125 0.49720566093749996 0.6806353453125 0.485435653125 0.6839478812500001 0.48190803437499996 0.684304565625 0.47685097499999995 0.6781571328125 0.4717045203125 0.6788705 0.46159040156250003 0.674220121875 0.458747365625 0.6690155921875001 0.46195121875 0.6552112921875 0.48210858593749994
0 0.5981397546875 0.4544452296875 0.5930820578125 0.48633555 0.5963501499999999 0.4961073765625 0.5962230015625 0.5196288625000001 0.5991405984375 0.5180808984375 0.6099125328125 0.49023928437500003 0.6140211375 0.466375503125 0.6143457546875 0.44186418906249997 0.6067395234374999 0.43749171562500005 0.5981397546875 0.4544452296875
0 0.5377484421875 0.4318273421875 0.53451241875 0.441509771875 0.5330412390625 0.475037453125 0.5355638968750001 0.4754691421875 0.54787114375 0.453008353125 0.555993271875 0.4482565390625 0.5624715109375 0.41251482812500007 0.5583752859375 0.40362490781249993 0.5521068953125 0.4056230890625 0.5377484421875 0.4318273421875
0 0.4787528640625 0.41866087343749997 0.46068074843750006 0.46674925 0.46178286249999995 0.4710323265625 0.46359834375000003 0.4652012859375 0.469828478125 0.4601257 0.4745553671875 0.46912354218749996 0.48216778906249996 0.4571191671875 0.4892705046875 0.43786223125 0.4941689875 0.4100391421875 0.4865244984375 0.4025892640625 0.48029436406250003 0.40766485 0.4787528640625 0.41866087343749997
0 0.41620849218749995 0.382367490625 0.40287564218750005 0.4067000125 0.399282934375 0.4214395015625 0.3978944578125 0.4447451421875 0.4099918515625 0.45602788125 0.41480144374999994 0.45480368281250005 0.4191075203125 0.4299500765625 0.422629903125 0.3926789296875 0.4204256734375 0.384112775 0.41620849218749995 0.382367490625
0 0.346676171875 0.3745632578125 0.3451346703125 0.38555928281249996 0.33499340312500003 0.41350881875 0.3396820359375 0.4194292578125 0.3398350578125 0.431738875 0.347638759375 0.4351215234375 0.3560410578125 0.4191578359375 0.3577800265625 0.407171984375 0.3598818734375 0.37375222343750003 0.3510143109375 0.3691639078125 0.346676171875 0.3745632578125
0 0.267671503125 0.39789389062499997 0.27743751875 0.4241319625 0.2828777734375 0.42301568906250003 0.292503146875 0.40419044218750005 0.29444577656250004 0.3748379140625 0.2930314234375 0.3623124484375 0.28692224843749997 0.36024339843750003 0.267671503125 0.39789389062499997
0 0.209573846875 0.381810221875 0.20412121249999998 0.4156801953125 0.20659942187500002 0.42941133125000003 0.2096762328125 0.42379613281250006 0.21886222187499998 0.4202499890625 0.2216206046875 0.42276925312499997 0.2285258515625 0.40450214687499997 0.23532251718750002 0.3606259765625 0.23347496875 0.3470027625 0.22653765781250002 0.3458156171875 0.209573846875 0.381810221875
0 0.4481574640625 0.5393304156250001 0.44346264062499996 0.5497868265625 0.43723250625 0.5548624109375 0.4383346203125 0.5591454890625001 0.4311109484375 0.5855470609375 0.4327548375 0.6165369515625 0.4371694875 0.6172924078124999 0.4444252265625 0.610345090625 0.45556003437500003 0.561069565625 0.45576369375 0.5437028890625 0.45336199375 0.5361265625 0.4481574640625 0.5393304156250001
0 0.36520959375 0.56608074375 0.3643370125 0.5802620953125001 0.3685480046875 0.598384228125 0.383696334375 0.5682206671875 0.39307979375 0.56368469375 0.3955259390625 0.557961575 0.386982996875 0.5288619437500001 0.3792175515625 0.5285567015625 0.36520959375 0.56608074375
0 0.3166669875 0.5086401687500001 0.307277340625 0.52955299375 0.3052581984375 0.5527507109375 0.3111637171875 0.572186440625 0.30946300312499997 0.58724969375 0.316642228125 0.5741475687500001 0.31959808125 0.575677009375 0.322044228125 0.5699538890625 0.326152834375 0.546090109375 0.3257320171875 0.5122386609375 0.3214765796875 0.507415971875 0.3166669875 0.5086401687500001
0 0.257932478125 0.5088254265625001 0.2502756109375 0.53412925 0.2456511109375 0.56711731875 0.25882474375000003 0.54685203125 0.2688512453125 0.50967028125 0.26711846562499997 0.50527928125 0.26207314843749996 0.5044159015624999 0.257932478125 0.5088254265625001
0 0.1949042734375 0.501110590625 0.185438115625 0.51586860625 0.1764816609375 0.5378791781250001 0.17292721093750002 0.5556960703125 0.20182920312500002 0.5350514375000001 0.2082309328125 0.49315492031249997 0.2060267 0.48458876718750005 0.19747137812499999 0.488242834375 0.1949042734375 0.501110590625
0 0.400069971875 0.7378725515625 0.39501846406249996 0.753386025 0.3946938484375 0.7778973390624999 0.4011917734375 0.7943635828125 0.4186270375 0.762544134375 0.421480503125 0.722087659375 0.41825066718750004 0.7153932375000001 0.41237721718750003 0.7154117656250001 0.400069971875 0.7378725515625
0 0.3376848109375 0.6975119390625 0.33432782968749997 0.7143390046875 0.326123 0.7293128656250001 0.32395083593749996 0.7402009640625 0.3244481625 0.7802072234375 0.335455821875 0.7544531859375 0.344367828125 0.745742059375 0.35076955625 0.7038455406249999 0.34939345781250003 0.694397484375 0.34119481875 0.6929944921875 0.3376848109375 0.6975119390625
0 0.273236065625 0.693648490625 0.27086642968749997 0.70552641875 0.2610435875 0.72534149375 0.2535014875 0.759877528125 0.2586677640625 0.7535962703125 0.2656815859375 0.7609382265625 0.270491178125 0.759714028125 0.281142153125 0.73901705 0.2865182765625 0.698992265625 0.2834476578125 0.6882306140625001 0.279033003125 0.68747515625 0.273236065625 0.693648490625
0 0.1971934390625 0.7021317125000001 0.196320859375 0.7163130625 0.1888997171875 0.7437044609375 0.19118046093750002 0.758425425 0.2032457890625 0.7502539078125 0.20916368593749998 0.7369359375 0.2185471453125 0.7323999625 0.21859778125 0.70272366875 0.21761662187500003 0.6912959546875 0.21336118437499998 0.6864732671875 0.1971934390625 0.7021317125000001
0 0.13498717968750001 0.7099118203125 0.13123525625000002 0.7287185421875 0.13244594999999998 0.75861068125 0.150199640625 0.7186567671875 0.158136678125 0.682141078125 0.152027503125 0.6800720250000001 0.1472561671875 0.684373628125 0.13498717968750001 0.7099118203125
0 0.697467640625 1 0.7022246953125 0.9789483171875 0.702154375 0.9564166593750001 0.6995552046875 0.9498301609375 0.6940766921875 0.94786903125 0.6901334921875 0.951288728125 0.6812152953124999 0.97637670625 0.677463375 0.9951834249999999 0.6773818312500001 1 0.697467640625 1
0 0.6045042953124999 1 0.6127079656250001 0.9943383578124999 0.6181926703125 0.9799226390625 0.6189504796875 0.9565090734374999 0.6221482484374999 0.943749240625 0.6171091234375 0.9265090109375 0.61182808125 0.9235580546875 0.6078848796874999 0.926977753125 0.6038207203125 0.9375420859375 0.59753995 0.9722939671875 0.59985895 0.9900923328125 0.6043520859375 1 0.6045042953124999 1
0 0.53540349375 0.9258341968750001 0.525975590625 0.9436696140624999 0.5286833390625 0.9758651765625 0.5336842093749999 0.990028 0.5402710265625 0.9798953562499999 0.5453225328125 0.9643818874999999 0.5483290234375 0.9362350312500001 0.5555526953125 0.9098334578125 0.546685134375 0.905245140625 0.5365117984375 0.9137404218749999 0.53540349375 0.9258341968750001
0 0.483733440625 0.9036851125 0.4767899421875 0.9188748171875 0.4701586765625 0.94230690625 0.4727134015625 0.9621928515624999 0.4687257546875 0.9789119921875 0.4839505984375 0.954903240625 0.49250591874999994 0.9512491734375 0.491607465625 0.92959941875 0.4954358984375 0.9169475078125 0.49315515468750004 0.9022265453125 0.48830730625 0.9003733390624999 0.483733440625 0.9036851125
0 0.47646532343750003 0.9433861296874999 0.48044678125000007 0.9430438390625 0.4849823921875 0.936654659375 0.48530081718750007 0.9285201953125 0.480217246875 0.9245794109375 0.4741018796875 0.938887209375 0.47646532343750003 0.9433861296874999
0 0.42796097499999997 0.8890229625 0.4251964015625 0.90288054375 0.41501687656249997 0.9277526765624999 0.41851450156250003 0.9559889296874999 0.43547212343749997 0.936371175 0.4418294078125 0.907774103125 0.44030028593750004 0.8860164265625 0.4347835171875 0.8809778921874999 0.42796097499999997 0.8890229625
0 0.370614940625 0.8659025765624999 0.3634739734375 0.8820821078125001 0.3558874265625 0.9299175875 0.35939124218749996 0.941776990625 0.3743421046875 0.9126032578125001 0.3840181125 0.8641017156249999 0.3822853328125 0.8597107156250001 0.37660935 0.8587394140625 0.370614940625 0.8659025765624999
0 0.2871573640625 0.8854003468749999 0.286246528125 0.8965042921874999 0.2953436265625 0.9195570375000001 0.3070584609375 0.9000657328124999 0.30726211875 0.8826990546875001 0.311326278125 0.872134721875 0.3106635484375 0.85257254375 0.30498756718750003 0.8516012406250001 0.2871573640625 0.8854003468749999
0 0.22898319687500002 0.86316186875 0.22436488593749998 0.8797730874999999 0.22443520625 0.9023047468750001 0.23030865781249998 0.902286221875 0.23105409062499999 0.9116263578125 0.247228025 0.8795910640625 0.2487695265625 0.8685950390625001 0.24901762968750002 0.8379289171875 0.2418445953125 0.8346541921874999 0.22898319687500002 0.86316186875
0 0.156648046875 0.8661378125000001 0.1551386140625 0.8965880937499999 0.1573045890625 0.9020768406249999 0.1621141796875 0.9008526421875 0.173395821875 0.8802635875 0.18049234375 0.8773835 0.1808934734375 0.8590269968750001 0.177472359375 0.8369455531250001 0.17033757968750002 0.8367482328125 0.156648046875 0.8661378125000001
0 0.103640153125 0.837618078125 0.09412954999999999 0.8656755374999999 0.097786390625 0.8898445562499999 0.10637996875 0.8892678937499999 0.11316425625 0.878145421875 0.120432375 0.8384444046875 0.11921548906249999 0.824929115625 0.1143676421875 0.8230759078125001 0.103640153125 0.837618078125
0 0.8795548906249999 1 0.87950445 0.9990491015625 0.8653175937500001 0.988432421875 0.860546259375 0.9927340250000001 0.858384728125 1 0.8795548906249999 1
0 0.7926030125 1 0.792077796875 0.9861354640625001 0.787943315625 0.9741681390625001 0.7816366703125001 0.9730889156250001 0.7684630359375 0.9933542031249999 0.7683809296875 1 0.7926030125 1
0 0.9042900156250001 0.84053505625 0.8995569359375001 0.8479140624999999 0.8929256734375001 0.871346153125 0.891460684375 0.8884969843749999 0.8944486046875 0.909480678125 0.8978376515625 0.9121078671875 0.905131646875 0.90823795625 0.9123170625 0.878758978125 0.9125269109374999 0.8450154515625 0.9101634671875001 0.8405165296874999 0.9042900156250001 0.84053505625
0 0.9249089546875 0.7028040015625 0.9226861546875 0.743368396875 0.93636330625 0.74673251875 0.9412555984375001 0.7352862796874999 0.94500751875 0.716479559375 0.9438288921875 0.7060416734375 0.9457653328125 0.6930659968749999 0.9428921796875 0.681314515625 0.9346935421874999 0.6799115234374999 0.927711784375 0.6920238234375 0.9249089546875 0.7028040015625
0 0.9508798687500001 0.5629179484375 0.9467391984375 0.567327471875 0.9483830859375001 0.5983173609375 0.9538171515625 0.6135779359375 0.9615443406249999 0.6108057734375001 0.9693795890624999 0.594313178125 0.9702646312500001 0.58987685625 0.9670796781250001 0.56671375625 0.9702774484375001 0.5539539234374999 0.9638560343749999 0.5436424859375 0.9592439109375 0.54387685625 0.9546700453125 0.54718863125 0.9508798687500001 0.5629179484375
0 0.9729767593749999 0.4520539109375 0.9757289515625001 0.47095002656249996 0.9814071453125001 0.4679373953125 0.9841669843749999 0.4002060828125 0.981786378125 0.4013568703125 0.9789835484375 0.41213704843750004 0.9732248640625001 0.42138778749999994 0.9729767593749999 0.4520539109375
0 0.8734155687499999 0.5261186343750001 0.8707336968750001 0.5297541765625 0.8624017203125 0.568249521875 0.870320190625 0.5808643796874999 0.8804108218750001 0.5825911374999999 0.8845576828124999 0.5618047640625 0.8855956671874999 0.5271793312499999 0.8811427593750001 0.5233464703124999 0.8734155687499999 0.5261186343750001
0 0.9010613078124999 0.387542803125 0.8925380515624999 0.4106511234375 0.889773478125 0.42450870781249994 0.8922899453124999 0.441317246875 0.9006033531250001 0.45195245 0.9079417921875 0.43478309375 0.9117640359375001 0.43850803281250006 0.9149618046875 0.4257482 0.9146940140625001 0.40420636718749997 0.9185989593749999 0.397709265625 0.9189173859374999 0.3895748 0.9095783765625001 0.38081132812499996 0.9010613078124999 0.387542803125
0 0.8479735296875001 0.6486936640625001 0.8384308578124999 0.65729686875 0.8334879296875 0.6984194015625 0.8350108593750001 0.7365539296875 0.840056178125 0.7374173093749999 0.8434514156249999 0.7236676484375 0.8547713124999999 0.706155996875 0.8565102828125 0.6941701453125 0.8541530281249999 0.6732943734375 0.8559747 0.6510864828125 0.8479735296875001 0.6486936640625001
0 0.8096835375 0.8161565796874999 0.7995360781249999 0.8604829640625 0.806307984375 0.88211419375 0.8191952578125001 0.8894376218750001 0.8178191625 0.879989565625 0.8268903828124999 0.86721120625 0.8284701390625001 0.8592925875 0.824188825 0.8186387953125 0.8237173734375001 0.8144636406249999 0.8142574046875 0.8128448031250001 0.8096835375 0.8161565796874999
0 0.72170273125 0.8092898281249999 0.7140137984375 0.815139396875 0.7180211296875 0.85062820625 0.7117848062500001 0.8720806421875 0.7275576109374999 0.8584018515625 0.734819540625 0.835077684375 0.7406288578125 0.79615065 0.73018773125 0.7831041015625 0.720326634375 0.7998417703125 0.72170273125 0.8092898281249999
0 0.6462266375 0.7789724625 0.6407419359375 0.7933881828125 0.636703653125 0.8397836218749999 0.6488393046875001 0.854143765625 0.6529861640625 0.833357390625 0.6601271343749999 0.817177859375 0.6600568140624999 0.7946462015625 0.6647898921875 0.7872671953125 0.6610120953124999 0.770242809375 0.6557310515625 0.7672918546874999 0.6462266375 0.7789724625
0 0.5740321453125 0.77480714375 0.579268740625 0.7910575468750001 0.5780012218749999 0.80721855 0.5729879718750001 0.8258094249999999 0.5794155765625 0.8197440140625 0.5937740265625 0.7935397609375 0.6025268203125 0.788895865625 0.6024564984375 0.76636420625 0.5999400296874999 0.7495556671875 0.5940283234375 0.7464967890625 0.5740321453125 0.77480714375
0 0.5207564484375 0.776950159375 0.520737878125 0.826080709375 0.5532067031250001 0.754865484375 0.5514739234375 0.750474484375 0.5418609296875 0.7365460296874999 0.530031325 0.7468051234375 0.5207564484375 0.776950159375
0 0.4671763515625 0.7416953734375 0.4608697046875 0.7406161499999999 0.45751272343749994 0.757443215625 0.46192118437499996 0.774575521875 0.46190880468750006 0.807329221875 0.48044618281249996 0.7797928484375001 0.4862937578125 0.7439432171875 0.4846819359375 0.7324075828125001 0.480662221875 0.7296724703125 0.4671763515625 0.7416953734375
0 0.83425530625 0.36280358281249997 0.8251075734375 0.36942713125000004 0.817730878125 0.3835190859375 0.8123992 0.41024442499999997 0.8197252609375001 0.42582876562500005 0.8192858749999999 0.441107865625 0.8224774531250001 0.4447248828125 0.8311154796875 0.43084877343750005 0.8370778218750001 0.40423135625000006 0.8385045546875001 0.3840031203125 0.8363003234375 0.3754369671875 0.8378418234374999 0.36444094374999997 0.83425530625 0.36280358281249997
0 0.7619263468749999 0.34940267812500003 0.751702375 0.38757425625 0.7512629890625 0.40285335624999996 0.7565822875 0.4088817171875 0.756894525 0.4171241046875 0.7747629828125 0.3864024015625 0.7794639953125 0.35956914218749997 0.7739534203125 0.33815375937500003 0.76685689375 0.34103384375 0.7619263468749999 0.34940267812500003
0 0.693375184375 0.35302615937500004 0.68441873125 0.37503673125 0.6895343703125 0.3984317703125 0.6949363703125 0.3942380890625 0.7035361375 0.37728457656250003 0.7147474593750001 0.3341638609375 0.7058416421875 0.3264981375 0.6935405875 0.3325820765625 0.693375184375 0.35302615937500004
0 0.6334299796875 0.32331927656250004 0.6237601609375 0.355443965625 0.6240724 0.363686353125 0.637386678125 0.38848438125 0.645234825 0.3785675828125 0.648992934375 0.3433840125 0.64726015625 0.33899301406250004 0.6504961796875001 0.329310584375 0.6467566390624999 0.3153636046875 0.6396218578124999 0.3151662859375 0.6334299796875 0.32331927656250004
0 0.57398829375 0.317241803125 0.566726365625 0.34056596875 0.5640383046874999 0.3605783609375 0.5654144 0.3700264203125 0.5832001578125 0.349526759375 0.588334365625 0.32379125000000003 0.5883023 0.3043369953125 0.583651921875 0.30149396093749997 0.57398829375 0.317241803125
0 0.7589992249999999 0.645223175 0.74980705 0.6651461703125 0.75394153125 0.677113496875 0.7570824734375 0.7104068078125 0.7742055 0.670344971875 0.77578525625 0.662426353125 0.773109575 0.6496850453125 0.7760716171875 0.634837634375 0.773434190625 0.6251737312500001 0.7608591546875 0.6260926875 0.7589992249999999 0.645223175
0 0.678560478125 0.6217501140625 0.679579890625 0.63625523125 0.6761846515625 0.6500048921875 0.67522936875 0.674408284375 0.6812558453124999 0.6866993765625 0.6879636203125 0.669422096875 0.6975828015625 0.6669737 0.7052014125 0.6385924734375 0.7007929500000001 0.6214601656250001 0.70505458125 0.60990600625 0.6982382281249999 0.6015742234375 0.6923647749999999 0.601592746875 0.678560478125 0.6217501140625
0 0.6312797328124999 0.5890923406249999 0.6299295125000001 0.6154753859375 0.625941865625 0.6321945296875 0.6283756328125001 0.659225109375 0.638033071875 0.6598541171875001 0.6416257796875 0.6451146296875 0.646753796875 0.6357559687500001 0.6489704093750001 0.611568421875 0.6458677203125001 0.5813525140625 0.6377073375 0.5830269265625 0.6312797328124999 0.5890923406249999
0 0.5596005265625 0.603440346875 0.5630537078125 0.6449760437500001 0.5698762515625 0.6369309765625 0.5780428234375 0.6188797140625 0.588069325 0.5816979640625 0.58350165 0.5686328890625 0.5759336734375 0.56733781875 0.568085528125 0.57725461875 0.5596005265625 0.603440346875
0 0.49256558593750005 0.584803665625 0.492208903125 0.5898607250000001 0.50071978125 0.5995061015625 0.49949051874999995 0.6187445109375 0.5041026390625001 0.6185101421875 0.5127024078125 0.601556628125 0.5190596890625 0.5729595562500001 0.51930160625 0.5586702828125001 0.516307496875 0.554063440625 0.49256558593750005 0.584803665625
0 0.9430531171875 0.2555164171875 0.94088714375 0.2500276671875 0.9350136921875001 0.25004619375 0.9282294046875 0.26116866562499996 0.922025146875 0.302075353125 0.915514840625 0.318362809375 0.9180757546875 0.3218719015625 0.9336893453125 0.3122603453125 0.9408623828125 0.31553506875 0.9470221953125 0.2879278234375 0.9480922453125 0.272756646875 0.9436010796875 0.26584638125 0.9430531171875 0.2555164171875
0 0.8572062203125 0.23468416093750002 0.8468230359375 0.2769229703125 0.8459442656249999 0.307481171875 0.8494925265625 0.306041128125 0.8531173015625001 0.3107558953125 0.8588759843749999 0.30150515625 0.8623032890625 0.3072097484375 0.8639595578125 0.3054459390625 0.8707562234375 0.26156976875 0.8704119218749999 0.23387312656249998 0.861149421875 0.23126446406249998 0.8572062203125 0.23468416093750002
0 0.7911012046875 0.232584521875 0.7904581609375 0.2652303 0.7985679078125 0.2932321828125 0.8075749968749999 0.2415453140625 0.8104543375000001 0.23691994374999997 0.8067913093750001 0.2291277734375 0.807033221875 0.2148385015625 0.8007265765625 0.213759278125 0.7965859046875 0.2181688015625 0.7911012046875 0.232584521875
0 0.729098603125 0.2229979546875 0.7251109578125 0.23971709687499998 0.7313669671875 0.27047261875 0.748171565625 0.23854524531250001 0.7479037749999999 0.2170034125 0.7534267328124999 0.205665096875 0.74933050625 0.196775175 0.743654525 0.1958038734375 0.729098603125 0.2229979546875
0 0.1655831890625 0.0661729078125 0.1854201515625 0.041929784375 0.1948542453125 0.007717515625 0.19397033749999998 0.0022570484375 0.1857236765625 0.0021610906249999997 0.17924065312499998 0.017329073437500002 0.17076184375 0.02713795 0.16590780624999998 0.041661593749999996 0.1655831890625 0.0661729078125
0 0.12424568750000001 0.0314613109375 0.1309152046875 0.0111066265625 0.131190703125 0.0015265421875 0.114175459375 0.0013285515625 0.109905803125 0.0085350140625 0.11103379531249999 0.0486491953125 0.11284927812500001 0.042818151562500004 0.12424568750000001 0.0314613109375
0 0.0933183609375 0.0916805125 0.0826994515625 0.1318317453125 0.0763483578125 0.14405196874999998 0.07031569374999999 0.1481377234375 0.071417809375 0.15242080156249999 0.0912868390625 0.1476319328125 0.102211796875 0.132099934375 0.1045049203125 0.11406719843749999 0.10254260468750001 0.091211771875 0.09789222812500001 0.0883687375 0.0933183609375 0.0916805125
0 0.05321854375 0.2240306640625 0.046192340625 0.249442409375 0.047332714062499996 0.256802890625 0.07311963906249999 0.23869605 0.07671853749999999 0.20757971249999999 0.0755781671875 0.2002192296875 0.07053284843749999 0.1993558515625 0.05321854375 0.2240306640625
0 0.030477478125000002 0.318406559375 0.02247011875 0.33239058906249996 0.01985856875 0.35855779062500004 0.036930959375 0.34817225 0.045657875 0.30769725000000003 0.039077246875 0.3014530453125 0.031624040625 0.30939018906250004 0.030477478125000002 0.318406559375
0 0 0.50631578125 0.011846134375000001 0.4902571765625 0.013514784375 0.455739665625 0.0106798859375 0.447065590625 0.0062652359375 0.446310134375 0.0014938999999999998 0.4506117359375 0 0.45641683125 0 0.50631578125
0 0.0643859265625 0.8186172703124999 0.060761151562500004 0.813902503125 0.054059567187500004 0.8148029359375 0.043606059375 0.8345100859375 0.0372105203125 0.8600297515624999 0.033694325000000004 0.88092405 0.0344780140625 0.8933415890624999 0.0501743078125 0.8735079921875 0.0544680015625 0.8814080843750001 0.0597934890625 0.8710595953125001 0.061532459375 0.8590737453124999 0.0605130453125 0.8445686265625 0.0645389484375 0.8309268890625001 0.0643859265625 0.8186172703124999
0 0.091642915625 0.66564424375 0.078424834375 0.6992089781249999 0.0761255203125 0.7336185656249999 0.073086965625 0.742311165625 0.076673484375 0.743948528125 0.09193658125000001 0.7230171796875 0.09986743125 0.7028783390625 0.1015298890625 0.6847376796875 0.10212848593749999 0.6653913484375 0.097478109375 0.6625483125 0.091642915625 0.66564424375
0 0.1278946125 0.49373804843749997 0.12284929375 0.49287466875 0.11728189062500001 0.5175124296875 0.1181038359375 0.5330073750000001 0.111396059375 0.5502846578125 0.119951384375 0.5466305874999999 0.13690900625 0.527012834375 0.143820440625 0.4923688765625 0.1434699484375 0.4810490859375 0.13795317812500002 0.4760105515625 0.1278946125 0.49373804843749997
0 0.15375021093750002 0.3722574078125 0.14810010468749998 0.40711720937500007 0.151055959375 0.40864665 0.16840851875 0.387049240625 0.1783585109375 0.34371268125 0.17379083281250002 0.33064760625 0.1621969546875 0.3429942765625 0.15375021093750002 0.3722574078125
0 0.188970646875 0.24316675000000001 0.1819061890625 0.265501090625 0.18426344375 0.2863768625 0.1960547921875 0.2730403640625 0.20359069999999999 0.254881178125 0.2057246109375 0.240915671875 0.204743453125 0.22948795937500002 0.1998956046875 0.22763475312499998 0.188970646875 0.24316675000000001
0 0.2098579765625 0.15154449375 0.211782034375 0.171322515625 0.22940857656250002 0.1548900875 0.2323385546875 0.12058842343750001 0.2280448609375 0.11268833125 0.21810725 0.12327118906250001 0.2098579765625 0.15154449375
0 0.1525563875 0.11512466406249999 0.13800046562499999 0.14231874375 0.1398480140625 0.15594195625 0.1436320015625 0.1565894921875 0.155066665625 0.148310053125 0.1651634890625 0.1336599625 0.16733565625 0.12277185937499999 0.1634813453125 0.0995926671875 0.1540978875 0.104128640625 0.1525563875 0.11512466406249999
0 0.1161319796875 0.2225132859375 0.12018994999999999 0.2283258046875 0.11845098125 0.24031165468750001 0.11150747812499999 0.2555013578125 0.11496685 0.28066020625 0.11843859999999999 0.273065353125 0.13590592968749998 0.260700159375 0.135517178125 0.2463029625 0.1410845828125 0.22166520156249997 0.1378547484375 0.2149707796875 0.1277641140625 0.21324402187499997 0.1161319796875 0.2225132859375
0 0.0995766046875 0.325113040625 0.08647948125 0.35153313750000004 0.0858364359375 0.384178915625 0.089620425 0.38482645 0.0928947046875 0.378221425 0.106813771875 0.3672962734375 0.113132796875 0.335621796875 0.1106545859375 0.3218906625 0.1049786046875 0.3209193609375 0.0995766046875 0.325113040625
0 0.057840204687499994 0.51143495625 0.0546362453125 0.540571640625 0.072148021875 0.514907 0.0796518640625 0.47729355937499995 0.0753581703125 0.46939346718749997 0.067076828125 0.478212515625 0.057840204687499994 0.51143495625
0 0.011453428125 0.6949138390625 0.007109096875 0.716690040625 0.008408684375 0.719983290625 0.0155052078125 0.7171032046875 0.0262709515625 0.705638440625 0.0389028140625 0.6586663390624999 0.0317297765625 0.6553916140625 0.02195138125 0.6619072421875 0.011453428125 0.6949138390625