0 0.009587759375000001 0.1474246359375 0.031066628125000002 0.1310773984375 0.033426407812499996 0.1067750578125 0.034173815625 0.08716967656249999 0.0307311203125 0.070677478125 0.022478699999999997 0.06592314218749999 0.016676223437500002 0.0737332828125 0.0182600859375 0.11609951249999999 0.013386465625 0.1333277265625 0.009688171875 0.13879693906249999 0.009587759375000001 0.1474246359375
0 0.0867590046875 0.07492531875 0.0855289078125 0.0913903359375 0.08994610625 0.11337892812499999 0.086730496875 0.12198850624999999 0.082558646875 0.12353301875 0.082458234375 0.13216071406250002 0.089216953125 0.1314156390625 0.0906741375 0.1400523953125 0.0948277328125 0.14007655624999998 0.1039279734375 0.11659781250000001 0.1042839828125 0.0860087046875 0.099784628125 0.0710791375 0.0956766765625 0.067133296875 0.0909947546875 0.067890453125 0.0867590046875 0.07492531875
0 0.16928431093750002 0.07775850625 0.1633175234375 0.0996866984375 0.1695387859375 0.10050727500000001 0.1725261859375 0.11150610000000001 0.179221003125 0.1162513765625 0.1834476265625 0.11000084843749999 0.187811175 0.0919852765625 0.18451453125 0.0629437 0.1773552828125 0.0534893875 0.17266423125000002 0.0550308796875 0.167900153125 0.0628470609375 0.1672714125 0.0722560734375 0.16928431093750002 0.07775850625
0 0.0307094984375 0.20637668437499998 0.0203255109375 0.206316284375 0.017027746875 0.22198488749999998 0.017044882812500002 0.26512639375 0.020642765625 0.2682848765625 0.033149192187499996 0.2644356765625 0.0375583796875 0.24249842500000002 0.0358375921875 0.21189723749999997 0.0307094984375 0.20637668437499998
0 0.09370605625 0.19183971718749998 0.094589271875 0.20517947187500002 0.09242119062500001 0.213010753125 0.08926948125 0.21612997812499998 0.08920558281249999 0.22162033124999997 0.09444321875 0.21772885 0.0990703703125 0.2216777125 0.1004636546875 0.2358048203125 0.103970253125 0.246806665625 0.103332384375 0.2570000140625 0.105354409375 0.2617181125 0.10744033593749999 0.2609458546875 0.11497385156249999 0.23824239062500002 0.114755890625 0.212356278125 0.109782978125 0.1935020109375 0.10570241250000001 0.1872031625 0.097440865625 0.1832331625 0.09370605625 0.19183971718749998
0 0.17189460625 0.22852435 0.174754209375 0.2505038796875 0.17984578906249998 0.259161778125 0.1814125140625 0.2583865015625 0.1868327171875 0.2388083 0.18599514687500002 0.221546865625 0.1877353125 0.205869203125 0.185321884375 0.19016738125 0.1807038609375 0.1854341828125 0.1728793578125 0.188526228125 0.16582852812499999 0.21437005937500003 0.164152259375 0.22455736874999999 0.17189460625 0.22852435
0 0.034021034374999995 0.36798012343750003 0.0339126140625 0.332681978125 0.0278465359375 0.3185276875 0.0195576015625 0.3169106953125 0.017453420312500002 0.3192516234375 0.01422868125 0.32864553750000003 0.0147467609375 0.3733587359375 0.0194378109375 0.37181724374999997 0.028191171874999997 0.378143271875 0.034021034374999995 0.36798012343750003
0 0.11170122812500001 0.34097833906249997 0.1095799109375 0.3001777609375 0.1055358578125 0.29074156875 0.100343865625 0.29071136875 0.0909252484375 0.296931696875 0.08798237187499999 0.32672136875 0.09489515468750001 0.35735275624999996 0.09997760624999999 0.366794990625 0.10589875156249999 0.34878848125 0.11170122812500001 0.34097833906249997
0 0.174725171875 0.32408836406249997 0.18264896875 0.3570788015625 0.18834190312500002 0.35868069375 0.1910839546875 0.346146415625 0.19736911875000002 0.34147663906250003 0.1949465609375 0.32655915156250004 0.19561181562500002 0.3140127953125 0.1895639921875 0.2982898328125 0.185456040625 0.2943439921875 0.1802640453125 0.2943137921875 0.1775858921875 0.30135771718750004 0.1784782375 0.3139131359375 0.174725171875 0.32408836406249997
0 0.244085528125 0.0750560421875 0.24339288906249998 0.0899554078125 0.24791049843750002 0.103316303125 0.2466804015625 0.1197813203125 0.25170808437500003 0.1339295703125 0.2544866484375 0.11825794999999999 0.2602799984375 0.11123214374999998 0.2633415453125 0.071246103125 0.2609098609375 0.057112953125 0.256856678125 0.04846109375 0.24441415156250001 0.046819942187500005 0.24731939375 0.0648777921875 0.244085528125 0.0750560421875
0 0.250741590625 0.1723590203125 0.2454218 0.183309525 0.24531225937499998 0.1927215578125 0.24988464062500002 0.20137643593750001 0.24974771406250001 0.213141478125 0.247096946875 0.21783239375000002 0.24532939531250003 0.2358630640625 0.24629476718749999 0.24214379218749998 0.250931046875 0.24530831874999998 0.2548746875 0.2633722078125 0.257671509375 0.2461319140625 0.2671448953125 0.23520556875 0.26757393125 0.1983417703125 0.26409471875 0.1849869171875 0.2554052578125 0.17317053437500002 0.250741590625 0.1723590203125
0 0.250365084375 0.29393715625 0.24974547187499999 0.30256183281250004 0.2547548953125 0.3182787546875 0.25197633124999996 0.333950378125 0.2565760984375 0.340252246875 0.25487244531250003 0.352792565625 0.25737715781250003 0.3606510265625 0.257969384375 0.35437935625 0.2626969484375 0.34970051875 0.2697112625 0.32699403125000004 0.268509675 0.2963958640625 0.2670433609375 0.28854344374999996 0.26242533749999997 0.28381024843749997 0.25302498125 0.28846190312500003 0.250365084375 0.29393715625
0 0.3239584921875 0.29671839218749996 0.319358725 0.290416521875 0.3093570125 0.302124184375 0.3077537734375 0.3060368046875 0.310322384375 0.3084049125 0.310221971875 0.317032609375 0.30812691718749996 0.3185892015625 0.31415648281249997 0.33588083750000003 0.314046940625 0.3452928703125 0.3097290359375 0.3593867609375 0.31071266406250003 0.36409881718750003 0.3143105453125 0.3672573 0.3170525984375 0.35472302187500004 0.3238387015625 0.35162493906250003 0.3268899984375 0.35713341249999997 0.32744683124999996 0.30928890781249996 0.3239584921875 0.29671839218749996
0 0.31104061875 0.21114482968749998 0.31809945625 0.22922684062499998 0.321205525 0.2300292953125 0.32382890625 0.2276913875 0.3281468125 0.213597496875 0.32794710781249997 0.1861427140625 0.320888271875 0.16806070312500002 0.3172812625 0.165686553125 0.3120618828125 0.1680093625 0.3092650609375 0.18524965625 0.31172413125 0.1970297984375 0.31104061875 0.21114482968749998
0 0.3095959265625 0.06759320156250001 0.30744610156249996 0.073855809375 0.30923991875 0.098182309375 0.3122729578125 0.1052594546875 0.3110976328125 0.11701845625 0.3131653015625 0.11781487187499999 0.3247611265625 0.1029789265625 0.3264830359375 0.0888699359375 0.3256454640625 0.071608503125 0.322239278125 0.051978959375 0.317666896875 0.04332408125 0.3130306171875 0.040159559375 0.30878574062499997 0.047978759375 0.3095959265625 0.06759320156250001
0 0.316627378125 0.08802821875 0.3207718453125 0.08883671562499999 0.32341348281250004 0.084930134375 0.3224298546875 0.0802180796875 0.3156802640625 0.0801788203125 0.31458709375 0.0848787953125 0.316627378125 0.08802821875
0 0.3922680203125 0.102428075 0.3930610734375 0.0789010109375 0.38967314375 0.057702796875 0.3814481125 0.050595451562500005 0.3782051171875 0.061558037499999996 0.376664653125 0.1046904828125 0.3797433359375 0.10784594843749999 0.38472537500000004 0.125915878125 0.385135034375 0.13533093125 0.3922680203125 0.102428075
0 0.37349059218749997 0.1989578515625 0.3754030796875 0.21308797968749998 0.38106862812500003 0.21704288124999999 0.387653909375 0.2312001921875 0.3918166328125 0.230440015625 0.38885661875 0.21708818124999998 0.38817422968750004 0.18649303281250001 0.3832378328125 0.16450142343750002 0.3801682796875 0.1605616234375 0.3749854140625 0.1597470859375 0.3690733953125 0.17696925937500002 0.368453784375 0.1855939375 0.37349059218749997 0.1989578515625
0 0.38691450625 0.2947314171875 0.3860678046875 0.2782543171875 0.3830347625 0.27117717343750003 0.3794277546875 0.26880302500000003 0.37204029375 0.2789571140625 0.3658361671875 0.32127804375 0.35900441875 0.328297809375 0.3624379890625 0.34557434374999996 0.3749809296875 0.3385877984375 0.38691450625 0.2947314171875
0 0.38488110937500003 0.3802180109375 0.3840424140625 0.4076667546875 0.3792418234375 0.41862028125000006 0.3730023015625 0.4193683765625 0.3698323359375 0.42405627343749996 0.3776385828125 0.422532903125 0.381764790625 0.42491007031250005 0.3841873484375 0.4398275546875 0.38729341562499997 0.44063001249999995 0.3893793421875 0.4398577546875 0.39635714218749996 0.4202886125 0.398298134375 0.38735555625 0.3943179796875 0.3724290109375 0.3901643859375 0.37240485 0.38488110937500003 0.3802180109375
0 0.43080911093749996 0.31538085625 0.43062654218749996 0.331067578125 0.43565422343750004 0.3452158265625 0.4382776046875 0.34287791875 0.44156623906250003 0.32799365156250004 0.4393536375 0.2950364359375 0.43431682812499994 0.28167252187499997 0.43120163125 0.281654403125 0.42696588125 0.2886892671875 0.42585445625 0.2949579171875 0.4272751265625 0.30673201875 0.43080911093749996 0.31538085625
0 0.443255 0.1828914734375 0.43723456250000003 0.1648155015625 0.42838078749999997 0.1671171703125 0.427596865625 0.189859896875 0.43142183437500004 0.218120159375 0.4401204265625 0.229152203125 0.44428314999999996 0.2283920265625 0.445668428125 0.1985932953125 0.443255 0.1828914734375
0 0.4414988203125 0.11071745 0.44565241406249995 0.11074161093749998 0.44794829375 0.091929625 0.446172734375 0.0660344515625 0.44111766875 0.054239210937500004 0.43854905781250003 0.0518711015625 0.43281960625 0.053406554687499996 0.430642396875 0.062022171875 0.43356589687499997 0.0785113515625 0.43277284375 0.1020384140625 0.4414988203125 0.11071745
0 0.484410915625 0.0819446546875 0.4878627421875 0.097652515625 0.48668741718749997 0.10941151874999999 0.49026704218750006 0.114138675 0.496798671875 0.0882918234375 0.4967450234375 0.0482876625 0.49527870781249994 0.040435240625 0.487481590625 0.041174278125000005 0.48483995156250004 0.045080859375 0.4851948390625 0.059201928125000004 0.48031209218750004 0.0772144796875 0.484410915625 0.0819446546875
0 0.5330787265625 0.0939935765625 0.534025840625 0.10184297812500001 0.538634734375 0.10736051093750001 0.5407845609375 0.10109790156250001 0.5426981671875 0.070517853125 0.5403212515625 0.0516786859375 0.5357579984374999 0.0422394734375 0.531613534375 0.041430978125000004 0.5289718953125 0.0453375578125 0.526202459375 0.06022484375 0.5274679453125 0.085332659375 0.5330787265625 0.0939935765625
0 0.6036726984375 0.051262792187499996 0.5990911890625 0.04339225 0.5949558515625 0.0417994171875 0.5917950125 0.045702978125 0.588442478125 0.0660775953125 0.590163265625 0.0966787859375 0.598934884375 0.10143614062499999 0.6042911906249999 0.0873482921875 0.605065984375 0.0653899 0.6036726984375 0.051262792187499996
0 0.487229909375 0.196641003125 0.487083853125 0.2091903796875 0.49529062812499997 0.217866396875 0.4967113 0.22964049687500002 0.5013567109375 0.23202068437499998 0.5056015875 0.22420148437499998 0.5072869843750001 0.213229840625 0.5014308578125 0.1810358203125 0.49383456406250004 0.1645194609375 0.4891435140625 0.166060953125 0.484342921875 0.1770144796875 0.48315846875 0.1895578171875 0.487229909375 0.196641003125
0 0.49300745625 0.315742640625 0.49684155625 0.343218565625 0.500922121875 0.3495174125 0.504055575 0.3479668609375 0.5125453328125 0.3323284578125 0.513502696875 0.2946833453125 0.5064803734375001 0.2734639921875 0.5008056953125 0.2702934265625 0.497098271875 0.2765469765625 0.49748054531249997 0.2883150375 0.48890863125 0.3110124640625 0.49300745625 0.315742640625
0 0.546508403125 0.323113340625 0.5480112312500001 0.327828415625 0.55641883125 0.31924904062500004 0.558742096875 0.2980840453125 0.5549445125 0.267470775 0.552904228125 0.264321353125 0.545079725 0.2674133953125 0.5439774265625 0.2728977078125 0.5469465671875 0.2854652078125 0.5487403828125 0.30979170625 0.546508403125 0.323113340625
0 0.5546455171875 0.2039335125 0.5571513484375 0.16708179375 0.554118309375 0.16000465 0.5488989296875 0.1623274578125 0.544654053125 0.170146659375 0.5424494578125 0.18111528593749998 0.5426400328125001 0.209354403125 0.5456274296875 0.22035323125 0.551921721875 0.21489911875 0.5546455171875 0.2039335125
0 0.597166209375 0.164176990625 0.596846715625 0.1916287546875 0.601719215625 0.21911071875000002 0.6102181015625 0.202687978125 0.610610621875 0.16896152656250002 0.606648725 0.152466309375 0.602467746875 0.15479515625 0.597166209375 0.164176990625
0 0.609661265625 0.2505324828125 0.6055167984375001 0.2497239859375 0.6028660312499999 0.254414903125 0.6022270421875 0.30931843125 0.608439178125 0.310923340625 0.6121100859374999 0.3078071375 0.6137498406249999 0.300757171875 0.614771103125 0.25762170625 0.609661265625 0.2505324828125
0 0.6703619437499999 0.254807503125 0.6667731906250001 0.25086468125 0.6610346125000001 0.2531844703125 0.662236203125 0.2837826375 0.6691124703125 0.3175513703125 0.6765820859375 0.30033825625 0.6772564703125 0.28700756250000004 0.6748795546874999 0.2681683953125 0.6703619437499999 0.254807503125
0 0.6729590625 0.210112425 0.674754 0.1897287453125 0.670437215625 0.15911245624999998 0.6652817359375 0.15594491093750001 0.658459115625 0.1621803421875 0.6563275484375 0.166874278125 0.6567006921874999 0.1794266765625 0.6604343796875 0.215530296875 0.663002990625 0.21789840468750002 0.6729590625 0.210112425
0 0.6452177734375 0.0507200546875 0.6477681265624999 0.0546568359375 0.6526862671875 0.07821711718749999 0.6504451578125 0.0923230875 0.6565021093750001 0.1072617140625 0.6607104765625 0.10257985624999999 0.6661124234375 0.08457032656249999 0.6677978171875 0.07359868281250001 0.665894459375 0.0586842140625 0.660930678125 0.0390456125 0.6568501125 0.0327467640625 0.6521864468749999 0.0319352484375 0.6457826140625 0.046801393749999996 0.6452177734375 0.0507200546875
0 0.7321237640625 0.078679178125 0.7325436734374999 0.042599717187500004 0.7295471453125 0.0323852296875 0.725405015625 0.0295579890625 0.7247133046875 0.0295298046875 0.7159201640624999 0.0432874125 0.71419825625 0.0573964015625 0.7204549109375 0.09978981249999999 0.7321237640625 0.078679178125
0 0.734170934375 0.1704646234375 0.73167535 0.161821825 0.7275765265625 0.1570916484375 0.72079955 0.15940539843749998 0.7191871796875 0.164102353125 0.7223560265625 0.20412463593750002 0.7258534953125 0.2159108171875 0.7310454875 0.21594101718749997 0.7348441953125 0.2018441078125 0.734170934375 0.1704646234375
0 0.7349694640625 0.3069529890625 0.7377480296875001 0.291281365625 0.73538024375 0.2716578640625 0.7318827734375 0.2598716828125 0.728294021875 0.2559288625 0.7230928999999999 0.256682996875 0.7219997296875 0.26138297499999996 0.7207148640625001 0.2825540109375 0.7229548515625 0.3131582171875 0.730724584375 0.314772190625 0.7349694640625 0.3069529890625
0 0.7834287265625 0.26566223125 0.7782367328124999 0.26563203125 0.7745293109375 0.2718855796875 0.7767419140625 0.304842796875 0.786278078125 0.333136278125 0.7937842093749999 0.31278581875 0.7904510499999999 0.28688158750000003 0.78649828125 0.26960203125 0.7834287265625 0.26566223125
0 0.7849509343750001 0.22409845781249998 0.7940055328125 0.204541396875 0.78711100625 0.1723413328125 0.779951759375 0.16288702187499998 0.7705148859375 0.1706760234375 0.7678549921875 0.176151275 0.76776370625 0.1839946359375 0.7746125890625 0.220116378125 0.77921235625 0.22641824531250002 0.7849509343750001 0.22409845781249998
0 0.7656355031250001 0.054558039062499994 0.7646142390625 0.0976935046875 0.7697423328124999 0.10321405624999999 0.7771663078125 0.089922625 0.7801730828125 0.0546426 0.7771765578125 0.044428109375000004 0.76723874375 0.050645418750000004 0.7656355031250001 0.054558039062499994
0 0.826226640625 0.0682450921875 0.8245138578125 0.0815697453125 0.817190296875 0.086233484375 0.8166071984375 0.091720815625 0.8264719859375 0.0917781953125 0.8295324125000001 0.09650233281250001 0.8299785828124999 0.10278004062499999 0.8371743468749999 0.109097009375 0.846429771875 0.0722845515625 0.84408024375 0.051092378125000004 0.840063575 0.039303178125 0.8341333437499999 0.0339883296875 0.8334504562499999 0.033960503125 0.8245058515625001 0.0376439046875 0.8218094421875 0.0462565 0.825844365625 0.05647703125 0.826226640625 0.0682450921875
0 0.8808966312500001 0.09993865625000001 0.8824177140625 0.1030850625 0.890688390625 0.1062707265625 0.8937396890624999 0.11177919843749999 0.8981488765625001 0.089841946875 0.8955083609375001 0.04903835 0.8909542359374999 0.0388147984375 0.88423203125 0.036422532812500005 0.8788757265625 0.05051038125 0.8777369140625 0.05913204062500001 0.8807060546875001 0.0716995375 0.8808966312500001 0.09993865625000001
0 0.84218265 0.1695241109375 0.835414803125 0.1710535234375 0.830104140625 0.1812196921875 0.8313604984375 0.2071118421875 0.8378910078124999 0.2259751703125 0.844066628125 0.2307174265625 0.8483023781249999 0.2236825625 0.8498063296874999 0.183687459375 0.84218265 0.1695241109375
0 0.8845002765625001 0.23644333906249998 0.8886995125 0.2325458203125 0.896150871875 0.2169013765625 0.895587153125 0.176109859375 0.8946035234374999 0.171397803125 0.89100564375 0.16823931718750001 0.8789819031249999 0.1752288828125 0.8773604078125 0.180710175 0.879481725 0.22151075312500002 0.8824417359375 0.23486258750000003 0.8845002765625001 0.23644333906249998
0 0.8469524921874999 0.295054128125 0.8497128015625 0.2809511765625 0.8441476640625 0.2683685796875 0.8384547281250001 0.2667666875 0.8347746890625001 0.2706672265625 0.831540825 0.28084547656250003 0.8387172109375 0.333441296875 0.8398195062499999 0.3279569828125 0.8466877671875 0.3177998734375 0.8469524921874999 0.295054128125
0 0.8986581359375 0.269154434375 0.8960712687499999 0.2683549984375 0.8923638468749999 0.2746085484375 0.8915160234374999 0.30284162812500004 0.8989845187500001 0.330338690625 0.90318375625 0.326441171875 0.9042769249999999 0.3217411921875 0.903184875 0.28173099375 0.8986581359375 0.269154434375
0 0.0117976734375 0.5019814109375 0.0204414921875 0.5177194734375 0.032165115625000004 0.491902821875 0.0349162953125 0.47858420781250005 0.035299690625000005 0.445642090625 0.0338607609375 0.4354366625 0.0297984515625 0.427569140625 0.0261640546875 0.427548 0.0172281265625 0.43690869374999997 0.0175921421875 0.450245428125 0.0149048609375 0.4580736890625 0.018247145312499997 0.48319358437500004 0.0117976734375 0.5019814109375
0 0.1104951546875 0.4892208828125 0.115149690625 0.49081673593749997 0.11969580937499999 0.4571144421875 0.119678675 0.41397293749999997 0.1166365046875 0.407680128125 0.10787401562500001 0.402138434375 0.10462189375 0.4138853578125 0.10175204374999999 0.437400340625 0.1062787828125 0.449976896875 0.109502396875 0.4852931625 0.1104951546875 0.4892208828125
0 0.1810526140625 0.44962744218750006 0.1818901875 0.4668888765625 0.18395785625 0.4676852921875 0.19252064062500002 0.4457722015625 0.194461634375 0.41283914375 0.19250350624999998 0.40263069375000005 0.18739366875000002 0.39554146874999996 0.1822108046875 0.394726934375 0.176408325 0.402537075 0.17922836874999998 0.427915396875 0.174385178125 0.44252915625 0.1810526140625 0.44962744218750006
0 0.25037885625 0.471209196875 0.25603527812500004 0.4759484328125 0.26731272968750003 0.44385407343749994 0.26928110625 0.40856800781249997 0.26525530937499997 0.3975631421875 0.25798651875 0.3975208609375 0.2527397546875 0.40219667968749995 0.25009811718749997 0.40610326093750004 0.25251154531250003 0.42180508281250007 0.2494317421875 0.46335979531250004 0.25037885625 0.471209196875
0 0.30946028124999997 0.391545153125 0.30784791093749997 0.39624210937500004 0.3071644 0.41035714062500006 0.31076228281249996 0.4135156234375 0.312720409375 0.42372407343749996 0.319360459375 0.4331753671875 0.3218286578125 0.44417117343749996 0.32165521875 0.4590735578125 0.3247521578125 0.4606603515625 0.331146859375 0.446578540625 0.3322948 0.437172546875 0.3324317265625 0.42540750625 0.32898902812499997 0.4089153078125 0.3254459171875 0.4010508078125 0.3177492125 0.393162146875 0.30946028124999997 0.391545153125
0 0.446128371875 0.38214304375 0.4425031046875 0.38133756875 0.4367280125 0.3867947 0.435060875 0.3961976734375 0.44099915625 0.42133267031250005 0.441699803125 0.4503591453125 0.45022607499999995 0.43158339999999995 0.45117430937499997 0.3947226203125 0.446128371875 0.38214304375
0 0.4981190890625 0.4655907109375 0.504541178125 0.44915589375 0.5044236296875 0.4146420828125 0.5019463046875 0.40443061562500005 0.4953153796875 0.3941949859375 0.49220018593750003 0.394176865625 0.4890210890625 0.3996491 0.48800895625 0.44200022812500006 0.49102373750000006 0.4506460453125 0.489839284375 0.46318938281250005 0.4981190890625 0.4655907109375
0 0.548455159375 0.42352648125 0.5491649359374999 0.451768621875 0.5506586328124999 0.457268034375 0.5548031 0.45807652968749996 0.5595945625 0.44790734062500004 0.56469639375 0.4110707234375 0.5622190671875 0.40085925468749994 0.55965045625 0.398491146875 0.5486833703125 0.4039180796875 0.546032603125 0.40860899531249995 0.5459687046874999 0.41409934843749996 0.548455159375 0.42352648125
0 0.6063133734374999 0.4489634765625 0.606760665625 0.4105310078125 0.6042103125 0.406594228125 0.5995466484375 0.40578270937500005 0.5937350421875001 0.4143771890625 0.5925688453125 0.425351853125 0.5964485875000001 0.44890609687499994 0.59535541875 0.4536060734375 0.60260595 0.45521702656249996 0.6063133734374999 0.4489634765625
0 0.6602108125 0.41319507499999997 0.656166759375 0.40375888125000003 0.6530606921875 0.40295642656249997 0.6483696390625 0.40449791875 0.64622894375 0.409976190625 0.6457177515625 0.4538990140625 0.6512007359374999 0.4735406359375 0.6554273546875 0.4672901078125 0.6586794765625 0.4555431859375 0.6602108125 0.41319507499999997
0 0.7289368203125 0.3971226578125 0.7247923546874999 0.3963141609375 0.7163482375 0.4080308828125 0.71571036875 0.41822423124999997 0.7224679671875001 0.4621893359375 0.728680103125 0.46379424687500004 0.7361040765625 0.4505028125 0.733545715625 0.40264018906250004 0.7289368203125 0.3971226578125
0 0.7894458015625 0.4178687359375 0.7884986875 0.410019334375 0.7854108765625 0.40764820625000003 0.7771128171874999 0.40681554999999997 0.7755278328124999 0.4091595 0.772948971875 0.45228590625000004 0.7805361359375 0.46958659843749995 0.7858650546875 0.4578517578125 0.7891536921875 0.4429674921875 0.7894458015625 0.4178687359375
0 0.84875319375 0.408016646875 0.8457018984375001 0.4025081734375 0.8410564875000001 0.4001279859375 0.8368663796875 0.40324117031249995 0.834023915625 0.4244031453125 0.8326203812499999 0.45577055 0.837137990625 0.4691314421875 0.848196359375 0.45586114999999994 0.85115749375 0.4245028046875 0.84875319375 0.408016646875
0 0.9069754250000001 0.44679037499999996 0.9062017499999999 0.4240385890625 0.9022946234375 0.40283735312499996 0.8976766015625 0.3981041578125 0.8871830718749999 0.4074557890625 0.8865269453125 0.4192178109375 0.8933849578125 0.454555215625 0.896982840625 0.4577137015625 0.9016647640625 0.45695654531249996 0.9069754250000001 0.44679037499999996
0 0.0181473375 0.6165391671875 0.029222843749999998 0.6464103796875 0.027045632812499998 0.6550259984375 0.0284480484375 0.668368771875 0.030106059375 0.6597501343750001 0.0385045328125 0.65195509375 0.039917196875 0.6198033546875 0.0369936984375 0.6033141734374999 0.030936745312500003 0.5883755484375001 0.0247154828125 0.587554971875 0.0193865640625 0.5992898140625 0.020351934375 0.6055705437500001 0.0181473375 0.6165391671875
0 0.1028224703125 0.613109746875 0.1091795390625 0.646875459375 0.11280480468750001 0.6476809375 0.117031428125 0.6414304093750001 0.11926340937499999 0.6281087734375 0.1212591703125 0.5904697015625 0.11373590468749999 0.5676786546875 0.10951841250000001 0.573144846875 0.10120209375 0.5738808625 0.10100126875 0.5911362578125 0.10501793749999999 0.602925459375 0.1028224703125 0.613109746875
0 0.18422834375 0.5782857421875 0.18134936562499998 0.6025850640625 0.1873789328125 0.619876696875 0.1931448953125 0.6152039 0.196387890625 0.6042413140625 0.20370232187499998 0.6003619140625001 0.2001957265625 0.5893600703125 0.20106180468749998 0.5595583171875 0.1944856546875 0.5446166703124999 0.18486621406249998 0.56809239375 0.1759941828125 0.571962734375 0.18422834375 0.5782857421875
0 0.257745815625 0.5520441359375 0.252908709375 0.5661350046875 0.24905523281250003 0.58493793125 0.255813953125 0.58419285625 0.2568249640625 0.5865519031249999 0.258627909375 0.6100940671874999 0.2522697203125 0.621038534375 0.257416071875 0.6249904140625 0.2583996984375 0.6297024703125 0.2589736671875 0.6249994734375 0.2668073015625 0.6211230921875 0.268410540625 0.6172104734375 0.27179046093750003 0.5944828453125 0.27173681250000004 0.5544786828125 0.26713704531250004 0.548176815625 0.257745815625 0.5520441359375
0 0.34447836875000004 0.59490564375 0.3396697671875 0.5619333281250001 0.3371376703125 0.556427875 0.331462990625 0.5532573109375 0.3240572734375 0.5649800734375 0.32184355 0.576733034375 0.32543230312500004 0.5806758546874999 0.3307053328125 0.6183572093749999 0.34215510312499997 0.6160706390625 0.34447836875000004 0.59490564375
0 0.3922549546875 0.5496889703125001 0.3807412859375 0.5574658921875 0.3786097171875 0.562159828125 0.3788733203125 0.5841242609374999 0.3832448765625 0.61003453125 0.39567827499999997 0.6124600203125 0.3978007140625 0.6085504187499999 0.394723153125 0.5606847765625 0.3922549546875 0.5496889703125001
0 0.44576913281249997 0.5377795562500001 0.441050696875 0.5416740578125 0.4372337328125 0.557339640625 0.4351831984375 0.599684728125 0.44133143593749996 0.6067799953125 0.44502060156249995 0.6020951171875 0.4504590609375 0.5809482421875 0.4498770859375 0.541725396875 0.44576913281249997 0.5377795562500001
0 0.49652161406250006 0.6028495296874999 0.5007391078125 0.5973833375 0.5036272125 0.57229968125 0.5018060125 0.550326190625 0.49821725937499994 0.5463833703125001 0.49250606562500004 0.54635015 0.4856743203125 0.553369915625 0.4855282640625 0.5659192921875 0.4900732609375 0.5769271796875 0.491876203125 0.6004693421875 0.49652161406250006 0.6028495296874999
0 0.573801278125 0.5656483578125 0.5693658218750001 0.5452284374999999 0.5657679421874999 0.5420699531250001 0.5626071031250001 0.5459735140624999 0.5571868984374999 0.56555171875 0.5564303609375 0.585941434375 0.5645184671875 0.6048138234375 0.56490986875 0.6157975484375 0.573600453125 0.58290375 0.573801278125 0.5656483578125
0 0.6292905859375 0.616172028125 0.6307123781249999 0.58323595 0.62573946875 0.564381684375 0.6216041296875 0.562788853125 0.61688569375 0.566683353125 0.61477238125 0.5698086171875001 0.6171584250000001 0.5878634484374999 0.6158553015625 0.6106031546875 0.6255557765625 0.6247785859375 0.6292905859375 0.616172028125
0 0.677313640625 0.549778278125 0.6764658171875 0.5780113578125 0.6808556296875 0.6023529578125 0.6833877265625 0.607858409375 0.690109934375 0.610250678125 0.690739796875 0.5561314875 0.6871875546874999 0.5490513234375001 0.677313640625 0.549778278125
0 0.7398454828125 0.5572015078125 0.7362567296875 0.5532586859374999 0.7284504843749999 0.554782059375 0.72821314375 0.5751747968750001 0.730999715625 0.603429015625 0.7391973640625 0.6128893703125 0.7444897703125 0.604291875 0.7433246953125 0.5705563625 0.7398454828125 0.5572015078125
0 0.7879578656249999 0.5457155218749999 0.7812174046875 0.5448919265625001 0.7764259421874999 0.5550611156249999 0.7771904875 0.5785972390625 0.7836570968750001 0.6029509171874999 0.79090763125 0.6045618703125 0.796245678125 0.5920426921875 0.7915466203125 0.5496583421875 0.7879578656249999 0.5457155218749999
0 0.85629023125 0.608079734375 0.8562365828124999 0.568075571875 0.8480571921875001 0.557046546875 0.8397682578125 0.55542955625 0.83555989375 0.5601114125 0.8353408124999999 0.5789354796875 0.8384103656249999 0.5828752781250001 0.8433558890624999 0.604082553125 0.851070853125 0.6104025421875 0.85629023125 0.608079734375
0 0.91086093125 0.6036908171875 0.9135390843750001 0.596646890625 0.91217318125 0.580166775 0.9057339593749999 0.5534600875 0.904212875 0.55031368125 0.894867284375 0.5502593234375001 0.8911689921875 0.5557285359375 0.890558509375 0.563568875 0.8959593343750001 0.5902695234374999 0.9035830125000001 0.6044328734375 0.91086093125 0.6036908171875
0 0.8492006468750001 0.7264812671875001 0.848872021875 0.754717365625 0.8579437562500001 0.778301809375 0.8616055375 0.775969940625 0.8648211453125001 0.7673603640625 0.8641478859375 0.735980878125 0.858063546875 0.7233952625 0.8492006468750001 0.7264812671875001
0 0.9157038015625 0.722946146875 0.9106578624999999 0.71036656875 0.9023324171875 0.7118869203125 0.8986341234375 0.7173561328125 0.90015520625 0.7205025375 0.9007280546875001 0.7605097187500001 0.9099732312500001 0.7691917765625 0.9142637515625 0.75745089375 0.9157038015625 0.722946146875
0 0 0.7730710078125 0.000727415625 0.7748844625 0.00640209375 0.7780550265625 0.012723771875000001 0.7702479062500001 0.0175882609375 0.753804028125 0.017898628125 0.7271365984375 0.015403045312499999 0.718493803125 0.009746621875 0.7137545671875001 0.0018947328124999999 0.7191996171875 0 0.7251630890625 0 0.7730710078125
0 0 0.9227875015624999 0.0088212875 0.927103046875 0.0120186375 0.920062140625 0.012811690625 0.8965350781250001 0.0090780046875 0.8604314578125001 0.00553489375 0.8525669578124999 0 0.853413340625 0 0.9227875015624999
0 0.0909837 0.871889325 0.0877954765625 0.8781458921875 0.096211084375 0.9134923578125 0.0924580203125 0.9236675875 0.097659140625 0.92291345 0.0991893546875 0.9252755203125 0.09854235781250001 0.9362532031249999 0.1015114984375 0.9488207031250001 0.1097376515625 0.91121786875 0.1102944875 0.8633733671874999 0.1062869484375 0.850799828125 0.0964495453125 0.848389440625 0.0889799296875 0.8656025546875 0.0909837 0.871889325
0 0.0921247546875 0.773847309375 0.095212565625 0.7762184375000001 0.099730175 0.7895793328125 0.1075820640625 0.7841342796874999 0.1118189359375 0.7323892375 0.10932335156249999 0.7237464375 0.1042043859375 0.71744155 0.0942483140625 0.7252275312500001 0.0915884171875 0.730702784375 0.09083187968749999 0.751092503125 0.09481203437499999 0.7660190484375 0.0921247546875 0.773847309375
0 0.178874440625 0.859850325 0.17158739218750002 0.8613767187500001 0.166859828125 0.866055553125 0.157514240625 0.8660011953125 0.159945925 0.8801343453125 0.157231259375 0.8903156140625 0.16493709375 0.8974199374999999 0.1625681859375 0.9225066140625 0.16611129687499998 0.930371115625 0.16802378281250002 0.9445012453125001 0.1742359171875 0.9461061578125 0.186023440625 0.9147991531249999 0.1846849234375 0.8959660265625 0.1879096609375 0.8865721140625 0.1853958203125 0.8794979875 0.1860154328125 0.8708733109375 0.1829915203125 0.86301183125 0.178874440625 0.859850325
0 0.1819998859375 0.8143739312499999 0.184031040625 0.8183076921874999 0.1921202703125 0.7924699000000001 0.196346890625 0.786219371875 0.1975587296875 0.7713230249999999 0.20394430468750002 0.7580255499999999 0.20036468125 0.7532983953125 0.199463209375 0.7415273140624999 0.1964119125 0.736018840625 0.19176650312500002 0.733638653125 0.183313259375 0.746139709375 0.1831580765625 0.7594734234375 0.17884016875 0.7735673140625 0.1819998859375 0.8143739312499999
0 0.253423425 0.7449787390625 0.24841287968749998 0.77397199375 0.24831246562499998 0.7825996921875 0.253413175 0.7904732515624999 0.2521009234375 0.8139972953125 0.260025840625 0.8022775531249999 0.264398515625 0.783477646875 0.2696544078125 0.77801749375 0.26718620937500004 0.7670216890625 0.2690085328125 0.7442850015625 0.265046634375 0.727789784375 0.2603647140625 0.7285469390625 0.25298638125 0.7379166921875 0.253423425 0.7449787390625
0 0.25485786718750003 0.93402488125 0.271153871875 0.9168631062499999 0.2694422125 0.88547758125 0.263385259375 0.8705389546875001 0.25925905312499997 0.8681617859375 0.254568 0.869703278125 0.2460965 0.883773009375 0.2423251765625 0.8955169109375 0.2509781265625 0.9104706359374999 0.251843084375 0.9253790625 0.25485786718750003 0.93402488125
0 0.31799247343750003 0.86301269375 0.319457665625 0.9155752937500001 0.32351085 0.9242271499999999 0.327236528125 0.916404928125 0.33168223124999996 0.891330334375 0.33201085625000004 0.8630942328125 0.3279302875 0.856795384375 0.31799247343750003 0.86301269375
0 0.325565865625 0.703041346875 0.323980884375 0.7053852953125 0.3242171015625 0.7297027359375 0.319453021875 0.7375189171875001 0.3142519015625 0.738273053125 0.321857321875 0.7540050734375 0.32124683906249996 0.7618454156250001 0.318596071875 0.76653633125 0.3205268140625 0.7790977906250001 0.3247625640625 0.772062925 0.3294079734375 0.7744431125 0.3373328890625 0.7627233718750001 0.3440653453125 0.719621128125 0.3436556875 0.7102060734375 0.33956599062500004 0.7046915609375 0.325565865625 0.703041346875
0 0.3915121890625 0.747350728125 0.3856823265625 0.7575138796875 0.3845709 0.7637825296874999 0.385572784375 0.7669259125 0.3897720203125 0.7630283906249999 0.39596589843749996 0.7662019765625 0.39844322656250003 0.7764134453125 0.40306125000000004 0.7811466421875 0.4051654328125 0.7788057140625 0.41103292968750005 0.7207950421875 0.40297220781250004 0.6995696484375 0.399328684375 0.7003328437499999 0.392961365625 0.7120616453124999 0.3915121890625 0.747350728125
0 0.38258202343750003 0.8900576203125 0.38617990468749996 0.89321610625 0.38868461718749997 0.901074565625 0.39160811562500003 0.9175637453125001 0.391880846875 0.938743840625 0.3956065265625 0.9309216203125 0.39893167812499997 0.9129000078124999 0.400717484375 0.8933006671875001 0.3995067671875 0.8634868328125 0.3965741421875 0.8477819906249999 0.3929853875 0.8438391703124999 0.386181025 0.848505928125 0.383502871875 0.8555498515625001 0.38258202343750003 0.8900576203125
0 0.46043453593750006 0.892863628125 0.46621074843750004 0.8426963187500001 0.4652727625 0.8340625812500001 0.45755780156250003 0.82774259375 0.4501612125 0.83868101875 0.4510079125 0.855158115625 0.44743629687500003 0.8943568031250001 0.4489482515625 0.8982875421875001 0.45257351718749994 0.89909301875 0.46043453593750006 0.892863628125
0 0.44986221562499995 0.775143753125 0.4563299484375 0.7547872546875001 0.45487388281249996 0.7014403203125 0.451312515625 0.6951444921875 0.44716805 0.69433599375 0.44296881250000003 0.6982335156249999 0.440791603125 0.7068491328125 0.442293309375 0.7562743875 0.4458181625 0.7657075609375 0.44621869218750004 0.77590695 0.44986221562499995 0.775143753125
0 0.49302049375 0.7518631124999999 0.5037958812500001 0.7629072390625 0.5075124328125 0.7558693546875 0.5108193265625001 0.7394164171875001 0.5110292796875 0.7213766859375 0.5045261562500001 0.70016035 0.496656009375 0.7071740765625 0.4934495296875 0.7149993171875 0.49590860000000003 0.726779459375 0.49517944687500004 0.7448161703125 0.49302049375 0.7518631124999999
0 0.5127915125 0.900227675 0.5106143015625 0.9088432921875 0.5131920421875 0.9104270640625 0.5148683093749999 0.9002397562500001 0.5211260875 0.897922984375 0.5227293265624999 0.8940103671875 0.5251256203125 0.8665706828124999 0.5232770312499999 0.8469502 0.5186498796875 0.8430013390625 0.5129295609375 0.8437524546875 0.51011448125 0.8625614234375 0.5098041140625 0.8892288484374999 0.5127915125 0.900227675
0 0.5777553265625001 0.8951148218749999 0.5793403109375 0.8927708734375001 0.58015161875 0.8676751375 0.5768184609375 0.8417709078125 0.571198553125 0.8338943265625 0.5665166312500001 0.8346514812500001 0.5643759359375 0.8401297546875 0.5636832953125 0.8550291218750001 0.56610585 0.8699466062500001 0.5741483171875 0.8927406734375 0.5777553265625001 0.8951148218749999
0 0.5518443656249999 0.7569116078125 0.546515446875 0.76864645 0.5469433609375 0.7764928296875 0.5485648578125 0.7710115359375 0.5543216937500001 0.7671230765625 0.5594224015625 0.7749966374999999 0.567338190625 0.76406123125 0.5684678734374999 0.7562239109375 0.5679589234375 0.7107263765625 0.5648893687500001 0.706786575 0.560735775 0.706762415625 0.5560264687500001 0.70987258125 0.5544140984375 0.7145695359374999 0.5518443656249999 0.7569116078125
0 0.633960015625 0.750329740625 0.6308094265624999 0.7087387875 0.6277581296875 0.7032303140625 0.6236045375 0.7032061546875 0.619387040625 0.7086723484374999 0.6193037640625 0.76044155 0.6238396328125 0.7722337718750001 0.627993228125 0.7722579328125 0.6317189062499999 0.7644357109375 0.633960015625 0.750329740625
0 0.6350053 0.8389718015625001 0.6324184328125 0.838172365625 0.6276817390625 0.8436355390625 0.626733503125 0.8804963140625001 0.63022184375 0.8930668328125 0.637945934375 0.8986024859375 0.63927644375 0.873509771875 0.6375282703125 0.845261590625 0.6350053 0.8389718015625001
0 0.689000909375 0.8839960609374999 0.6946664593749999 0.8879509609375 0.6995492078125001 0.869938409375 0.7004883140625 0.8338619671874999 0.695515403125 0.8150077015624999 0.690842609375 0.814980521875 0.6871443140625 0.8204497359375 0.6848393078125 0.8400460593749999 0.6853938984375 0.8816219125 0.6869058546875 0.885552653125 0.689000909375 0.8839960609374999
0 0.6844764109375 0.7819991453124999 0.6925108703125 0.7608673703125 0.68936028125 0.7192764171875 0.686846440625 0.7122022921875 0.6817183453125 0.7066817390625 0.6770181671875 0.7090075687499999 0.6748683421874999 0.7152701765625 0.6741848312500001 0.7293852078125 0.6776366578124999 0.7450930687499999 0.6794030875 0.7717725765625 0.6844764109375 0.7819991453124999
0 0.7489290343749999 0.8208091156249999 0.743737040625 0.8207789156249999 0.739501290625 0.8278137796875 0.7430341515625 0.8811727953125 0.751842284375 0.88279280625 0.7561510609375001 0.8694832531250001 0.757536340625 0.839684521875 0.7560974125000001 0.8294790921875 0.7489290343749999 0.8208091156249999
0 0.7454472734375 0.763059621875 0.7486172390625 0.7583717265625001 0.748872834375 0.7364103156249999 0.7510865578125 0.724657353125 0.758620071875 0.7019538843750001 0.757609059375 0.6995948375000001 0.7523622953125 0.7042706546875 0.7425340234375 0.70107593125 0.7388722421875 0.7034077984375 0.7403191765625 0.7575390703125 0.7413119328125 0.7614667890625 0.7454472734375 0.763059621875
0 0.8036286531249999 0.760729315625 0.804348678125 0.743476940625 0.8015347203125 0.717575728125 0.797445025 0.712061215625 0.7906406625 0.7167279734374999 0.7886540281250001 0.753582709375 0.7904569734375 0.777124871875 0.7930164578125 0.7802773171874999 0.7966873640625 0.7771611125 0.8036286531249999 0.760729315625
0 0.801930765625 0.9066158296875001 0.80760544375 0.9097863953124999 0.8125247046874999 0.8886364999999999 0.8107217609375 0.8650943375000001 0.8041364812499999 0.8509370281249999 0.79638500625 0.8477543828125 0.794262565625 0.8516639843749999 0.794043484375 0.8704880515625 0.797021753125 0.8822712125000001 0.797877584375 0.8979639734375 0.801930765625 0.9066158296875001
0 0.8570674281249999 0.8535980750000001 0.8497712515625 0.8559088031250001 0.8471113562499999 0.8613840578125 0.848194275 0.9021785953125001 0.8569111234375001 0.9116419671875 0.8627227281250001 0.9030474890625 0.8642266765625 0.8630523890624999 0.8622137796875 0.8575499546875 0.8570674281249999 0.8535980750000001
0 0.9245542109375 0.8547750109375001 0.9216215828125 0.83907016875 0.9175227593749999 0.8343399937499999 0.9127951953125001 0.8390188296875 0.9106271125 0.8468501093749999 0.9106259921875001 0.8915602890625 0.9167103296875 0.9041459062499999 0.9209095656249999 0.900248384375 0.9230959046875 0.8908484328125 0.9245542109375 0.8547750109375001