0 0.8799594140625 0.0289876046875 0.8637871578125 0.0302276609375 0.8425001890624999 0.0377596171875 0.8339118296875 0.0359137875 0.8321868374999999 0.0320968609375 0.8237404421875001 0.033274284375000004 0.8248158828125 0.039717626562500004 0.81644046875 0.0424066765625 0.8166297531250001 0.04643768125 0.8400676062500001 0.0517924109375 0.870013915625 0.047617909375 0.884390196875 0.0410493 0.8880401828125001 0.036483103125 0.8870593843749999 0.0320552625 0.8799594140625 0.0289876046875
0 0.8814178765625 0.10942492968749999 0.8596576953125 0.10687937656249999 0.8591737687500001 0.11303292031250001 0.8485657734375 0.1175547140625 0.8442662359374999 0.124747325 0.8505983531249999 0.12792202187499999 0.8684482828125001 0.1294911421875 0.896693259375 0.1220035890625 0.905576259375 0.11366487031250001 0.9038276062499999 0.1093440671875 0.895936121875 0.105879571875 0.8866982125 0.106660159375 0.8814178765625 0.10942492968749999
0 0.6898870171875 0 0.6917963312500001 0.0050072375 0.71348553125 0.0060411640625 0.7426194125000001 0 0.6898870171875 0
0 0.7659277234374999 0.05299834531249999 0.752921525 0.05582574999999999 0.7451483421875 0.05488063125 0.7419349640624999 0.0522855328125 0.7365599828125 0.053034803124999995 0.740635859375 0.057538365625 0.7370095328125 0.0626084375 0.723259140625 0.06604675625 0.7126748093749999 0.071072425 0.7026690453125 0.07196004843750001 0.6981565609375 0.0746177828125 0.6990190578125001 0.07652624687500001 0.7216180750000001 0.0804763875 0.7469335984375001 0.07644024375 0.7651254921875 0.068832565625 0.771079040625 0.0639452515625 0.7745397421875 0.05534805 0.7659277234374999 0.05299834531249999
0 0.7340439812499999 0.134232359375 0.7126860296875 0.140252690625 0.7044762390625 0.14646886875 0.705315075 0.1478734578125 0.7247480328125 0.150236253125 0.7415935 0.146873653125 0.7570215640625 0.1462445109375 0.77226034375 0.141584365625 0.7766545218750001 0.136407253125 0.7732281999999999 0.1292772734375 0.7475814265625 0.1262591625 0.7375283421875001 0.1261390359375 0.7340439812499999 0.134232359375
0 0.6043187828125001 0 0.584283815625 0.0032576906250000003 0.58603246875 0.0075784953125 0.5802918671875 0.017000685937500003 0.5905342359375 0.021151817187499998 0.6250640078125 0.0158312109375 0.6386014546875 0.0078580109375 0.639700140625 0 0.6043187828125001 0
0 0.6209345484375 0.09248292500000001 0.66074465625 0.08439754687499999 0.669769621875 0.07908208125 0.669533015625 0.0740433265625 0.66296429375 0.06582987500000001 0.6336675359374999 0.06737795937499999 0.604052475 0.078606715625 0.5950748296875 0.084929934375 0.612995740625 0.08801067968750001 0.6209345484375 0.09248292500000001
0 0.6406902609375 0.1510970203125 0.60881895625 0.16365464375 0.607543515625 0.169411353125 0.6199474828125 0.170218115625 0.624838534375 0.1756223890625 0.6393094578125 0.17106928125 0.651618784375 0.169860540625 0.666691940625 0.161673265625 0.6703419265624999 0.1571070671875 0.670105321875 0.1520683125 0.6630763328125 0.15051228125 0.6508379890625 0.1532326484375 0.6406902609375 0.1510970203125
0 0.8878964078125 0.181554853125 0.8732835203124999 0.18308470937500002 0.8604429437500001 0.1894392421875 0.8442706890625 0.1906793 0.8306859187500001 0.1976447484375 0.8461613046875 0.19802335468750001 0.8533322578125 0.20260263906249998 0.8926111171875 0.19966305625 0.9063141890624999 0.1952169859375 0.9145712984375001 0.19000855781249998 0.9155391546875 0.1777014671875 0.898020475 0.1831866078125 0.8878964078125 0.181554853125
0 0.793037409375 0.20238575781249998 0.7820508453125 0.19884554062499998 0.7728365968750001 0.2001300015625 0.7646031484375 0.20584230468750003 0.7530853359374999 0.2074478828125 0.748359909375 0.205570734375 0.7306282828125 0.2065209953125 0.724532771875 0.208385053125 0.7216743 0.21334808593750001 0.704202940625 0.21984097500000002 0.721214034375 0.2200055078125 0.7323898796874999 0.2275767265625 0.768479021875 0.22254591875 0.7813669156249999 0.2171991359375 0.7924824984375001 0.20702767500000002 0.793037409375 0.20238575781249998
0 0.674067346875 0.219984471875 0.665597290625 0.22065801875000002 0.6504768140625 0.22783754531249997 0.6350014296875 0.22745893593750002 0.6290715437500001 0.232850125 0.6167148953125 0.2330511140625 0.6091546578125 0.23664087500000003 0.61532115 0.2362884421875 0.6201412203125 0.2401810921875 0.642716575 0.24362735781249997 0.6725919015625 0.23794123125 0.6801994625 0.23535921875 0.6845936421875 0.2301821078125 0.6795606281250001 0.22175458125 0.674067346875 0.219984471875
0 0.675118771875 0.2917535171875 0.681048659375 0.28636233125 0.6690812984375001 0.278394271875 0.6651710453125 0.2774178375 0.6629857859375 0.28025833125 0.654539390625 0.28143575468750004 0.652909040625 0.2796343296875 0.6363001765625 0.2880356828125 0.627085928125 0.28932014375000004 0.6130752703125 0.28721583281249996 0.6085154671875 0.2888658125 0.6056096734375 0.292821096875 0.6180136421875 0.2936278578125 0.6213926453124999 0.2997500875 0.6161596312500001 0.303522609375 0.6629987296875 0.2969932609375 0.675118771875 0.2917535171875
0 0.758180840625 0.2665840796875 0.74085144375 0.276100221875 0.7402255531249999 0.2792305140625 0.7426474187500001 0.281428778125 0.756658075 0.28353308906249997 0.7835093078125 0.27928286562500004 0.8008387046875001 0.269766725 0.8029766437499999 0.2659184796875 0.8004364765625 0.26120083906249997 0.7834253828125 0.261036309375 0.772025875 0.26516126406249996 0.758180840625 0.2665840796875
0 0.8985561750000001 0.2439727875 0.8923187015625 0.2428135921875 0.868609865625 0.2481472875 0.8618411421875001 0.2521338859375 0.850276009375 0.25273171250000004 0.8496027984375001 0.254854253125 0.8647125578124999 0.2639057828125 0.8786049125 0.26349071875 0.8954503812500001 0.2601281203125 0.9144811109375001 0.2539250296875 0.9227145609375 0.248212728125 0.9255730312500001 0.24324969218749998 0.9177052078125 0.240289071875 0.8985561750000001 0.2439727875
0 0.878923215625 0.25381004375 0.878344646875 0.25794808593749996 0.8823022187499999 0.25993227343749997 0.886862021875 0.258282290625 0.8865544359375 0.2517319078125 0.8818999906249999 0.25136638906250003 0.878923215625 0.25381004375
0 0.8687120515625001 0.3292808515625 0.891771334375 0.32657357187499997 0.9123377703125 0.3201564046875 0.918869890625 0.31113105 0.90797796875 0.3096063359375 0.8656986734375 0.3144857 0.8627692203124999 0.31793710625 0.8453451812500001 0.3254377484375 0.8361545937500001 0.327226084375 0.8687120515625001 0.3292808515625
0 0.7733057703124999 0.32533652968750004 0.7595790375 0.329278725 0.7560000328125 0.335356546875 0.742486246875 0.343833621875 0.743443384375 0.3477575890625 0.756354940625 0.3429146796875 0.7862539296875 0.3377324296875 0.8075172390625 0.32969659687499997 0.8112145453125 0.32613815156250003 0.8117457953124999 0.32099235625 0.794592740625 0.317804571875 0.7861226828125 0.3184781203125 0.7733057703124999 0.32533652968750004
0 0.680290065625 0.3525037390625 0.6963676796875 0.3492481796875 0.703136403125 0.3452615796875 0.70527434375 0.3414133359375 0.6949609921875 0.335750578125 0.6532366046875 0.33598802499999997 0.64601833125 0.33040098906250004 0.6292911671875 0.33628296562500004 0.6367697046874999 0.34741263125 0.680290065625 0.3525037390625
0 0.59654665 0.36316318124999997 0.5696480937499999 0.3664056515625 0.5586851921875 0.36336931093749997 0.5576334140625 0.35742984375 0.5528843250000001 0.3550488203125 0.5547749421875 0.3623928765625 0.5526606625 0.366744996875 0.5381897375 0.37129810625 0.537563846875 0.374428396875 0.5384263453125 0.3763368609375 0.55793028125 0.38021128125 0.590251134375 0.3772272921875 0.6046510781250001 0.37116255625 0.60446179375 0.367131553125 0.59654665 0.36316318124999997
0 0.6623370046875 0.398116159375 0.6469799218750001 0.400256928125 0.6333951546875001 0.407222378125 0.6358170203125 0.4094206390625 0.650548209375 0.41041016093750005 0.6826797796874999 0.4033951671875 0.6954966921875 0.396536759375 0.6953547296875 0.3935135046875 0.688254759375 0.390445846875 0.68206460625 0.3902944046875 0.670617775 0.39341160625 0.6623370046875 0.398116159375
0 0.792601215625 0.3906080421875 0.8099779343750001 0.38209965156250003 0.8072721421875 0.3738548828125 0.7849807125 0.3764551234375 0.7575272515625 0.3843395125 0.7471795218749999 0.3944039359375 0.7481366625 0.3983279015625 0.7773624359375 0.3952681921875 0.792601215625 0.3906080421875
0 0.863125490625 0.3782411265625 0.8633147734375 0.3822721296875 0.881837915625 0.38171870937499996 0.9070824578125001 0.3761709375 0.9183636640625 0.3695266046875 0.9205489234374999 0.36668611093750003 0.9187529484375 0.36135755937499997 0.9102119109375 0.36051947968750003 0.8942289390625 0.365790540625 0.87116965625 0.36849781875 0.863125490625 0.3782411265625
0 0.8934762546874999 0.41559849687500006 0.8782847953124999 0.421266396875 0.8667196625000001 0.42186422187500006 0.8622781640625 0.4260335796875 0.8879012734374999 0.42854781875 0.9270381703125 0.4225849796875 0.9346457312500001 0.42000296875 0.93352296875 0.41255187343750005 0.9295653968750001 0.41056768750000006 0.9157676828125 0.41299825781250005 0.8978940937500001 0.4109252609375 0.8934762546874999 0.41559849687500006
0 0.8841825328124999 0.4645683734375 0.8765513125 0.46664651093750004 0.8713892781249999 0.4719306578125 0.8776267531249999 0.473089853125 0.9076440437500001 0.47042697968749997 0.9259542390625001 0.4653386796875 0.9349555437499999 0.4595193375 0.9355341140625001 0.45538129375 0.931576540625 0.4533971078125 0.9168690109375 0.45291146250000003 0.8923686625 0.4578483203125 0.8841825328124999 0.4645683734375
0 0.929608678125 0.5267044546874999 0.937074275 0.5210991921875 0.938420696875 0.5168541109375 0.9344394656249999 0.51436605 0.9143332953125001 0.5141257968749999 0.8844816281250001 0.5203157984375 0.8802767328125001 0.5295239125 0.8943347125000001 0.5326359765625 0.9158582875000001 0.5301427750000001 0.929608678125 0.5267044546874999
0 0.7814030703125 0.4352788328125 0.7691174046875 0.43699144843750004 0.7610495765625 0.44623088125 0.7496027484375001 0.44934808437499996 0.7475121312499999 0.4542040796875 0.7553799546875 0.45716469843749996 0.7662008953125 0.45717778750000004 0.7973989875 0.446742703125 0.8131690140625001 0.43693676249999996 0.8114203609375 0.43261595937499997 0.800457459375 0.4295796171875 0.788124471875 0.43028448125 0.7814030703125 0.4352788328125
0 0.6651714578125001 0.45847876718749997 0.6384858484375 0.4662561171875 0.6325323 0.4711434296875 0.6342099718750001 0.47395260781250004 0.6499456203125 0.4798738453125 0.6868262765625001 0.4752398734375 0.7072270890625 0.4652955796875 0.710038240625 0.45932479375 0.703729784375 0.45665397343749997 0.692235634375 0.4587634234375 0.6695892953125 0.4538055328125 0.6651714578125001 0.45847876718749997
0 0.660702615625 0.51144375 0.6561664734375 0.513597609375 0.664991434375 0.52048219375 0.6858181375 0.51960765625 0.7155751625 0.5114021531249999 0.7185519375 0.5089584953124999 0.7151256140625 0.5018285171875 0.7097033140625 0.5015700359374999 0.6975596125 0.506305903125 0.673850775 0.5116395984375 0.660702615625 0.51144375
0 0.7777240234375 0.5017242859375 0.8139078062499999 0.498708978125 0.82067653125 0.4947223796875 0.8181363640624999 0.49000473906249997 0.8102685375 0.48704411875 0.7994239390625 0.4865271546875 0.771804853125 0.4908844171875 0.761196859375 0.4954062078125 0.7668557640625 0.5007034453125 0.7777240234375 0.5017242859375
0 0.818801084375 0.537079240625 0.791926190625 0.5408255875 0.7652879031250001 0.5496106875 0.7817914078125 0.5554248890625 0.8148091328125 0.550822234375 0.8307447859374999 0.544543421875 0.8282519374999999 0.540833534375 0.818801084375 0.537079240625
0 0.734952309375 0.5619542375 0.7355308796875 0.55781619375 0.7308054515625 0.5559390468750001 0.677055665625 0.563431740625 0.6758038828124999 0.5696923234375 0.6790409234375 0.5727913 0.6860225921875001 0.5733395796874999 0.728278228125 0.5679563390625 0.734952309375 0.5619542375
0 0.7338813203125001 0.6214428671875 0.737554965625 0.6173805453125001 0.7349911390625 0.6121590296874999 0.7051158109375 0.61784515625 0.6724293328125001 0.6295020703125 0.6896533687499999 0.6342014812500001 0.70273055 0.632885703125 0.7210407437499999 0.6277974015625001 0.7338813203125001 0.6214428671875
0 0.7777436453125001 0.6173571765625 0.7977788328125001 0.616085803125 0.827512196875 0.607376421875 0.8303470093750001 0.6019095125 0.8238965874999999 0.5962154390625 0.8191948218749999 0.59484216875 0.80693281875 0.597058659375 0.7718008140625 0.606013434375 0.7696155546875 0.6088539265625 0.7777436453125001 0.6173571765625
0 0.932269375 0.5669074609375 0.92854840625 0.5699620296875 0.9057493890625 0.5782119390625 0.8918333734375 0.5781231296875 0.8775280734375001 0.5862033671875 0.8823244812500001 0.589592140625 0.9002217312499999 0.5921690125 0.9110426687500001 0.5921821015625001 0.9255372546875 0.5881328671875 0.9444970015624999 0.5804181484375001 0.9504505515625 0.5755308375 0.951005459375 0.5708889187499999 0.93613230625 0.56687614375 0.932269375 0.5669074609375
0 0.9431657484375 0.6343641484375 0.9292733921874999 0.6347792140624999 0.8881168578124999 0.647109675 0.90936945 0.6553048968749999 0.9446907375 0.650381128125 0.9545308765625 0.6459663734375 0.95738935 0.6410033390625001 0.9431657484375 0.6343641484375
0 0.8196724859375 0.6708516515625 0.8280005796875001 0.66715485 0.8324184171875 0.662481615625 0.82980726875 0.65625235 0.8251291625 0.6553829546875 0.786134228125 0.6643690453125 0.774782040625 0.6695017515624999 0.7750186453125 0.67454050625 0.78900564375 0.6761409421875 0.8196724859375 0.6708516515625
0 0.6861746484375 0.6917927765624999 0.70165003125 0.6921713859375 0.7207280796875 0.6869760453125 0.7320802671875 0.681843340625 0.7357539171874999 0.67778101875 0.73474945625 0.6728493015625 0.730095009375 0.67248378125 0.7093156296875 0.6743660703125001 0.679487621875 0.6810599484375001 0.678306821875 0.688832159375 0.6861746484375 0.6917927765624999
0 0.7290572125 0.7326792359375001 0.72882060625 0.7276404796875 0.72251215 0.724969659375 0.69038058125 0.7319846531249999 0.663187384375 0.7454116734375 0.6834828374999999 0.7496829296875 0.7086564 0.7426235296875 0.7253599046875 0.73623768125 0.7290572125 0.7326792359375001
0 0.7698008 0.728013946875 0.78939938125 0.7339038703125 0.8205501515625 0.722461034375 0.829433153125 0.714122315625 0.8213287234375001 0.706122940625 0.815835440625 0.70435283125 0.8081569015625 0.705423215625 0.7731668609375 0.71740124375 0.767236971875 0.7227924328124999 0.7698008 0.728013946875
0 0.9346872015625 0.6842347390625 0.892431565625 0.6896179796874999 0.8872931921875 0.6954060046875 0.9006779593750001 0.700640609375 0.9353496968749999 0.698343253125 0.9451898375000001 0.6939285015625 0.938597453125 0.6852111734374999 0.9346872015625 0.6842347390625
0 0.95425363125 0.738817828125 0.9456889343749999 0.737475875 0.9358961140625001 0.742898378125 0.9244019640625 0.7450078312499999 0.9112774625 0.745315859375 0.906339090625 0.7389038328125 0.9009404515625 0.7391492265624999 0.9013899999999999 0.7487228625 0.8969248390625 0.7523883453125 0.89080566875 0.753748528125 0.8849940828125 0.76165909375 0.9214854515625 0.76519416875 0.9420992109374999 0.7597847515625 0.9534277390625 0.7541481703125 0.9585187906250001 0.747352396875 0.95425363125 0.738817828125
0 0.8961958156250001 0.802700178125 0.89319538125 0.8046399578125 0.8905025328124999 0.8131301203125 0.8852695171875 0.81690264375 0.9069587171875 0.8179365703125001 0.9467451640625001 0.8093473156250001 0.9565143234375 0.8034209359375 0.9585103 0.7965494390625001 0.9444523203124999 0.7934373765625 0.9359586046875 0.79360705 0.923814903125 0.7983429171875 0.8961958156250001 0.802700178125
0 0.8261295828125 0.7754436874999999 0.8242862890625 0.7691073828125 0.81406758125 0.7654601265625 0.788799375 0.7705040234375 0.7706784640625 0.779623328125 0.7663552671875 0.786312065625 0.7734552390625 0.7893797250000001 0.8126631171875 0.7849285140625 0.8261295828125 0.7754436874999999
0 0.762825809375 0.8263636265625 0.766854365625 0.829859440625 0.78254269375 0.8347729265625 0.8224237859375 0.828199175 0.8269835890625 0.8265491921875 0.8298893812499999 0.8225939125 0.822434503125 0.8119681203125 0.8169885421874999 0.8112057625 0.7771784328125 0.819291140625 0.764266875 0.8241340484374999 0.762825809375 0.8263636265625
0 0.70355685625 0.79861635 0.71749653125 0.7992090359375 0.7295219328125 0.7919537875 0.7307973750000001 0.78619708125 0.7267924781249999 0.7832051437499999 0.7166684125 0.781573390625 0.665577096875 0.7963031015625 0.6709993984375 0.796561584375 0.6812890875 0.801720465625 0.70355685625 0.79861635
0 0.7315473828125 0.844924690625 0.7321969328125 0.8422982749999999 0.725888478125 0.8396274546875 0.6982220703124999 0.8429769640625 0.671702084375 0.8542814421875 0.6757306375 0.8577772546875 0.680385084375 0.8581427749999999 0.7194746609375 0.8511721859374999 0.7315473828125 0.844924690625
0 0.45828957656249997 0.01940283125 0.44333472343749997 0.030109484375000002 0.4691944390625 0.037662476562500005 0.4823662625 0.038362201562499997 0.5146161328125001 0.0338665859375 0.5245272562500001 0.030963459375000002 0.5320165125 0.02586206875 0.5318508890625 0.022334940625 0.522234409375 0.01505351875 0.50920455 0.017377046875 0.5014077078125 0.015928054687500002 0.47700200156249994 0.022880415625 0.45828957656249997 0.01940283125
0 0.4758337859375 0.11321707343750001 0.474511021875 0.1179660296875 0.5077180328125 0.1173943796875 0.5499263453125 0.11100338750000001 0.5559272156249999 0.1071238265625 0.560899965625 0.09780867343750001 0.549240190625 0.096390996875 0.5260862656249999 0.0970827734375 0.5140135453125 0.10333026875 0.479625734375 0.11167412968749998 0.4758337859375 0.11321707343750001
0 0.5181885140625 0.175781309375 0.5013430453125001 0.17914390625 0.5006698328125 0.181266446875 0.5225483171875 0.186331378125 0.5548691703124999 0.1833473890625 0.5647566312500001 0.1799403859375 0.5714307125 0.173938284375 0.5719619609375 0.1687924921875 0.5640231546875001 0.16432024375 0.5393378359375001 0.17080440937500002 0.5247916140625 0.1682675796875 0.5181885140625 0.175781309375
0 0.500626965625 0.24619066875 0.49628010468749995 0.25237553125 0.5282589953125 0.258568340625 0.5628834109375 0.255263234375 0.5734440843749999 0.24973369218750002 0.5731128359375 0.24267943593750002 0.56826910625 0.23828291093749998 0.564311534375 0.23629872500000002 0.5490727546875 0.24095887187499998 0.508258184375 0.244112534375 0.500626965625 0.24619066875
0 0.5815980625 0.29170680625 0.5769199546875 0.290837409375 0.5630749203125001 0.2922602265625 0.560169128125 0.29621550937499996 0.5502816671875 0.29962251093750003 0.5413750046875 0.30745735625 0.5307433515625 0.3114752703125 0.516154121875 0.31350900312499996 0.5147603765625 0.31674633281250003 0.5288656781250001 0.3208661453125 0.5381272484374999 0.3205894359375 0.549645059375 0.31898385937499996 0.565604371875 0.313208921875 0.5731172875 0.3086114078125 0.580440921875 0.299982890625 0.5815980625 0.29170680625
0 0.5978028828124999 0.422834571875 0.5984051125 0.4192004046875 0.59276986875 0.4144070421875 0.5834846375 0.41417987968750003 0.559197234375 0.42365161718750005 0.5308339546874999 0.4286197890625 0.5496410203125001 0.434112875 0.5857538234375 0.4295859421875 0.5978028828124999 0.422834571875
0 0.5188237234375 0.48557595468750003 0.5352325875 0.48937465312499995 0.5689945046875 0.484161084375 0.57885830625 0.48025020625000003 0.588532821875 0.47230832500000003 0.588390859375 0.4692850703125 0.58287391875 0.4670110875 0.5413861375 0.472287290625 0.5330817046874999 0.47648796562499995 0.520748715625 0.47719283125 0.5188237234375 0.48557595468750003
0 0.5625592562499999 0.5281679296874999 0.5349638296875 0.5330290640625 0.5296598312499999 0.5352899609375 0.5290812625 0.539428003125 0.5392763109375001 0.5425713828125 0.575578396875 0.5420754546875 0.585442196875 0.5381645765624999 0.58762745625 0.535324084375 0.58175560625 0.5254919671875 0.5770301796874999 0.5236148203125001 0.5716552 0.524364090625 0.5625592562499999 0.5281679296874999
0 0.540637903125 0.5880272203125 0.578262753125 0.582782334375 0.581983721875 0.5797277656250001 0.58253863125 0.5750858453125 0.5738319703125 0.5707206390625 0.5630346921875 0.5712114265625 0.540188353125 0.5784535843749999 0.5355339078125 0.578088065625 0.534329446875 0.5853563984375 0.540637903125 0.5880272203125
0 0.578396225 0.63500263125 0.587421190625 0.6296871640624999 0.5880470812499999 0.6265568734375 0.586298428125 0.62223606875 0.5808288078125 0.6209698375 0.5378289781250001 0.6269639921875 0.5188928921875 0.6351825859375 0.5252250109375 0.6383572828124999 0.5368847828125001 0.6397749578124999 0.578396225 0.63500263125
0 0.5976443515625001 0.69926639375 0.5982229203125 0.6951283515625 0.586326540625 0.6886719203125 0.5763207765625 0.6895595453125 0.533652196875 0.7026079562499999 0.5324004140625 0.7088685390625 0.5457851812500001 0.71410314375 0.59248231875 0.7045505421875 0.5976443515625001 0.69926639375
0 0.5804484265625 0.7610028328125 0.5880796453125 0.7589246968750001 0.590241246875 0.755580328125 0.59063053125 0.74741128125 0.5882559875 0.74622076875 0.545929371875 0.750092384375 0.5293914890625 0.7600053640625 0.541145903125 0.7634385406249999 0.5558770953125001 0.7644280640625001 0.5804484265625 0.7610028328125
0 0.5931278296875 0.8170531421874999 0.5983608453125 0.8132806218749999 0.6004514624999999 0.8084246265624999 0.5971907640625 0.8048217765624999 0.5763403984375 0.8051924359375 0.5455789156249999 0.8084662249999999 0.5327383390625 0.8148207578125 0.54628873125 0.823582490625 0.5771211968750001 0.8218203296875 0.5931278296875 0.8170531421874999
0 0.55817661875 0.8792359640624999 0.5803970671875 0.875124096875 0.60093984375 0.868203053125 0.6053340234375 0.86302594375 0.5956465625 0.8542328953125 0.5841050906249999 0.8553345968749999 0.5498829046875 0.8672055859375 0.5469771125 0.8711608671875 0.547957909375 0.8755887078125 0.55817661875 0.8792359640624999
0 0.3465329765625 0.042486125 0.3178750515625 0.05763885 0.3093340140625 0.056800770312500005 0.29635147812499996 0.0601320515625 0.30486885468749997 0.0604662546875 0.3129259640625 0.06745787812500001 0.3444553015625 0.0640770515625 0.36043827500000003 0.058805990625000006 0.374743575 0.0507257515625 0.375227503125 0.0445722078125 0.3634730859375 0.0411390296875 0.357377575 0.0430030890625 0.3465329765625 0.042486125
0 0.3542289125 0.124082646875 0.3215187734375 0.1352356828125 0.32091654375 0.13886985000000002 0.32724865937500003 0.142044546875 0.34039682187500003 0.1422403953125 0.3773248 0.1386141734375 0.3992376609375 0.1279519265625 0.3936733984375 0.1246701890625 0.392526975 0.11671522031249999 0.375634184375 0.11907006718749999 0.3643056578125 0.12470664843749998 0.3542289125 0.124082646875
0 0.3924733890625 0.1978704984375 0.368551609375 0.1986693140625 0.351942746875 0.2070706671875 0.3568101359375 0.211971065625 0.3677020578125 0.21349578125000002 0.371872575 0.2200148453125 0.38245690625 0.214989178125 0.41165902499999996 0.21142559218749998 0.42594066562500005 0.2028414796875 0.402479153125 0.1969828734375 0.398237653125 0.18895218281249998 0.3924733890625 0.1978704984375
0 0.42191656406250005 0.26527764062500003 0.40788224375000004 0.262669453125 0.389288121875 0.26171124687499997 0.39036356250000004 0.26815459218750004 0.388107321875 0.2694834578125 0.3651663421875 0.2747101140625 0.35413245781249997 0.270162146875 0.35052979375 0.2757360953125 0.3459699890625 0.2773860765625 0.35060077500000003 0.277247721875 0.3547949515625 0.2842706609375 0.3587052046875 0.28524709531250003 0.3811149359375 0.28516623281250003 0.420251834375 0.2792033953125 0.42618172187500003 0.2738122078125 0.42191656406250005 0.26527764062500003
0 0.38442740937500003 0.355708809375 0.41644067656250006 0.3461744375 0.421697353125 0.34290579062500004 0.42450850312500005 0.33693500625 0.41265944374999997 0.3314863265625 0.401046990625 0.33107640156249996 0.39737334375 0.33513872031249997 0.3607766140625 0.3458191984375 0.3636007078125 0.35658334687500004 0.38442740937500003 0.355708809375
0 0.43111605624999993 0.3953532515625 0.4229169828125 0.385338375 0.41821521562499997 0.383965103125 0.3967389609375 0.3874660546875 0.371612721875 0.39553320625 0.3698770125 0.407947334375 0.373810925 0.40942764374999996 0.4204844 0.3993711671875 0.43111605624999993 0.3953532515625
0 0.44551135156250005 0.4454823296875 0.44145913593749997 0.441482640625 0.4259364296875 0.4400962828125 0.384401328125 0.444364734375 0.3777745671875 0.45137458593749996 0.382547315625 0.45425948437499997 0.40351598125 0.4564082 0.4418613640625 0.45004852656249994 0.44551135156250005 0.4454823296875
0 0.384449259375 0.5043076890625 0.390013521875 0.5075894234375 0.41470315625 0.50668356875 0.436108425 0.501670990625 0.43978207343750003 0.49760866875 0.43952180781249994 0.4920660375 0.432303534375 0.4864790015625 0.42001786875 0.48819161875 0.40948085624999997 0.49422503593749995 0.38653987500000003 0.49945169375000004 0.384449259375 0.5043076890625
0 0.4248080140625 0.5737434218749999 0.44455927500000003 0.566425540625 0.44746506718749995 0.5624702593750001 0.44348383281250003 0.559982196875 0.4240508765625 0.557619403125 0.404063009375 0.5598985296875 0.3860130796875 0.5705294609375 0.3752867828125 0.5725318749999999 0.4079152234375 0.5760982671875 0.4248080140625 0.5737434218749999
0 0.3782206875 0.635012440625 0.41051788125 0.631524578125 0.428709775 0.6239168984375 0.430056196875 0.6196718171875 0.42600398281249996 0.6156721296875001 0.4228379234375 0.61408478125 0.40529558281250005 0.61906604375 0.3829804921875 0.6211624078125 0.36960866875 0.632662734375 0.3782206875 0.635012440625
0 0.4456413921875 0.6717668453125001 0.4179749859375 0.6751163546875001 0.3943844546875 0.6829694265625 0.389127778125 0.686238075 0.3871318015625 0.6931095734375 0.44011373593750003 0.6857239171875 0.4468587984375 0.6812334421874999 0.4456413921875 0.6717668453125001
0 0.44158410156250005 0.7334961843750001 0.445257746875 0.7294338640625 0.44336713281250006 0.72208980625 0.423402925 0.7248728078125 0.395902140625 0.7317494453125 0.38706646093749997 0.741095915625 0.39574946093749996 0.7449572484375 0.42869620468749997 0.738842965625 0.44158410156250005 0.7334961843750001
0 0.4552882109375 0.7784501046875001 0.45574847656250006 0.7717926828125 0.4455534296875 0.768649303125 0.422565128125 0.772868209375 0.3990692390625 0.782736784375 0.397864778125 0.7900051171875 0.4103870484375 0.7933312578125 0.4516145640625 0.782512425 0.4552882109375 0.7784501046875001
0 0.3977745875 0.853921590625 0.43691148437500005 0.8479587515624999 0.44728287499999997 0.8383982046874999 0.448440015625 0.83012211875 0.44364360625000004 0.826733346875 0.42521510781250005 0.82930226875 0.4215178 0.8328607140625 0.4010223453125 0.8407895078125 0.3952344203125 0.84920395 0.3977745875 0.853921590625
0 0.40486606875 0.9061862906249999 0.4118950578125 0.907742321875 0.4279490109375 0.9039828859375 0.4537484625 0.8937931984375 0.4567488984375 0.8918534156250001 0.456323009375 0.8827836578125 0.4507824078125 0.880005796875 0.4430802046875 0.8805723078125001 0.41723343125 0.8897542453125 0.40376696562500003 0.8992390718750001 0.40486606875 0.9061862906249999
0 0.281568353125 0.86454176875 0.25392560625 0.868395153125 0.231315875 0.88067606875 0.233785059375 0.88388208125 0.2423734203125 0.8857279109375 0.2730402609375 0.880438621875 0.285042 0.8726794999999999 0.281568353125 0.86454176875
0 0.2884361734375 0.9285026453125 0.3004852328125 0.9217512749999999 0.29857095624999996 0.9139033421875 0.2930303546875 0.9111254828125 0.29002991875 0.9130652640625 0.2509166828125 0.919531978125 0.242896178125 0.929779159375 0.254603271875 0.9322045875 0.2884361734375 0.9285026453125
0 0.1958679515625 0.0599385375 0.2122058328125 0.062225609375000004 0.2383128703125 0.0585863015625 0.24664096249999998 0.0548895015625 0.250987821875 0.0487046390625 0.2452579359375 0.0418957734375 0.23513386875000003 0.040264021875 0.1967411640625 0.045615946875 0.190716634375 0.04899163125 0.18790548437500001 0.054962415625000004 0.1958679515625 0.0599385375
0 0.08898132656249999 0.0550587015625 0.07429745625 0.0550769296875 0.0552903875 0.0617838953125 0.0470569375 0.06749619999999999 0.0422024921875 0.07933073125 0.049255140625 0.0813906375 0.0723144234375 0.0786833578125 0.10744642812500001 0.069728584375 0.1149593453125 0.065131071875 0.1129740875 0.055771512499999995 0.107409825 0.052489778125 0.10117235 0.051330582812500004 0.08898132656249999 0.0550587015625
0 0.100434834375 0.15083945781250002 0.0941500390625 0.14867251406249998 0.0599988328125 0.1620551296875 0.049851104687499995 0.1599195 0.050855565625 0.1648512171875 0.048622984375 0.1666839609375 0.037849367187499997 0.1676786203125 0.025705667187499996 0.172414490625 0.06291756875 0.17483477812499998 0.1097566703125 0.16830543125 0.12185304999999999 0.1625618109375 0.12370706093749999 0.1526670609375 0.106483025 0.14796764843750002 0.100434834375 0.15083945781250002
0 0.1964165953125 0.1374596484375 0.194254996875 0.14080401874999998 0.181414421875 0.1471585515625 0.1871443078125 0.153967415625 0.2379883015625 0.15043000625 0.24631639375 0.146733203125 0.252222621875 0.140838140625 0.24409453124999997 0.13233489062499998 0.23860124843750002 0.1305647828125 0.2186133828125 0.13284390468750001 0.20421343906249997 0.13890864218750001 0.1964165953125 0.1374596484375
0 0.1167191296875 0.23428180781250002 0.11485217343750001 0.22744162656250003 0.110032103125 0.2235489796875 0.1096062140625 0.21447922031250002 0.09590314375 0.21892529062500002 0.0858027375 0.2177974125 0.07924695781249999 0.226318890625 0.05458098593750001 0.22772862031250002 0.04706806875 0.232326134375 0.0333413375 0.23626832812499998 0.0320895546875 0.2425289109375 0.0633242515625 0.24933263593750002 0.0816817671875 0.24525208593749998 0.0910379796875 0.24699087656250002 0.0978303640625 0.2435081515625 0.1063004203125 0.2428346046875 0.113836996875 0.2387409671875 0.1167191296875 0.23428180781250002
0 0.1613729703125 0.2305929546875 0.1576283390625 0.23314365 0.183322434375 0.2371695140625 0.18965455 0.24034420937499998 0.2042910984375 0.239318228125 0.21762854531250003 0.24354508125000002 0.22207004531250002 0.23937572343750002 0.23354053437500003 0.23676239375 0.23877355156250002 0.232989871875 0.24086416875 0.2281338765625 0.2281999359375 0.22178448281250002 0.21514641562499998 0.2236041359375 0.2011357578125 0.22149982499999998 0.1613729703125 0.2305929546875
0 0.232929815625 0.28959360312500004 0.20430626875 0.28901914687499997 0.1958598734375 0.2901965703125 0.1884179375 0.2963057109375 0.1653349953125 0.2985091125 0.1772077125 0.3044616703125 0.195825496875 0.30592375 0.20143707968750002 0.3102132375 0.21206873437499998 0.30619532031249996 0.234407484375 0.3046028328125 0.2503431359375 0.29832401875 0.24936233749999998 0.293896178125 0.239816840625 0.28812638281249997 0.232929815625 0.28959360312500004
0 0.048042603125 0.3189170046875 0.06566886875 0.33218230000000004 0.096288390625 0.325885259375 0.11059369062499999 0.31780502187500004 0.11270796875 0.313452903125 0.1109593171875 0.3091320984375 0.09675937500000001 0.302996784375 0.0850759390625 0.30107523125 0.070888940625 0.311674846875 0.0563470359375 0.3147163296875 0.048042603125 0.3189170046875
0 0.1207565890625 0.36964156875 0.06940500625 0.37882864843749997 0.0611478953125 0.384037075 0.0689920609375 0.3864938203125 0.093752675 0.38709959375 0.12139542343750001 0.38324620625 0.1273489703125 0.3783588953125 0.1207565890625 0.36964156875
0 0.2776590875 0.35334835 0.27528454375 0.35215783906250003 0.251504728125 0.3559799078125 0.2436132421875 0.35251541249999996 0.2426087828125 0.3475836953125 0.2276066078125 0.3572825984375 0.2199044078125 0.35784910625 0.21517897968750002 0.3559719609375 0.20298795625000002 0.35970007656249997 0.2100879296875 0.3627677359375 0.2079973109375 0.36762373125000003 0.21987002968749997 0.3735762859375 0.26238593125 0.3737356765625 0.2715765203125 0.371947340625 0.2767622125 0.367167065625 0.2776590875 0.35334835
0 0.23768780781249998 0.4238385734375 0.22744543906249998 0.41968744375 0.22125528437500003 0.419536 0.2182311890625 0.42097190624999997 0.22225974218750003 0.4244677171875 0.2194722546875 0.43094237656249995 0.20960845312499998 0.4348532546875 0.20521427343749998 0.4400303640625 0.20761247656249998 0.4417247515625 0.264670284375 0.43884266250000004 0.285023778125 0.42789061406249995 0.2840902984375 0.4244705234375 0.2722885609375 0.42002959375 0.23768780781249998 0.4238385734375
0 0.09760711562499999 0.43626531875 0.094701321875 0.44022060312500005 0.0871410859375 0.4438103640625 0.07115811250000001 0.449081425 0.0504497125 0.45247533906250004 0.0582938765625 0.4549320828125 0.076096484375 0.4554934515625 0.0953638171875 0.4543291171875 0.1244712921875 0.448750028125 0.13968640937500001 0.4435860046875 0.14336005624999998 0.439523684375 0.1384453453125 0.4336155328125 0.13141635625 0.4320595015625 0.09760711562499999 0.43626531875
0 0.0988526328125 0.512167765625 0.1482319 0.5103560578125 0.15663097343750002 0.508170884375 0.1624188984375 0.49975644218750004 0.15133769218749998 0.4942007234375 0.13526007812500002 0.49745628281250004 0.0967254109375 0.4997849515625 0.092957121875 0.5018317734375 0.09235489218750001 0.5054659406249999 0.0988526328125 0.512167765625
0 0.2134865546875 0.4845228578125 0.23373468593750002 0.48778636249999996 0.28585412187500003 0.47849224375 0.29183132968750003 0.47410880781250003 0.2924099015625 0.46997076406250005 0.288381346875 0.466474953125 0.27984030937500004 0.46563687343750004 0.23156014374999997 0.47439580000000003 0.2225115171875 0.47920739062499995 0.21255307499999998 0.4811027671875 0.2134865546875 0.4845228578125
0 0.23847646875 0.522930425 0.2282233828125 0.5350103500000001 0.23529969374999998 0.5375741328125 0.25156659531250003 0.5383495765624999 0.2692272375 0.535887690625 0.2896517109375 0.5264472703124999 0.2823861171875 0.5198524828125 0.2745656125 0.5178996171875 0.263166103125 0.5220245703125 0.2454817984375 0.5239825812500001 0.23847646875 0.522930425
0 0.09433166093749999 0.564022540625 0.085790621875 0.5631844625 0.0843732171875 0.5659179156249999 0.09442630156250001 0.56603804375 0.0970137890625 0.5717634328125001 0.1009240421875 0.57273986875 0.1278935765625 0.5710090234375 0.1469952875 0.5663175593750001 0.1506216125 0.5612474875 0.14959349375 0.5558118953125 0.13104669375 0.555861440625 0.104939653125 0.5595007484375001 0.09433166093749999 0.564022540625
0 0.1026642046875 0.6262577140625 0.105038746875 0.627448225 0.1296337390625 0.6245268687500001 0.1548073 0.6174674703125 0.1622255765625 0.6108544546875 0.161244775 0.6064266140625 0.15577515625 0.6051603812499999 0.1411622671875 0.6066902375 0.1266913421875 0.6112433453125 0.10480214218749999 0.6224094703125 0.1026642046875 0.6262577140625
0 0.236552515625 0.5807135375 0.22479809843749998 0.577280359375 0.2171432171875 0.5788546203125 0.222589178125 0.579616978125 0.226688715625 0.5846244171875 0.21924677812499999 0.59073355625 0.23035164375 0.59679315 0.23807750625000001 0.5967305171875 0.282565721875 0.589514534375 0.2862630296875 0.5859560875 0.2860737453125 0.5819250828125 0.282789384375 0.5778183578125 0.278111278125 0.5769489625 0.236552515625 0.5807135375
0 0.247201565625 0.6593625265624999 0.287732209375 0.6501623578125 0.29296522343750003 0.6463898375 0.2927759390625 0.6423588328125 0.2872116765625 0.639077096875 0.23655696874999999 0.6466455125 0.2252521 0.6527859687500001 0.22544138593750002 0.6568169734375 0.2332855484375 0.6592737171875 0.247201565625 0.6593625265624999
0 0.1605286953125 0.6734733765625001 0.1611782453125 0.6708469609375001 0.1555903234375 0.6670613515625 0.1194775203125 0.6715882828125 0.107357478125 0.6768280265625 0.102337409375 0.6851354296875 0.1269560625 0.6827179484375 0.154504165625 0.6768490609375 0.1605286953125 0.6734733765625001
0 0.11924536875 0.732481503125 0.1156663625 0.738559325 0.1335399515625 0.7406323203125 0.1688849015625 0.736212425 0.1870767921875 0.7286047453125 0.18686384843749998 0.7240698671875 0.181323246875 0.72129200625 0.1620322515625 0.721952465625 0.12138330625 0.72863325625 0.11761501875 0.730680078125 0.11924536875 0.732481503125
0 0.2188061328125 0.71302386875 0.23989310156250002 0.7176919640625 0.2804237453125 0.7084917953125001 0.28721612812499997 0.705009071875 0.292354503125 0.699221046875 0.2898379953125 0.6950072828125 0.2836005203125 0.6938480890625 0.2697554859375 0.69527090625 0.254564028125 0.700938803125 0.22855163125 0.7065936125000001 0.2188061328125 0.71302386875
0 0.18413885000000002 0.781253196875 0.1839022453125 0.7762144421875 0.1768022734375 0.773146784375 0.124777478125 0.7844564046875 0.1236440015625 0.7932363640625 0.13688680312499998 0.7954477140625 0.16611258125 0.7923880046875 0.1760237015625 0.789484878125 0.18413885000000002 0.781253196875
0 0.240461859375 0.76934440625 0.24521094687499997 0.771725428125 0.2667108625 0.768728353125 0.2783233140625 0.769138278125 0.3009223296875 0.7730884171875 0.3031785703125 0.771759553125 0.2983348421875 0.767363028125 0.3009567078125 0.7573612390625 0.298487521875 0.754155225 0.24560023125 0.7635563828125 0.24180828281250002 0.765099325 0.240461859375 0.76934440625
0 0.24572430937499998 0.8254142906249999 0.26264075937500003 0.82356331875 0.2878379796875 0.8170077953125 0.29302367500000004 0.8122275218749999 0.2881089640625 0.8063193703125 0.251948840625 0.8098385531250001 0.2290078609375 0.815065209375 0.226054746875 0.8180127390624999 0.2292917875 0.821111715625 0.24572430937499998 0.8254142906249999
0 0.10290344843749999 0.845323446875 0.1000922984375 0.85129423125 0.12103730312500001 0.852939071875 0.143978284375 0.847712415625 0.15749206875 0.839235340625 0.160208578125 0.8312490546875001 0.1562746671875 0.8297687437500001 0.13784616875 0.8323376671875 0.1264703203125 0.8369664984374999 0.111160559375 0.84011501875 0.10290344843749999 0.845323446875
0 0.1576018828125 0.8909517609375 0.1549670734375 0.8842186171875 0.1494737890625 0.8824485109375001 0.1096163609375 0.8895261390625 0.1008043390625 0.8993764843750001 0.109511 0.9037416921875 0.1487188796875 0.8992904812500001 0.15399921875 0.8965257109375001 0.1576018828125 0.8909517609375
0 0.15990989687499998 0.9565626203125 0.175125015625 0.951398596875 0.1795428546875 0.9467253609374999 0.1747227875 0.9428327140625001 0.166949603125 0.9418875953124999 0.12320558125 0.9484926640625 0.11120384218749998 0.9562517859374999 0.1152323953125 0.9597475984375 0.1245412875 0.9604786375 0.15990989687499998 0.9565626203125