0 1 0.8345860859374999 0.9782778421874999 0.8518431453125 0.9788328859375 0.8527958531250001 1 0.8467916531249999 1 0.8345860859374999
0 1 0.75427728125 0.988312840625 0.7607398203125 0.9746676296875 0.7651654531250001 0.9674980375000001 0.7727499015625 0.9727994234375 0.7812374671875 0.9875831937499999 0.7781540953125 1 0.7786431984375 1 0.75427728125
0 1 0.671218540625 0.9970669171875001 0.6711099843749999 0.9956793078124999 0.66872821875 0.9855032859374999 0.667174121875 0.9864994828125001 0.6713321390625 0.993117465625 0.6716751999999999 0.9860545625 0.6831149062499999 0.9740638453124999 0.68762630625 0.9681751765625 0.6937372640625 0.970060884375 0.6981980390625 0.9787069359375 0.7001861218750001 1 0.699772428125 1 0.671218540625
0 1 0.5974850734375 0.9989893015625 0.5972948671875 0.9812701140625 0.6017659625 0.9694395984374999 0.6001261015625 0.9477531203125 0.6084979203125 0.9268137953125001 0.6199882484375 0.9182744312500001 0.621855425 0.9172425593750001 0.6243684203125001 0.93188396875 0.6241008046875 0.9374700796875001 0.626956859375 0.9559185781249999 0.6289397812499999 0.9960892250000001 0.615879875 1 0.6133374468749999 1 0.5974850734375
0 0.9607767140625001 0.52986864375 0.9456372046875 0.528057253125 0.94117181875 0.5298789640625 0.9352653109375 0.5393254265625 0.90713855625 0.5617357109375 0.9091666234375 0.5633807359375 0.9438400140625 0.5546555343749999 0.99496950625 0.539597225 0.9979227609375 0.5348739921875 0.9898104812499999 0.52829390625 0.9607767140625001 0.52986864375
0 0.9702954406250001 0.46389010781250006 0.96433575625 0.4594747953125 0.917066865625 0.46677712812500005 0.9097905859375001 0.47050631875000004 0.888121946875 0.4755426296875 0.8840301343749999 0.4789236 0.8928007109375 0.48143143281249995 0.893921434375 0.486109203125 0.9340207328125001 0.48639131874999997 0.9491959156249999 0.4815317 0.9624675515625001 0.4755468078125 0.9698861921875 0.46900186406250005 0.9702954406250001 0.46389010781250006
0 0.9229918781249999 0.40625857187500003 0.911944184375 0.40106621093749995 0.9065892874999999 0.40258516406249995 0.8850983484375 0.4220030046875 0.9123352625000001 0.4231582546875 0.93603196875 0.41976696562500004 0.94942813125 0.4143018265625 0.9533954187499999 0.41040110625 0.9510116125 0.403861321875 0.9229918781249999 0.40625857187500003
0 0.9163213906250001 0.3443171453125 0.8845834171875 0.35165461875 0.869514921875 0.36036949687500003 0.8738201125 0.364699046875 0.8949371390625 0.36759024375 0.9422417062499999 0.3536169 0.9458175828125001 0.351492428125 0.9431847265625001 0.343913140625 0.9163213906250001 0.3443171453125
0 0.9245413593749999 0.28314760781250004 0.9163934078124999 0.2832385328125 0.8781798140625 0.28741719374999997 0.8564576640625001 0.302460021875 0.862702071875 0.30124382656250004 0.8740166546875001 0.30414018593750003 0.8853490718750001 0.3037010390625 0.9122302453125 0.2999615265625 0.9211610203125 0.2963181015625 0.9288287093750001 0.2908126609375 0.9283484484375 0.285398146875 0.9245413593749999 0.28314760781250004
0 0.85645866875 0.2308551390625 0.8464603468749999 0.24368257187500003 0.858130665625 0.2514736921875 0.8989239390625 0.2410125453125 0.91016750625 0.23338263593750003 0.9084241593750001 0.22610610625 0.85645866875 0.2308551390625
0 0.8957051359375001 0.1525586046875 0.8659063828125 0.1543503359375 0.8516563843749999 0.15284170156250002 0.8455365031250001 0.15457765 0.8293116109374999 0.165285771875 0.8209677859375001 0.17819896875000002 0.8122860609375 0.1828818984375 0.8171071859374999 0.185954946875 0.8539331703125 0.179394521875 0.877025090625 0.170068965625 0.8942283421875 0.1668543671875 0.9004905875 0.162302665625 0.901148884375 0.1582304140625 0.8957051359375001 0.1525586046875
0 0.88803845 0.08645916249999999 0.8518707624999999 0.08894733593750001 0.8194744937499999 0.10035706250000001 0.7995313640624999 0.11600540781249999 0.805882459375 0.1186444703125 0.8227121343749999 0.113870615625 0.825878765625 0.1168579 0.865675840625 0.1022387390625 0.8720626078124999 0.0982067875 0.8769372437499999 0.09127332031249999 0.88803845 0.08645916249999999
0 0.8502704484375 0.0311184640625 0.8395784921875 0.0308208671875 0.8087300281250001 0.0384611 0.7938038953125 0.044360224999999996 0.7906015921875 0.0480439515625 0.794141796875 0.052590492187500004 0.8092813031249999 0.054401884375 0.84395469375 0.045676684375 0.85238736875 0.039954250000000004 0.8524230421875 0.0332832390625 0.8502704484375 0.0311184640625
0 0.622113271875 0.9539818562500001 0.7029556375 0.9310503562499999 0.7027586 0.9294410234375 0.6975639 0.9248087187499999 0.6773185453125 0.9255557859374999 0.6710562999999999 0.9301074859374999 0.63814409375 0.942773709375 0.622113271875 0.9539818562500001
0 0.1470258546875 0.915005425 0.127919059375 0.9170947546875 0.107869240625 0.9288878437499999 0.0942240296875 0.933313475 0.09865374375 0.9381627765625 0.0970880984375 0.9452677734374999 0.108811928125 0.9430523781250001 0.12560593281250002 0.9449495328124999 0.1543018 0.9351445281249999 0.1623073890625 0.93786935625 0.1814141859375 0.935780028125 0.18285530625 0.9281552765625 0.188743975 0.92204431875 0.1893134234375 0.910781303125 0.1754548375 0.9074964203125001 0.1470258546875 0.915005425
0 0.16015613281250002 0.8402314078125 0.11050343437500001 0.8409939546875 0.1052730640625 0.8430326609375 0.0841735390625 0.8606742515624999 0.08349740312500001 0.8680820078125 0.07920788437500001 0.8740477296875 0.079553784375 0.8754914859375 0.08741117968749999 0.8741878046875 0.10255068593750001 0.875999196875 0.14425130625 0.862505303125 0.15293303125 0.8578223734374999 0.1615080703125 0.8492841859375 0.16015613281250002 0.8402314078125
0 0.1379015484375 0.7643930640625001 0.10475813125 0.7726842765625 0.07796580625 0.7836145515624999 0.0807231875 0.7917135921875 0.13155011875 0.7856222953125 0.14749028749999998 0.7805456796875 0.152507284375 0.770796459375 0.1516356109375 0.7671581953125 0.1379015484375 0.7643930640625001
0 0.105559459375 0.7180596828125 0.123171959375 0.709733328125 0.1271392484375 0.7058326078125 0.1276730203125 0.7012406046875 0.122478321875 0.696608296875 0.0660474421875 0.7031790453125 0.0576326046875 0.705565971875 0.04116849375 0.7152756234375001 0.042976725 0.722822971875 0.054447803125000006 0.7297824875 0.060816737499999995 0.7290860453125 0.07479984843750001 0.7328906796875 0.08383731093749999 0.7331025140625 0.1001688875 0.72624965 0.105559459375 0.7180596828125
0 0.09065250312499999 0.625150125 0.041693440625 0.6390377046875 0.02790586875 0.6462790921875 0.025177992187499998 0.6485330703125001 0.027069581250000002 0.656428353125 0.047563940625 0.660130546875 0.07243488125 0.65141050625 0.08198827812500001 0.6503658421875 0.098319859375 0.6435129796875 0.1094745734375 0.6286923046874999 0.09065250312499999 0.625150125
0 0.06352328125 0.5562452515625 0.051408040625 0.560236896875 0.033190754687500004 0.5626289859375 0.018887245312500002 0.5711268703125 0.021520101562499998 0.5787061609374999 0.033475145312499996 0.580865771875 0.0598582203125 0.5750472515625 0.0672411859375 0.5751733203125 0.0764210109375 0.5725693984375 0.0811532828125 0.5684516859375 0.0889633359375 0.560130490625 0.0856721828125 0.5566234531250001 0.06352328125 0.5562452515625
0 0.066424028125 0.48992365624999995 0.023371473437500002 0.49436477031250003 0.010615771875 0.4990931625 0.004478053125 0.5041646156249999 0.008391829687500001 0.5102704124999999 0.0221258921875 0.5130355437499999 0.0640398859375 0.507252165625 0.07884149375 0.5008332890625 0.0819192734375 0.496629809375 0.080282615625 0.49320853906249995 0.066424028125 0.48992365624999995
0 0.061621409375000005 0.43577851250000005 0.059095242187499994 0.43205448124999996 0.0471402 0.42989486875000005 0.0118263484375 0.4393568140625 0.002579871875 0.44344224062500004 0.002646553125 0.454903946875 0.009442209375 0.45668532500000003 0.0492214453125 0.4454016671875 0.05854363124999999 0.4399819921875 0.061621409375000005 0.43577851250000005
0 0.0492937984375 0.3604547609375 0.0442057859375 0.3596777125 0.0021185734375 0.364151875 0.0022317328125 0.3836022 0.022447962499999998 0.381391553125 0.0460379828125 0.37414500624999997 0.05333210000000001 0.367080309375 0.0492937984375 0.3604547609375
0 0.030899478125 0.3007287328125 0.0227693640625 0.297484153125 0.00175338125 0.301380590625 0.0018500765625 0.31800113125 0.0155462609375 0.31507511875 0.0265229421875 0.309741209375 0.031130692187499996 0.30510374218749997 0.030899478125 0.3007287328125
0 0.2093881015625 0.3944185328125 0.1878439890625 0.3999745984375 0.1686483421875 0.39487316250000004 0.16366701875 0.3979513734375 0.1617099640625 0.406832621875 0.1588990703125 0.4087401 0.1404148984375 0.4134281890625 0.1415356203125 0.4181059578125 0.164129109375 0.43056968749999996 0.19193546718750001 0.42046192343750005 0.2197596625 0.4070186515625 0.21943959999999998 0.395452878125 0.2093881015625 0.3944185328125
0 0.181048975 0.337513421875 0.16816875 0.3417220609375 0.13835215781250002 0.3468492984375 0.1203482484375 0.3569519015625 0.12593435625 0.359807959375 0.133957784375 0.3591972796875 0.1445073796875 0.362310634375 0.189499153125 0.352323775 0.1976827796875 0.34556183749999997 0.197842978125 0.3394105765625 0.181048975 0.337513421875
0 0.168792375 0.27271594062500004 0.12855071406250002 0.275249578125 0.12066964843750001 0.2730445015625 0.11871259375000001 0.28192575 0.10387531093749999 0.2950156390625 0.1076645640625 0.3006016828125 0.113001625 0.30241823437500004 0.13249983125 0.29855265625 0.149560721875 0.29815381093750004 0.157726509375 0.294727378125 0.17407592656249998 0.2845390109375 0.17613966875 0.27951301875 0.168792375 0.27271594062500004
0 0.1470890671875 0.21281838125000002 0.12022573125 0.21322238593749998 0.092312684375 0.2194748921875 0.0790053734375 0.23213079374999998 0.0850895828125 0.237065859375 0.102150471875 0.236667015625 0.1407911484375 0.2240410953125 0.148191953125 0.2208316546875 0.1519101921875 0.21589143125 0.1470890671875 0.21281838125000002
0 0.12744950156249998 0.1478948328125 0.10222282187500001 0.151720109375 0.0801627734375 0.1585326703125 0.07466551406250001 0.1628673765625 0.0750212515625 0.16776213906249998 0.085677534375 0.17473075 0.0959959171875 0.1734690921875 0.10951660468749999 0.16852370781249998 0.1312209171875 0.15681638281250002 0.131505640625 0.151184875 0.12744950156249998 0.1478948328125
0 0.130990709375 0.08083649062500001 0.12131278593749999 0.081361403125 0.077566259375 0.09654578281250001 0.0717842765625 0.1065119984375 0.08181793750000001 0.110881846875 0.1214548140625 0.10241394374999999 0.1303855875 0.09877051875000001 0.1363987828125 0.09317931406249999 0.1361854078125 0.085468796875 0.130990709375 0.08083649062500001
0 0.3966119625 0.4734188890625 0.3468700796875 0.4908589671875 0.3289906921875 0.5014813234375 0.3259129140625 0.5056848031250001 0.33302899375 0.5081068734375 0.3577397390625 0.50553809375 0.39728776250000003 0.489879425 0.40573827500000004 0.4808214859375 0.40194902343749994 0.4752354421875 0.3966119625 0.4734188890625
0 0.36026724374999997 0.4137889484375 0.33415105624999997 0.4173114640625 0.3148840625 0.4255520546875 0.33441760781249996 0.4388837578125 0.3812062375 0.4261669125 0.383892603125 0.4237396828125 0.379605253125 0.41607462812499996 0.36026724374999997 0.4137889484375
0 0.3578841078125 0.3595125765625 0.35178206093750003 0.3579130171875 0.3432426984375 0.3597801921875 0.339150884375 0.3631611625 0.304103921875 0.37032710468749996 0.3012930296875 0.3722345828125 0.3044596578125 0.3752218671875 0.2962760328125 0.38198380468750004 0.2993002984375 0.38778684375 0.3081954 0.3908144296875 0.33649985781249997 0.38278567343750003 0.3451815828125 0.37810274375 0.3585955828125 0.36930209999999997 0.3607838484375 0.36479586249999996 0.3578841078125 0.3595125765625
0 0.3503597828125 0.2905973796875 0.34361727656249996 0.28973456875000003 0.310082446875 0.2998020296875 0.2696449125 0.3151579390625 0.2658021484375 0.3195784109375 0.2698582859375 0.32286845625 0.2754622328125 0.3223890046875 0.30310839375 0.3184325 0.33459731718749997 0.31005552187499996 0.349808171875 0.29852488906249997 0.35238785 0.2922424015625 0.3503597828125 0.2905973796875
0 0.3296705078125 0.23152233125000002 0.3140150625 0.2309674390625 0.28571060625 0.2389961953125 0.2636327203125 0.2491442609375 0.25799310000000003 0.256294725 0.270090503125 0.25563858281249996 0.28661762031250004 0.25983174062500003 0.305617728125 0.253887153125 0.331396015625 0.24213436718749998 0.3339578609375 0.239187384375 0.3296705078125 0.23152233125000002
0 0.302309740625 0.1821107421875 0.29645674375 0.1815506875 0.258207478125 0.1924003578125 0.242872096875 0.20341123749999998 0.24157333906249998 0.208220234375 0.24256953750000002 0.21237825156249998 0.24931204375 0.21324106562499998 0.2819573625 0.20287084375000003 0.3020071796875 0.1910777546875 0.3043199734375 0.1870912703125 0.302309740625 0.1821107421875
0 0.282741525 0.10384516875000001 0.272174090625 0.10406732187500001 0.225509984375 0.1173039203125 0.20876915937499999 0.12926854062499998 0.221595875 0.1350664171875 0.2820297140625 0.11792393906250001 0.288416484375 0.1138919890625 0.28820310937500004 0.10618147343749999 0.282741525 0.10384516875000001
0 0.2952666828125 0.047005178125000005 0.296689965625 0.0427159328125 0.29073028125 0.038300621875 0.2679230828125 0.041994668750000005 0.24356807656249999 0.049458210937500004 0.232555721875 0.0614631328125 0.23380096875 0.066660653125 0.24155751093750003 0.0683459765625 0.274576403125 0.0595350125 0.27790323125 0.0563710359375 0.2906589328125 0.0516426453125 0.2952666828125 0.047005178125000005
0 0.5182106296875 0.32624647812499996 0.5011319015625 0.32998082812499996 0.478947328125 0.3362736375 0.4669209375 0.34745605 0.46690310156250003 0.3507915546875 0.48791344218750005 0.3498274953125 0.51392294375 0.3424497171875 0.5203097109375 0.33841777031250003 0.525824809375 0.33074755625 0.522533653125 0.3272405203125 0.5182106296875 0.32624647812499996
0 0.5064699671875 0.26019249843750003 0.49577800781250003 0.25989490000000004 0.44975436406249997 0.272394753125 0.433920884375 0.28132662656249996 0.43032717187499997 0.28678660312500004 0.43669610312499996 0.286090159375 0.44164175156249996 0.2896829609375 0.4621539921875 0.2866398921875 0.4585602796875 0.2920998703125 0.4618514328125 0.2956069078125 0.4946569515625 0.2790854265625 0.5039613000000001 0.27700125781249996 0.5094585578124999 0.27266655 0.511415615625 0.2637853015625 0.5064699671875 0.26019249843750003
0 0.48924988281250004 0.1951377234375 0.48058599218750003 0.1964851453125 0.472580403125 0.1937603171875 0.46670956874999997 0.19653576875 0.4428883375 0.19940730625 0.4092289828125 0.20895501562500002 0.41419246875000004 0.2092123125 0.42139740000000003 0.2188251453125 0.446837453125 0.2227103859375 0.49490700312499997 0.2085200484375 0.5007956734375 0.202409090625 0.49789593125 0.19712580468750002 0.48924988281250004 0.1951377234375
0 0.436484734375 0.1351698796875 0.4124676296875 0.150863690625 0.43354898437499995 0.1604258984375 0.479572628125 0.147926046875 0.479483775 0.1407352828125 0.474413603125 0.136622728125 0.436484734375 0.1351698796875
0 0.41006698750000004 0.07605452968750001 0.40099385156249995 0.082513709375 0.398165121875 0.08775669375 0.39229428906249997 0.09053214375 0.3970975765625 0.0969406984375 0.4158129625 0.0966276203125 0.46617746875000005 0.0817863015625 0.46648003125 0.072819290625 0.44434896718749994 0.069105578125 0.41006698750000004 0.07605452968750001
0 0.4279827171875 0.0110245734375 0.3930602796875 0.01871026875 0.3788812953125 0.02772790625 0.3774580109375 0.0320171515625 0.3832931703125 0.035912710937499995 0.412060053125 0.0366339765625 0.42888972968749994 0.031860121875 0.44025782187500007 0.024749960937500003 0.44767646250000004 0.018205015625 0.446306690625 0.012487743749999999 0.4279827171875 0.0110245734375
0 0.6773962499999999 0.458716175 0.63991196875 0.46934885312499997 0.647419459375 0.469994671875 0.6476506718749999 0.47436968281249997 0.642793871875 0.4779676453125 0.6474904718750001 0.4805209421875 0.6569193453125 0.47895652499999997 0.6654408734375 0.48042485625 0.685828590625 0.47686203593750004 0.6903118140625 0.47170481875 0.7029429921875 0.46645667343749997 0.7052736203125 0.45913467968750005 0.700701546875 0.4571011359375 0.6773962499999999 0.458716175
0 0.677966365625 0.399716571875 0.6677725062500001 0.4014979828125 0.646904528125 0.39964628750000003 0.63679951875 0.40861846249999995 0.6232788328125001 0.4135638484375 0.6181551484375001 0.41945781093749995 0.6182618343749999 0.4233130703125 0.6401260109375 0.4293227796875 0.6704585390625 0.42293904531250004 0.6787666906250001 0.416696859375 0.6898500578125 0.415218209375 0.695987778125 0.4101467546875 0.692198525 0.4045607109375 0.677966365625 0.399716571875
0 0.645926834375 0.344416178125 0.6258238421875 0.3423474890625 0.6097413125 0.3502398578125 0.6116270218750001 0.354700634375 0.6049733640625 0.36102858437499996 0.6089049796875 0.36379887499999997 0.6254499328125 0.364656528125 0.6542524890625 0.3587067796875 0.6760634890625 0.3508547140625 0.6769886734375 0.34448646250000003 0.673057059375 0.3417161703125 0.645926834375 0.344416178125
0 0.6414267765624999 0.28130401875 0.6139051421875 0.2857802765625 0.6026615750000001 0.2934101890625 0.599708321875 0.2981334203125 0.5910265953125 0.30281634999999996 0.599672646875 0.3048044328125 0.6252729 0.3025384109375 0.648471509375 0.2970681140625 0.655854475 0.29719418124999997 0.6694996875 0.2927685484375 0.6718303171875 0.2854465546875 0.6698200859375001 0.280466028125 0.6414267765624999 0.28130401875
0 0.64637343125 0.213291940625 0.6245981046875 0.21447299375 0.578805671875 0.23134785624999998 0.578734325 0.24468988125000002 0.599104203125 0.244462565625 0.6162007671875 0.23739270937499998 0.6256296406249999 0.235828290625 0.64617755625 0.22611421250000002 0.649646746875 0.22013448281249998 0.64637343125 0.213291940625
0 0.62591536875 0.1585919015625 0.6143339015625 0.157991546875 0.5970061234374999 0.1606863921875 0.5553233421875 0.17084478125 0.5639693953125 0.17283286250000002 0.5636846703125 0.1784643703125 0.5708007515625 0.1808864390625 0.5870788171875 0.1840400953125 0.5993185828125001 0.1805682 0.6253459203125 0.16985491875 0.6289396359375 0.16439494062499999 0.62591536875 0.1585919015625
0 0.612893784375 0.09401141562500001 0.6017037265625 0.0916348078125 0.5599142578125 0.0979379359375 0.539988965625 0.11025077812499999 0.5430132328124999 0.1160538171875 0.5643971484375 0.1166490125 0.5789140328125 0.11586164375 0.604799009375 0.10796411718750001 0.6114348281249999 0.10497167031250002 0.6141390312499999 0.09920893593749999 0.612893784375 0.09401141562500001
0 0.6036971265625 0.028345959375 0.5925070703124999 0.0259693515625 0.5466079500000001 0.03898895625 0.5358624828125 0.048697878124999996 0.523871765625 0.0532092765625 0.5295824 0.0565850859375 0.5573530843750001 0.05314833125 0.5726527921875 0.0488084640625 0.5841097359375 0.0488890703125 0.603625778125 0.0416879828125 0.6092475640624999 0.0378730265625 0.608126840625 0.033195257812500004 0.6036971265625 0.028345959375
0 0.8702405546875 0.6293747515625 0.8511159218750001 0.6347995875 0.8372394968749999 0.6348502093749999 0.81284881875 0.6489847625 0.8274902265625 0.6487171453125 0.8303899703125 0.65400043125 0.8438571453125 0.6590615640624999 0.87931335625 0.646783865625 0.8951468359374999 0.63785199375 0.8925318171875001 0.6269372 0.8702405546875 0.6293747515625
0 0.8571122828125001 0.5609390046875 0.820001575 0.5731309390625 0.8066942640624999 0.5857868390625 0.8216914109375001 0.590413984375 0.868355515625 0.5771773859375 0.8752760578125001 0.5685534343749999 0.8745467484375 0.562099415625 0.8571122828125001 0.5609390046875
0 0.8251441015625 0.49229658593750003 0.8098443937500001 0.4966364546875 0.796181346875 0.50439759375 0.7822335734375 0.5177902421875 0.8024967671875001 0.51370766875 0.8125482640625 0.5147420125 0.8501570703124999 0.5046290875 0.8566683640624999 0.501116890625 0.8603866046875 0.496176665625 0.8582518468749999 0.4906763859375 0.8251441015625 0.49229658593750003
0 0.8237928359375 0.43550721875000004 0.79895756875 0.43755624531250004 0.78954653125 0.43578515781249993 0.78584613125 0.43738987656250006 0.7842983234375 0.44115936875 0.7706352734374999 0.448920509375 0.7657606390625 0.45585397656250004 0.7691763171875 0.459880765625 0.7858457953125 0.46125816875 0.8373488625000001 0.4477591140625 0.8450165515625001 0.442253675 0.8330793468750001 0.43675855625000004 0.8237928359375 0.43550721875000004
0 0.8258219078125 0.36554735781250003 0.8197198640625001 0.3639477984375 0.7717038234375 0.3681316203125 0.7473131421875 0.3822661734375 0.7443598890625001 0.38698940312499996 0.75658181875 0.38685301562499996 0.77412296875 0.391868684375 0.793123078125 0.385924096875 0.8248788890625001 0.37525111718750004 0.8278321406250001 0.37052788593749997 0.8258219078125 0.36554735781250003
0 0.799884425 0.311846521875 0.7844780296875 0.31233113437500004 0.7505696265624999 0.3208393390625 0.7450723671875 0.3251740484375 0.74925303125 0.3289838421875 0.7704945828125 0.3323947921875 0.7987990421875 0.3243660359375 0.8069648296875 0.320939603125 0.8091530984374999 0.316433365625 0.799884425 0.311846521875
0 0.7939789203125 0.2496881046875 0.7829133890625 0.24783125 0.739718475 0.25508811875 0.718779146875 0.2665784484375 0.7233333843749999 0.2719475 0.7395047640625 0.271245896875 0.748275340625 0.27375373281250004 0.7715984734375 0.2688031859375 0.78422965 0.26355504218750003 0.792270915625 0.25960885624999996 0.7965050890625001 0.253412134375 0.7939789203125 0.2496881046875
0 0.7766343109375 0.184113575 0.766066878125 0.1843357296875 0.7427437453125 0.18928627656250002 0.731268965625 0.192541178125 0.7074830703125 0.21260999531250002 0.71269560625 0.2139067953125 0.7390786828125 0.2080882765625 0.773253971875 0.19728406874999999 0.7823271078125 0.19082489062500002 0.782220421875 0.1869696328125 0.7766343109375 0.184113575
0 0.7542727046875 0.12828826875 0.7341697109374999 0.12621958125 0.706897125 0.1317353421875 0.69220220625 0.142009478125 0.6924334187500001 0.1463844875 0.7127854609375001 0.1494926796875 0.741854903125 0.1412469296875 0.7523156484375 0.13716951718749998 0.755393428125 0.1329660359375 0.7542727046875 0.12828826875
0 0.73082605 0.061114181249999996 0.7177146109375 0.0609478109375 0.696561909375 0.0647276234375 0.6737368734375 0.071757178125 0.6618528453125 0.08012383749999999 0.6628490421875 0.0842818515625 0.684072759375 0.091028309375 0.7111141328125 0.0811375375 0.732177984375 0.070166959375 0.734241728125 0.06514096875 0.73082605 0.061114181249999996
0 0.6814944171875 0.0018376203125000001 0.664148803125 0.0078679734375 0.656445440625 0.020044424999999998 0.6687740546875001 0.0237632953125 0.6825259546875 0.0231929203125 0.709531653125 0.0199731609375 0.72024145 0.016935253125 0.722803290625 0.0139882703125 0.7230880140625 0.0083567625 0.7117912703125 0.0021248984375 0.6814944171875 0.0018376203125000001
0 0.327036646875 0.2955479265625 0.32100561562499996 0.3044746375 0.316540228125 0.30629635 0.316397865625 0.3091121046875 0.3263248390625 0.30962669531250003 0.3464813453125 0.30168886562499997 0.34589439375 0.29241909375 0.336216471875 0.2929440046875 0.327036646875 0.2955479265625
0 0.7341821953125 0.504776778125 0.722458365625 0.5069921749999999 0.691858953125 0.5156719125 0.6739617296875 0.529629775 0.6627359984375001 0.5339241796875001 0.6937978359375 0.5339944640625001 0.706286653125 0.5315620734375 0.7384160343749999 0.52244835 0.7485210437500001 0.5134761765625 0.7498198031250001 0.5086671796875 0.7457636625 0.5053771359375 0.7341821953125 0.504776778125
0 0.6130466234374999 0.6129626218750001 0.5900970640625001 0.619472425 0.573676634375 0.619134525 0.569851709375 0.6202194921874999 0.5705810203125 0.6266735109375 0.5668449421874999 0.6349492390625 0.55787849375 0.6452636765624999 0.5461368296875 0.6508145812499999 0.5751705968749999 0.64923984375 0.60222980625 0.636013565625 0.610253234375 0.6354028890625 0.6295380671874999 0.6238267937499999 0.6266561609375 0.6152080015625 0.6130466234374999 0.6129626218750001
0 0.5964848359375 0.54383559375 0.5683227421875 0.549048596875 0.5477569875 0.5620981828125 0.5463337046875 0.566387428125 0.549251284375 0.5683352078125 0.5731792046875 0.569318928125 0.5887457984375 0.5626830578125 0.6018393984375 0.5661849343750001 0.6044012421875 0.56323795 0.6106456484375 0.56202175625 0.613456540625 0.560114278125 0.617601865625 0.546726790625 0.5964848359375 0.54383559375
0 0.44964198906249997 0.67430049375 0.44531896406250004 0.673306453125 0.398156759375 0.6844640421875 0.38849667499999996 0.6816534484375001 0.38161180625 0.6836063890624999 0.3911473671875 0.68589723125 0.39290854999999997 0.6898382546875 0.3839599375 0.6968171859375001 0.381131209375 0.7020601703125 0.399063771875 0.7052995906249999 0.40927546875000004 0.7001826734375001 0.4285246265625 0.695277590625 0.4466530609375 0.6856947375 0.4507627125 0.6789782609375 0.44964198906249997 0.67430049375
0 0.484156184375 0.600121671875 0.4850635296875 0.5970889234375 0.47132946875000004 0.59432379375 0.4421176640625 0.6053852984375 0.43450348437499997 0.6008842203125 0.41907925468749996 0.6047043359375001 0.4163928859375 0.607131565625 0.40249862500000005 0.610517696875 0.380029328125 0.6224420125 0.3713119296875 0.633795953125 0.380349390625 0.6340077875000001 0.41527182968750004 0.626322090625 0.4275115953125 0.622850196875 0.4457645546875 0.613787096875 0.4605483265625 0.6107037265625 0.468607428125 0.6034220359375 0.47524324531250006 0.6004295921875 0.484156184375 0.600121671875
0 0.30299601875 0.7203382406250001 0.29639587343749996 0.7166596734375 0.2897778921875 0.7163166125 0.2735708375 0.723689228125 0.24400329843750002 0.7298559703125 0.2233130203125 0.742385803125 0.21945241875 0.7501417828125 0.21370611093749997 0.7534369843750001 0.2438784375 0.7532045093749999 0.27079528750000004 0.7427939875 0.2850631203125 0.7409671140625 0.2887813609375 0.7360268890625 0.29899305468750004 0.730909971875 0.30299601875 0.7203382406250001
0 0.2669716984375 0.648405778125 0.24697539218750003 0.65019235 0.22681888749999998 0.6581301796875 0.21493485781250002 0.6664968375 0.2021791578125 0.6712252296875 0.20267725625000002 0.6733042375 0.2139918375 0.676200596875 0.21025576093749998 0.6844763265625 0.2004176390625 0.6911525000000001 0.2751193171875 0.6721831453125 0.2839969140625 0.6546779453125 0.2817197953125 0.6519934203125 0.2669716984375 0.648405778125
0 0.2812937140625 0.5888357984375 0.2772554109375 0.5822102499999999 0.26031904687499996 0.583128846875 0.2530784421875 0.5801870250000001 0.2376185359375 0.5906781546875 0.211751396875 0.5952401765625 0.187965503125 0.6153089953124999 0.219507603125 0.62079379375 0.24003768281250001 0.6144152187499999 0.25483928906250003 0.60799634375 0.27834045937499996 0.59355903125 0.2812937140625 0.5888357984375
0 0.24811562343750002 0.5321931421875 0.241764528125 0.529554078125 0.224561278125 0.5327686765624999 0.20063335625 0.5317849578125 0.1764028765625 0.5397682515625 0.1821135109375 0.543144059375 0.18309187031250002 0.5506375828125 0.19769760625 0.5570409765625 0.2123568515625 0.5534378546875 0.2287772796875 0.5537757546875001 0.24051894843750002 0.548224853125 0.248951621875 0.54250241875 0.2510153671875 0.537476428125 0.24811562343750002 0.5321931421875
0 0.21714263749999999 0.539313621875 0.218263359375 0.5439913921875 0.222568546875 0.5483209390625 0.226909409375 0.5459794734375001 0.231161421875 0.5364472453125 0.2217503859375 0.53467615625 0.21714263749999999 0.539313621875
0 0.2309312140625 0.46046735156249996 0.225843203125 0.4596903046875 0.1851922921875 0.4673356984375 0.15151509999999999 0.4802189140625 0.1575578 0.48498072812500004 0.15845314531250002 0.49212775000000003 0.16238475937500002 0.494898040625 0.1806020453125 0.49250595312499995 0.21031195 0.48352345625000004 0.21221549374999998 0.4846487265625 0.22052364375 0.478406540625 0.2305929796875 0.47610537812500003 0.2359657125 0.47125091875 0.2362504359375 0.4656194125 0.2309312140625 0.46046735156249996
0 0.5555865484375 0.43110001249999996 0.5324057765625 0.43323480468750003 0.5237775640625 0.427911215625 0.5156296109375 0.42800214218750005 0.5109151734374999 0.4287843515625 0.4926443765625 0.44118295625000004 0.4845496015625 0.4551356578125 0.485172225 0.45773441875 0.4903847609375 0.45903121875 0.5075880125000001 0.45581662031250003 0.5268014953125 0.45758254843749996 0.5427595000000001 0.44917042812499997 0.5530778828125 0.4479087703125 0.5638233515625 0.43819985156249996 0.5637166640625 0.43434459375 0.5555865484375 0.43110001249999996
0 0.5276388328125 0.3724186484375 0.511591978125 0.37364000625 0.4952782359375 0.3771573625 0.4770252765625 0.3862204625 0.4752284203125 0.3889504515625 0.48031643125 0.3897274984375 0.476847240625 0.395707228125 0.4694464375 0.3989166671875 0.5377256703125 0.390650275 0.5490759265625 0.386875621875 0.5533101 0.38067890000000004 0.5510508187500001 0.374658865625 0.5276388328125 0.3724186484375
0 0.59612976875 0.49120424375000005 0.59385265 0.48851971875 0.585331121875 0.48705138750000004 0.563804846875 0.4892719453125 0.5454273609375 0.49781529375 0.522157403125 0.516627615625 0.53731475 0.5151035015625001 0.5563858703125 0.5196851828125 0.5631462140625 0.517212490625 0.5707072171875 0.5078517921875 0.5935500890625 0.4974867328125 0.59612976875 0.49120424375000005
0 0.37275405156249997 0.554566321875 0.3612435984375 0.5644922328125 0.35039144218749996 0.5703458953125 0.3490926828125 0.57515489375 0.38362965625 0.5681336124999999 0.390633103125 0.567812259375 0.3983718078125 0.5728330890625 0.40493661249999996 0.5593143734375 0.428064209375 0.5433178046875 0.431426709375 0.5334828171875 0.411679453125 0.5363088921875 0.37275405156249997 0.554566321875
0 0.9265267296875 0.792697815625 0.9102664984375 0.7862086546875 0.8861783796875 0.79137619375 0.84179139375 0.8072973187500001 0.8376995812500001 0.8106782875 0.8386957765625 0.814836303125 0.862001075 0.8132212640625 0.8717856859375 0.8165516078125 0.9129346953124999 0.8109852234374999 0.9218654687500001 0.8073418015625 0.9287681750000001 0.802053353125 0.9300669328125 0.79724435625 0.9265267296875 0.792697815625
0 0.861237428125 0.7179650828125 0.8364910109375 0.7272048734375 0.8320077875 0.7323620921875 0.8313316531250001 0.7397698484374999 0.8196966734375 0.749176009375 0.8340890328125001 0.7478688890625 0.8469335843750001 0.7503312609375 0.87449089375 0.7391839921875001 0.881944875 0.749836328125 0.890804634375 0.735666634375 0.9011586921875001 0.7277339640625 0.9005539062500001 0.721799696875 0.8956082578125001 0.7182068953125 0.861237428125 0.7179650828125
0 0.8011226468749999 0.8182782171874999 0.7527151953125 0.8242382859375 0.7421120890624999 0.8311314515625 0.725015525 0.838201309375 0.7283066781249999 0.8417083468750001 0.7478937359375 0.84503353125 0.777550128125 0.8460575546875001 0.8043424515625001 0.835127278125 0.8113875187499999 0.8270230765625 0.8090037140625 0.8204832937500001 0.8011226468749999 0.8182782171874999
0 0.653622840625 0.8573421937499999 0.6213689328124999 0.8659361656250001 0.605019515625 0.8761245343749999 0.5926552265625 0.8790766781249999 0.5892927265625 0.8889116640625 0.6058555140624999 0.8864338109375 0.6271149046875 0.8865092546875 0.6468799984375 0.8803476734375 0.670185296875 0.8787326343749999 0.6782265609375 0.87478645 0.6823362109375 0.868069975 0.680343815625 0.8597539421875 0.653622840625 0.8573421937499999
0 0.5251584828125 0.9076588624999999 0.51409295 0.9058020093750001 0.4994337046875 0.90940513125 0.477676215625 0.9072506796875001 0.4716273453125 0.9195128968749999 0.44865994843749996 0.9293582046875001 0.44835738750000004 0.93832521875 0.45803531093750005 0.93780030625 0.47404649218749995 0.9432499625 0.48936403593750005 0.9355745875 0.5069586984375001 0.9305837390624999 0.5205860734375001 0.9294936109374999 0.5264747437499999 0.9233826531249999 0.542681796875 0.9160100375000001 0.5251584828125 0.9076588624999999
0 0.3482691703125 0.9434028140624999 0.342825421875 0.9377310046874999 0.34330568281249996 0.94314551875 0.33385897343750004 0.9480454421875001 0.31822136562500003 0.944155040625 0.30891701718750003 0.946239209375 0.3018719515625 0.954343409375 0.288208903125 0.9621045515625 0.28525564999999997 0.9668277828124999 0.287781815625 0.9705518124999999 0.30170266562500003 0.9740965718749999 0.3043977859375 0.9819357343749999 0.3203557890625 0.973523615625 0.34572483125 0.9668825828125 0.361558309375 0.9579507109375 0.365472421875 0.940188215625 0.3482691703125 0.9434028140624999
0 0.34049579531249996 0.873448115625 0.34078051875000004 0.8678166062500001 0.3272955046875 0.86609098125 0.3080463484375 0.8709960640625001 0.2741201078125 0.8828397765625 0.255867146875 0.8919028750000001 0.25291389375 0.8966261093749999 0.2657762828125 0.8957529734375 0.276450403125 0.8993860781249999 0.2913408609375 0.9001579640624999 0.29690913281250003 0.906349528125 0.3154111421875 0.8983259312499999 0.33941041250000004 0.8859676265624999 0.3441783609375 0.8751789000000001 0.34049579531249996 0.873448115625
0 0.30514760937499996 0.794107896875 0.2809706390625 0.7920846703125 0.2727870125 0.7988466078124999 0.260814134375 0.8000225000000001 0.2496772546875 0.8115076718750001 0.2378110625 0.8165388234375 0.2171029484375 0.8324041609374999 0.23887827343749998 0.8312231078125001 0.250833315625 0.8333827234375001 0.2704917234375 0.8233658828125 0.2809346296875 0.8226239765625 0.3059657703125 0.8077526781250001 0.3102177828125 0.7982204484375 0.30514760937499996 0.794107896875
0 0.44930308593749996 0.7376751078125 0.4400875875 0.746950040625 0.408438465625 0.761478278125 0.38982976874999997 0.7656466171874999 0.3817528296875 0.7762638125 0.4143446375 0.775900109375 0.439606990625 0.765403821875 0.4519712828125 0.7624516781249999 0.47074017812499996 0.7521320796875 0.473978153125 0.741777340625 0.44930308593749996 0.7376751078125
0 0.5044873796875 0.8213800156250001 0.4927813859375 0.8202599062499999 0.45937108281250005 0.8308471203125001 0.44625964375000005 0.83068075 0.4444627859375 0.833410740625 0.4471134796875 0.837654521875 0.4319026234375 0.8491851546875001 0.4293229453125 0.8554676421874999 0.45134732031249997 0.8553260921874999 0.47660967187500003 0.8448298046874999 0.4844729015625 0.8503703859374999 0.4888137640625 0.848028921875 0.4889561265625 0.8452131671875 0.507654009375 0.8243672999999999 0.5044873796875 0.8213800156250001
0 0.665294496875 0.7696601375000001 0.6378973859375 0.7746561468750001 0.624928309375 0.7716740234375 0.6196979375 0.7737127296875 0.612528346875 0.7812971765625 0.5921227906250001 0.7881955046875 0.5923540046875 0.792570515625 0.6011245796875 0.79507835 0.6045402578125 0.7991051375 0.5953425953125 0.8050445640625 0.62309544375 0.8049433171875 0.6312612328125 0.8015168859375 0.6385553484375001 0.794452190625 0.6597080531249999 0.7906723765625 0.6718411296875 0.7833452234375 0.6717701171875 0.7728189515625 0.665294496875 0.7696601375000001
0 0.7801133078125 0.747637396875 0.7565768 0.744877425 0.730442775 0.75173545 0.7244295796875 0.75732665625 0.711798403125 0.7625747984375 0.7159612296875 0.7697201 0.7304781140625 0.7689327328125 0.7381989812499999 0.7772890671875 0.754904134375 0.771995459375 0.7822302296875 0.7564731828125 0.7832799390625 0.7506246796875 0.7801133078125 0.747637396875
0 0.7533401609375 0.6597589890625 0.7070496296875 0.6745548453125 0.6994176140625 0.673389271875 0.69523695 0.669579478125 0.687462571875 0.671229659375 0.6927817953125001 0.6763817171875 0.68893903125 0.6808021906249999 0.6898107046875 0.6844404546875 0.7024062062499999 0.685863321875 0.7179014515625 0.6925694765625 0.7311730890625 0.6865845859374999 0.7488922765625 0.682113490625 0.7583389859375 0.6772135671874999 0.76218175 0.67279309375 0.7533401609375 0.6597589890625
0 0.6387525593750001 0.6861567421875 0.610341415625 0.690330240625 0.5904517953124999 0.6959720703125 0.5798843640625 0.6961942234375 0.5672531890625 0.7014423671875 0.564424459375 0.7066853515625 0.56554518125 0.7113631203125 0.5805780015625001 0.7093192515625 0.5918925828125 0.7122156109375 0.6190228078125 0.7095156031250001 0.644267321875 0.702354821875 0.6493910078125 0.6964608578125 0.64891074375 0.69104634375 0.6387525593750001 0.6861567421875
0 0.7460292125 0.5985543109375 0.738272671875 0.5968689859375 0.7284523859375 0.6002096515625001 0.7191658734375 0.598958315625 0.7027276078125 0.601955921875 0.6725196062500001 0.6088594078125 0.6690682546875 0.61150363125 0.6815035578125 0.6190777578125 0.6960026046875 0.62162589375 0.7172619953125 0.621701340625 0.73919751875 0.6143690265624999 0.7463492734375 0.610120084375 0.750458925 0.603403609375 0.7460292125 0.5985543109375