0 0.957017615625 0.8062141203125 0.9629556375 0.8057004171875001 0.9650807015625 0.8045731937499999 0.9659647578125 0.7828768875 0.962363984375 0.7838273609375 0.9481991125 0.793098375 0.9468582015625 0.8010588328124999 0.957017615625 0.8062141203125
0 0.9413682187499999 0.720169515625 0.928205253125 0.7341812109375 0.9453931234375 0.7296771671875 0.9645308218749999 0.7296306578125 0.9682139828125 0.7276769546875 0.9691219625 0.705393546875 0.9328541749999999 0.713262765625 0.9325324437500001 0.716508834375 0.9384704640624999 0.7159951312499999 0.9413682187499999 0.720169515625
0 0.9296143359375 0.662246153125 0.971322984375 0.6497877296875 0.9713896890625 0.6497395296875 0.9720191781249999 0.6342907656250001 0.9602329171875 0.635460521875 0.9402012765625001 0.640814003125 0.91129931875 0.6614169328124999 0.9296143359375 0.662246153125
0 0.92792399375 0.582722175 0.91136231875 0.59018914375 0.9079830515625 0.6075783718750001 0.9278181984374999 0.6060635453125001 0.9333092484375 0.6082033234375 0.9414648484375 0.60387725625 0.9678987484375 0.5859015203125 0.9643748015625 0.578764209375 0.92792399375 0.582722175
0 0.899157440625 0.532439915625 0.9008567968750001 0.5357122796875 0.91039001875 0.53790464375 0.9304756421875 0.5375749875 0.958591628125 0.5323266796875 0.966872465625 0.5285931953125 0.975028065625 0.5242671265625 0.9766197906249999 0.5213836578125 0.976791465625 0.5171704453125 0.9749200984374999 0.514219478125 0.9655121125000001 0.5126196968750001 0.9024481828124999 0.5289369921875 0.899157440625 0.532439915625
0 0.9372665453125 0.4504973828125 0.9070042359375 0.4551268125 0.9003687687499999 0.45710883437499994 0.894860446875 0.46442412187500004 0.8805703359375 0.47310255 0.8852387 0.47611805937499996 0.8803025890624999 0.4813724453125 0.9015326281249999 0.47692099062500004 0.9382511828125001 0.46469312656249995 0.9496975234375 0.45686413437500006 0.9466745296875001 0.4520971625 0.9372665453125 0.4504973828125
0 0.9139398218749999 0.392575746875 0.8818356453125 0.4027952953125 0.8730365859375 0.4136135046875 0.864755746875 0.41734698750000004 0.8926752390624999 0.41593733437499997 0.923455771875 0.4042231765625 0.9301624937499999 0.397809915625 0.928087425 0.39275979843750003 0.9139398218749999 0.392575746875
0 0.8720476046875 0.3326397203125 0.8548964484375 0.3516226546875 0.867148203125 0.352372996875 0.8718165687500001 0.35538850625 0.88610668125 0.346710078125 0.9060130828125 0.3407640125 0.9022386578124999 0.33244153125000003 0.8834766734375 0.3342657953125 0.8720476046875 0.3326397203125
0 0.8916819140625 0.2681855109375 0.8758889375000001 0.2697529234375 0.8646563609375001 0.2642881953125 0.856876478125 0.2703920171875 0.8375962671874999 0.2793010078125 0.8456633421875001 0.2888612453125 0.8542486406249999 0.2913367546875 0.8730818796875001 0.28508125156249997 0.8954563390624999 0.2765079921875 0.8971729640625 0.2703252921875 0.8916819140625 0.2681855109375
0 0.8722181390625 0.2047000515625 0.8447996 0.20848004687500002 0.8137685875 0.2190090328125 0.83687720625 0.2234463484375 0.8754203546875001 0.21508343437500002 0.8806069421875 0.21101421875 0.8797302734375 0.20686612656249997 0.8722181390625 0.2047000515625
0 0.8544128390625 0.1492143125 0.8232026078124999 0.1541268890625 0.8118275203125 0.1575246421875 0.813151159375 0.15901925 0.796196496875 0.1741635265625 0.81243644375 0.1699426296875 0.8403559328125001 0.168532978125 0.855397478125 0.16341005625 0.8630521234374999 0.1567136484375 0.8636955859375 0.15022150781250002 0.8544128390625 0.1492143125
0 0.7959179203125 0.4826384828125 0.7883885125 0.489927475 0.7686613343750001 0.5014899500000001 0.7675709015625001 0.5106355781249999 0.76390444375 0.5123607453125001 0.7891766578125 0.5079618734375 0.8231766781250001 0.49717603437499996 0.8312070390624999 0.49225738124999996 0.8283805375 0.48365175312500003 0.7959179203125 0.4826384828125
0 0.7728125421875001 0.43284065 0.761491440625 0.441262228125 0.7600252921874999 0.4486300984375 0.77304575 0.443480884375 0.8042559828125 0.43856830625 0.8146291609375 0.4304298765625 0.8162205484375 0.4236545890625 0.8119278984375 0.422416834375 0.7728125421875001 0.43284065
0 0.7952063734375 0.36252221875 0.7728491859375 0.3616404109375 0.7668399109374999 0.36658535625 0.7588808046875 0.36707277031249996 0.7269018703125 0.377884903125 0.7268306156250001 0.38231614375 0.732893875 0.38239502187499996 0.73364530625 0.3859505328125 0.7284587140625 0.390019746875 0.7412114265625 0.393140428125 0.7614935421875 0.3889721171875 0.794437671875 0.36842177343750004 0.7977284140625 0.36491885156250004 0.7952063734375 0.36252221875
0 0.7783240328125001 0.29448571874999996 0.76430166875 0.294894253125 0.7383320078125 0.3007614390625 0.7213233625 0.3108818921875 0.7273153671875 0.3153920125 0.7461313359374999 0.3185915734375 0.78000611875 0.307213146875 0.7880364796875 0.30229449375 0.7882329718750001 0.29845583750000004 0.7783240328125001 0.29448571874999996
0 0.7457858171875 0.2311256484375 0.71809953125 0.24317553749999998 0.718028278125 0.2476067765625 0.7298330640625 0.25101060468749997 0.7632608750000001 0.24228566406250002 0.7703433125 0.2376501578125 0.770164090625 0.2320337484375 0.7457858171875 0.2311256484375
0 0.73472270625 0.1764707890625 0.686432571875 0.1959350578125 0.7195926375 0.19548001406249998 0.7518220484375 0.1858530515625 0.7585287703125 0.1794397890625 0.7568294156250001 0.176167425 0.73472270625 0.1764707890625
0 0.8364042765624999 0.101998821875 0.8201103484375001 0.10119589375 0.8012058546875 0.1118826375 0.7962697421875 0.11713702343750002 0.799042259375 0.120718825 0.8155866671875 0.1227069234375 0.8495866875000001 0.11192108281249999 0.856293409375 0.10550782031249999 0.8539678609375001 0.09927253281250001 0.8364042765624999 0.101998821875
0 0.75228953125 0.12838398281250002 0.7479428968749999 0.122122403125 0.730951521875 0.12278778906250001 0.7130834765625 0.1193050828125 0.6795671375000001 0.141916328125 0.6950383812500001 0.1435949875 0.6781549734375 0.15430802500000002 0.7009051484375 0.147512521875 0.711958503125 0.147360840625 0.7230831125 0.1427779171875 0.73832115 0.13381634375 0.74887355 0.1312943234375 0.75228953125 0.12838398281250002
0 0.669567609375 0.395010715625 0.6515570546875 0.40039048906249997 0.63576408125 0.40195790000000003 0.6212062203125 0.418906225 0.6208844890624999 0.4221522953125 0.6369279421875 0.42177005312500004 0.6560116578125 0.41669971875 0.6713749328125 0.408330728125 0.677956415625 0.40132488125 0.669567609375 0.395010715625
0 0.665592346875 0.32374885 0.6286233171875 0.33479154375000003 0.6084491671875 0.349007503125 0.6322012484374999 0.34695267812499997 0.662159096875 0.336114253125 0.6704399343749999 0.3323807703125 0.671834828125 0.3294441390625 0.665592346875 0.32374885
0 0.6377224953125 0.263404290625 0.6144001125 0.27226069375 0.5889853921875 0.2855220453125 0.614436828125 0.2867395828125 0.644770390625 0.2776789109375 0.65716465625 0.2695667734375 0.6592569968750001 0.2651618265625 0.6377224953125 0.263404290625
0 0.6189388953125 0.20790558125 0.57912609375 0.2197977109375 0.5841161890625 0.2195671515625 0.5853685734375 0.225493 0.58182735625 0.2278107515625 0.5971733593749999 0.2288968265625 0.6060091359374999 0.2325575078125 0.6293315171875 0.22370110312499997 0.649183934375 0.2127312125 0.6506500843749999 0.2053633421875 0.6189388953125 0.20790558125
0 0.61986520625 0.150299459375 0.59010385 0.15729922968750001 0.562989771875 0.16728821875 0.5677833765625 0.1708963140625 0.591213725 0.172087559375 0.629631634375 0.163132059375 0.6395578421875 0.157647115625 0.6413997078125 0.1520569984375 0.61986520625 0.150299459375
0 0.8326082390625 0.036353365625 0.8204817203125 0.036195609375 0.7898976796875 0.044071110937500005 0.7780043703125 0.0545535890625 0.7939053109375 0.063033825 0.8198209875 0.052142815625000005 0.8368296328125 0.042022360937499996 0.837026128125 0.03818370625 0.8326082390625 0.036353365625
0 0.5863924640625 0.7357872171875 0.5761078109375 0.73003934375 0.5585269562499999 0.7422206953125 0.5359020234375 0.749608784375 0.5242591890625 0.7612764328125 0.5351873031250001 0.760532165625 0.54307515625 0.7644759921875 0.5531805875 0.76460745625 0.57056495 0.7562647578125 0.5805451421875001 0.7558036390625 0.5986982046875 0.741561384375 0.595424734375 0.73560924375 0.5863924640625 0.7357872171875
0 0.5647217078125 0.671395875 0.5460849624999999 0.673812725 0.53987919375 0.682596325 0.5173082421874999 0.6950082390625 0.5380200609375 0.69764150625 0.552865109375 0.696357240625 0.5710009015625 0.691570053125 0.5876338328124999 0.6796718453125 0.587579846875 0.6746480203125 0.5822140359375 0.673100825 0.5647217078125 0.671395875
0 0.557368678125 0.6055332296875 0.518128084375 0.6153644609375 0.5235478812500001 0.6219354796875 0.50830984375 0.63089705625 0.5191667062499999 0.634584028125 0.54216735625 0.6289736968749999 0.5518258171875 0.6317586453125 0.5633261421875 0.628953478125 0.567618790625 0.6301912328125 0.572233171875 0.62818291875 0.5746472453125 0.6205319015625 0.5838760062499999 0.616515271875 0.5847699468750001 0.6112083015625001 0.5801015828125 0.608192790625 0.557368678125 0.6055332296875
0 0.56192323125 0.543713059375 0.5318401453125 0.5539589 0.5243107375 0.56124789375 0.503385159375 0.5719083453125 0.5057819593749999 0.5737123921875 0.5342736578125 0.5702418390624999 0.5568985953125 0.56285375 0.5787720984375 0.5519101515625 0.5799877703125 0.543357109375 0.56192323125 0.543713059375
0 0.560835140625 0.4813438875 0.551105425 0.482990178125 0.52082584375 0.4970746734375 0.521326796875 0.4994450140625 0.5455798328125 0.4997605296875 0.5526449999999999 0.5045800859375 0.586645021875 0.493794246875 0.593101265625 0.4861958140625 0.5891303484375 0.4817119890625 0.560835140625 0.4813438875
0 0.5518458265625 0.42450440624999997 0.5028215312500001 0.4309581015625 0.4994055515625 0.43386844062499996 0.5052183328125001 0.43276214843750005 0.5119077859375001 0.4358039515625 0.505576778125 0.44399496875000005 0.518901696875 0.44505475156249996 0.5384863656250001 0.44235475625 0.564902996875 0.4338340828125 0.5688372015625001 0.42383901875 0.5621477515625 0.42079721562500005 0.5518458265625 0.42450440624999997
0 0.5621434062499999 0.3540191765625 0.5358692875 0.35367736875 0.5215251890625 0.3573319734375 0.5003491328125 0.3668072546875 0.49457306250000005 0.3823924359375 0.49734557968750004 0.3859742390625 0.5209184390625 0.3783030046875 0.5552401921875 0.36427109375 0.5620721515625 0.3584504171875 0.5621434062499999 0.3540191765625
0 0.5447007171875 0.2905600109375 0.53439879375 0.29426720156249997 0.5060323296875 0.2983303390625 0.5024198578125 0.305079334375 0.49154572500000004 0.310847425 0.491277978125 0.3191173203125 0.5083945921875 0.31904451875 0.5196444390625 0.31505418125 0.5500492578125 0.3015622703125 0.551014453125 0.2918240578125 0.5447007171875 0.2905600109375
0 0.4962982703125 0.23319859062499998 0.4764285828125 0.253623546875 0.47932633750000003 0.257797934375 0.4994119625 0.257468278125 0.5261503249999999 0.24570153593750002 0.5367739796875 0.2387482734375 0.5364695187499999 0.23253927968750002 0.4962982703125 0.23319859062499998
0 0.49021339687500004 0.1757967375 0.4582344640625 0.186608871875 0.446913359375 0.19503044687499999 0.45297661875 0.1951093265625 0.45934433906249994 0.2013972 0.4580746828125 0.2049264171875 0.47671143125000004 0.2025095671875 0.5180443640625 0.18827339062499998 0.52949070625 0.180444396875 0.5281130828125 0.1739259640625 0.49021339687500004 0.1757967375
0 0.43399880468749996 0.4534055125 0.4230706875 0.454149778125 0.4163812359375 0.45110797500000005 0.41296525781250004 0.45401831562500006 0.3869955953125 0.4598855015625 0.3600607421875 0.4754908984375 0.3609374125 0.47963899374999996 0.36964794843750004 0.48270708906250004 0.4172946203125 0.46973495937500004 0.43278313281249997 0.461958553125 0.43866717031249997 0.4564210234375 0.43399880468749996 0.4534055125
0 0.38117847031249996 0.39421375468750003 0.36828325156249997 0.39995555 0.353671409375 0.411880053125 0.3857583109375 0.41111556875 0.3930739546875 0.41712029531250006 0.3990119734375 0.41660658906250003 0.42185067187499997 0.39592478125 0.4193998859375 0.3890969109375 0.38117847031249996 0.39421375468750003
0 0.415156878125 0.32610493906250004 0.39330064375 0.327593471875 0.37199934843750004 0.33647616875 0.356815296875 0.35046157031249997 0.34284691562499997 0.355893928125 0.35699451875 0.35607797812499997 0.35667278750000003 0.35932405 0.3626108078125 0.3588103421875 0.3852357421875 0.3514222546875 0.4151396078125 0.335560003125 0.41792939375 0.32968674062500003 0.415156878125 0.32610493906250004
0 0.3944061765625 0.27560376249999996 0.3692592015625 0.2805952171875 0.33835342968750004 0.2917167890625 0.3609610921875 0.293783765625 0.397483153125 0.28539455937499997 0.400773896875 0.28189163281249996 0.3997719890625 0.27715095624999997 0.3944061765625 0.27560376249999996
0 0.3791637953125 0.2177872984375 0.362744628125 0.216391784375 0.340065709375 0.21875604843750002 0.32300307968749997 0.22385267656250002 0.3514602390625 0.23929225 0.3908973265625 0.225622365625 0.3977292875 0.2198016875 0.39148680625 0.2141064015625 0.3791637953125 0.2177872984375
0 0.24089008125000003 0.502897396875 0.225347584375 0.5056499796875 0.20347408125 0.516593575 0.1911338 0.5297295390625 0.22549226562500002 0.5301765171875 0.26240731093749997 0.5141099984374999 0.2672181859375 0.508263028125 0.2651431171875 0.5032129125 0.24089008125000003 0.502897396875
0 0.2548541171875 0.4306869984375 0.23873941406250002 0.4355004796875 0.22257072187500002 0.4352901359375 0.21214356093750003 0.43840474062499996 0.176802628125 0.45715103749999997 0.20352372187499998 0.4548393625 0.21438058125 0.458526334375 0.25381766875 0.44485644999999996 0.26172279375 0.43934521249999997 0.2600946921875 0.4316416078125 0.2548541171875 0.4306869984375
0 0.23569480468749998 0.373410534375 0.22431971874999998 0.37680828593750004 0.20328617031250001 0.37742108750000003 0.169983596875 0.38673861249999997 0.1773704921875 0.3883121 0.17331105 0.397714578125 0.1760835671875 0.40129638125 0.1981902796875 0.4009930171875 0.23560627812499998 0.3872968390625 0.244083609375 0.3797247 0.243206940625 0.37557660625 0.23569480468749998 0.373410534375
0 0.201511215625 0.31180192500000004 0.18861599843750002 0.317543725 0.16169841406250002 0.32369405625000003 0.1494293875 0.3323987796875 0.16091244062500001 0.339048678125 0.17480956875 0.3380475578125 0.1821252125 0.344052284375 0.20848785625000002 0.3305077890625 0.218288828125 0.3244302578125 0.22107861562500003 0.3185569953125 0.201511215625 0.31180192500000004
0 0.172801409375 0.2617881609375 0.1547908546875 0.267167934375 0.1286786859375 0.2818976015625 0.1703700671875 0.27889424375 0.20556848749999998 0.2690104265625 0.2052640265625 0.26280143125 0.199772978125 0.260661653125 0.172801409375 0.2617881609375
0 0.1575156828125 0.852267884375 0.15309779375000002 0.85043754375 0.12770034218749998 0.8542438296875 0.1096897890625 0.859623603125 0.0841498296875 0.8722923703125 0.079088478125 0.8769541703125 0.0826836796875 0.879660240625 0.0984766546875 0.8780928296875 0.10895780156249998 0.8800020484375001 0.1327811375 0.8735159828124999 0.15275879375 0.8631386781250001 0.1576949046875 0.8578842921875 0.1575156828125 0.852267884375
0 0.1458518234375 0.7684682078125 0.1350489453125 0.769805059375 0.10199684843750001 0.780307753125 0.0870092890625 0.7904545 0.079730359375 0.7989286609375 0.08774344687499999 0.8034650718749999 0.1024632609375 0.8015882218750001 0.123514078125 0.7915203546875 0.1359623265625 0.78843204375 0.149501009375 0.776198103125 0.1502697109375 0.7702985484375 0.1458518234375 0.7684682078125
0 0.1214625328125 0.7055188875 0.1023248328125 0.705565396875 0.07469253125 0.7226391125 0.06387238437500001 0.7334310265624999 0.0751762140625 0.734464515625 0.0907187109375 0.731711934375 0.11675962656250001 0.72141350625 0.1427292875 0.7155463203125 0.14369448125 0.705808109375 0.1325871421875 0.700935965625 0.1214625328125 0.7055188875
0 0.1230150359375 0.6508756921875001 0.107096821875 0.6518505171875 0.0839709328125 0.6568682671875 0.0672127625 0.6681738890625 0.0509728203125 0.6723947859375 0.0776226578125 0.6745143484375 0.08386513749999999 0.6802096375 0.10276963125000001 0.66952289375 0.11534311875 0.6670271640625 0.12761214375000002 0.6583224421875 0.1275581609375 0.6532986171874999 0.1230150359375 0.6508756921875001
0 0.08522331875 0.662794115625 0.0869226734375 0.6660664796875 0.09418433281250001 0.66704738125 0.101517246875 0.6635970437500001 0.103233871875 0.657414340625 0.088388821875 0.6586986078125 0.08522331875 0.662794115625
0 0.11648319062500001 0.5961273234375 0.10321225781250001 0.6000913671875 0.0775643296875 0.6027124828125 0.0537237234375 0.6186536140625 0.0770828171875 0.6242761 0.1046978484375 0.6166574515625001 0.12347710468749999 0.6053781218750001 0.1260164140625 0.5983196890625 0.11648319062500001 0.5961273234375
0 0.116908546875 0.5361508640625 0.100042409375 0.5374088375 0.054917778125000004 0.5527776 0.045617764062499996 0.56122546875 0.0767567421875 0.56074413125 0.1232050125 0.5468699781249999 0.12649575468750002 0.5433670546875 0.1253686078125 0.538033790625 0.116908546875 0.5361508640625
0 0.0703479640625 0.47319932812500004 0.060171278125000005 0.4774991046875 0.042894884375 0.4958894515625 0.0643041484375 0.4970544046875 0.0797926625 0.48927799843750003 0.090595540625 0.48794114843749997 0.107729425 0.4784132796875 0.106602278125 0.473080015625 0.0703479640625 0.47319932812500004
0 0.0697001578125 0.4129134296875 0.0533349734375 0.41654174218750006 0.033357318749999997 0.426919046875 0.035432390625 0.431969165625 0.027402028125 0.43688781875 0.0615100171875 0.436149628125 0.071811940625 0.4324424390625 0.09912251093749999 0.4186147953125 0.099515496875 0.4109374859375 0.0697001578125 0.4129134296875
0 0.0417050671875 0.3519762859375 0.0141440203125 0.3646187578125 0.01003059375 0.3689974125 0.0128031109375 0.3725792140625 0.035035059375 0.3728684375 0.040079139062500005 0.3776617015625 0.0565155765625 0.36960215 0.0749191171875 0.356545065625 0.07259356875 0.3503097796875 0.0417050671875 0.3519762859375
0 0.0484441578125 0.2932638734375 0.0202029359375 0.2979196 0.000028784375 0.31213555937500004 0.0035527343750000003 0.31927287031249996 0.015804490625 0.3200232125 0.05359620625 0.3081047890625 0.0651677859375 0.30086838125000004 0.06511380156249999 0.29584455625 0.0484441578125 0.2932638734375
0 0.14320873125 0.9371609062499999 0.09035820156249999 0.963657315625 0.094830071875 0.97051148125 0.101269046875 0.972368115625 0.1267917375 0.9691544140625 0.1362709765625 0.9663229531249999 0.157894003125 0.9541941859374999 0.1670687796875 0.9451537312499999 0.1658163953125 0.9392278828125 0.14320873125 0.9371609062499999
0 0.48135632343749996 0.9445147468749999 0.47972822343750005 0.93681114375 0.46652854374999997 0.9363439484375 0.4559761421875 0.9388659687500001 0.41918633281249995 0.9555250718750001 0.42099365625 0.9688450843749999 0.43880771718749995 0.967303965625 0.449109640625 0.9635967750000001 0.459733296875 0.9566435140625 0.47193107031250003 0.9523700312500001 0.48135632343749996 0.9445147468749999
0 0.6045536265625 0.8932453921875 0.58926160625 0.897183140625 0.5838957953125 0.8956359468749999 0.556960940625 0.9112413453125001 0.54531810625 0.922908990625 0.5504874234375 0.928294840625 0.570447809375 0.9273726015625 0.5915698828125 0.91287349375 0.6040181296875 0.90978518125 0.6109213453125 0.8995332640625 0.609096753125 0.8956683156249999 0.6045536265625 0.8932453921875
0 0.750834453125 0.85583139375 0.743518809375 0.8498266671874999 0.73296640625 0.8523486874999999 0.7227357390625 0.8516246375 0.69542516875 0.86545228125 0.679614921875 0.8764747578125001 0.686805328125 0.8818869015624999 0.7010781703125 0.8826635359375 0.72502674375 0.87677005625 0.7358468921875 0.865978140625 0.744503446875 0.864022409375 0.750834453125 0.85583139375
0 0.594778940625 0.8136162421875 0.59061153125 0.812971071875 0.5535172609375001 0.823421178125 0.5450939140625 0.8360171421875 0.547097728125 0.8454985015625001 0.56700413125 0.8395524343749999 0.598106396875 0.8245922078125 0.5999482609375 0.819002090625 0.594778940625 0.8136162421875
0 0.727488284375 0.7739758046875 0.7039866796875 0.7772157984375 0.690715746875 0.7811798421875 0.6766761109375 0.7910434421875 0.6701486125 0.8030731125000001 0.687962671875 0.8015319953125 0.68599556875 0.806529528125 0.6984438187500001 0.8034412140624999 0.71747355 0.7933470546875 0.724609971875 0.793735371875 0.7319428859375 0.790285034375 0.7364492984375001 0.77822906875 0.727488284375 0.7739758046875
0 0.477046571875 0.8478282406250001 0.4660644734375 0.84354868125 0.4278257859375 0.8581205921875 0.3945059421875 0.87689318125 0.39550785 0.881633859375 0.4089040234375 0.8782623984375 0.4284174375 0.8799936453124999 0.43966728593750004 0.8760033078125 0.45737337968749997 0.8644145406250001 0.47772675 0.855814990625 0.477046571875 0.8478282406250001
0 0.314962175 0.89152789375 0.272055125 0.9030842937499999 0.2552257 0.9188211546874999 0.253241328125 0.933273753125 0.26114645 0.927762515625 0.2756697703125 0.9297243203125 0.2832531609375 0.9274591515624999 0.3178426609375 0.905157346875 0.321383878125 0.9028395921874999 0.3195053015625 0.8939508203125 0.314962175 0.89152789375
0 0.2902211140625 0.8126089375 0.2823332625 0.8086651109374999 0.2522329046875 0.8283660156250001 0.23100286250000002 0.8328174734375 0.24867441562499998 0.840138834375 0.27192554062499996 0.8357136703125001 0.3085188578125 0.8228932234374999 0.31644125 0.8079269203124999 0.2981262375 0.8070976984374999 0.2902211140625 0.8126089375
0 0.29068100937499997 0.733722346875 0.275961196875 0.7355991984375 0.2333586078125 0.7533645890625 0.22486400781250002 0.77039179375 0.24477040625000002 0.764445728125 0.26163654531249997 0.76318775625 0.28161420000000004 0.7528104515625 0.2898237828125 0.7535082078124999 0.30361294375000003 0.7424594375 0.3043816453125 0.7365598828125 0.29068100937499997 0.733722346875
0 0.269074821875 0.669636521875 0.2564840640625 0.6815873125 0.24169299687499998 0.687895403125 0.22343196718749997 0.6920900078125001 0.23106934375 0.6948486640625 0.2593645484375 0.695216765625 0.266554953125 0.7006289078125 0.28653261093750004 0.6902516015625 0.300572246875 0.6803880046875 0.301215709375 0.6738958640625 0.269074821875 0.669636521875
0 0.24849943125 0.62473324375 0.2048776625 0.6472130218750001 0.27947863125 0.64256945 0.282769371875 0.6390665265625 0.2917649265625 0.6244096640625 0.2785112640625 0.6189186421875 0.24849943125 0.62473324375
0 0.26101695468749997 0.562444184375 0.2597645703125 0.5565183359375 0.2436498640625 0.5613318171875 0.22998594374999998 0.572973171875 0.2009047625 0.5879596921875 0.23184725 0.5913170078125 0.2657220328125 0.579938584375 0.2753977640625 0.57326846875 0.2764169421875 0.5685540828125 0.26101695468749997 0.562444184375
0 0.7260350609375 0.7051105718749999 0.716948809375 0.700264721875 0.7018532828125 0.7003638171875 0.6762593375 0.708008759375 0.6649922187499999 0.7214541609375 0.6512743140625 0.7280716890625001 0.6491819734375001 0.7324766375 0.664527978125 0.7335627109375 0.6902471609374999 0.7265103546875 0.708704684375 0.7184770953124999 0.7155366453124999 0.71265641875 0.7258385703125 0.708949228125 0.7260350609375 0.7051105718749999
0 0.7125805625 0.6366801671875 0.6751105765625 0.6453525203125 0.6613926718750001 0.65197005 0.6579054390625 0.659311628125 0.6506977625 0.6633545515625 0.68423354375 0.6646772609375 0.7097022468749999 0.6564397343749999 0.72678215 0.6418880421875001 0.72173806875 0.637094778125 0.7125805625 0.6366801671875
0 0.6853369015624999 0.57929853125 0.6626579828125 0.5816627953125 0.643682234375 0.5967807781250001 0.6492985250000001 0.5995131421875 0.6673630625 0.5991571953125 0.7095726671875 0.589069109375 0.7132563953125 0.577888878125 0.70354395 0.5700801015625 0.6853369015624999 0.57929853125
0 0.69069836875 0.5140676875 0.658790690625 0.520448578125 0.6515830140625 0.5244915015625 0.6342353671875001 0.5473130890625 0.645789675 0.5495317484375 0.67834081875 0.5366587140625 0.6816315609375 0.5331557921875001 0.691361275 0.5315095015625 0.7024319015625 0.5219027546875 0.7001063546874999 0.515667465625 0.69069836875 0.5140676875
0 0.6752594953125 0.4600898796875 0.6520083703124999 0.464515040625 0.63330036875 0.47136313124999996 0.6253952468749999 0.47687437031249996 0.6498275046875001 0.48280629375000006 0.6744735234375 0.4754444984375 0.6917326484374999 0.46650921562500003 0.6926265875000001 0.46120224531250004 0.6752594953125 0.4600898796875
0 0.4489422890625 0.7696086906249999 0.42803398125000003 0.7708140765625 0.4188592046875 0.77985453125 0.390404215625 0.7978039765625 0.4319703578125 0.7942080328125 0.43955374843749995 0.791942865625 0.449926928125 0.783804434375 0.46414578593750005 0.7795572453124999 0.47180043125 0.7728608359375 0.46657712812499996 0.7624511625 0.4489422890625 0.7696086906249999
0 0.4415868140625 0.6895817890625 0.42906731093749995 0.6971013421875 0.41567113750000007 0.7004728 0.393672396875 0.7108238124999999 0.38487333437500004 0.7216420203125 0.40256215624999997 0.71950831875 0.4081071890625 0.726671921875 0.43597269687500007 0.72023844375 0.44963661874999994 0.7085970890625 0.4613874203125 0.7069770921874999 0.46639478749999996 0.6972914671875 0.46431971718750004 0.69224135 0.4415868140625 0.6895817890625
0 0.4540067625 0.633907259375 0.4301121734375 0.644824565625 0.4138722296875 0.6490454609375 0.39072907031250004 0.6635182734375 0.393555571875 0.6721239 0.40789966718750004 0.668469296875 0.4180050984375 0.6686007625 0.44025431875 0.6594349187499999 0.46599077187500004 0.642927496875 0.4616441375 0.6366659171875 0.4540067625 0.633907259375
0 0.4161461203125 0.5787420671875 0.3804834578125 0.6007344328124999 0.39001668125 0.6029267968750001 0.40890390468750004 0.60169511875 0.445425965625 0.5933059109375 0.45542342968750005 0.5833897265625 0.4539205671875 0.57627870625 0.44236625781249994 0.5740600484375 0.4161461203125 0.5787420671875
0 0.4091951765625 0.5124738734375 0.4045807953125 0.5144821875 0.39900121875 0.5262287125 0.381491621875 0.5339788265625 0.3833162140625 0.5378437734375 0.4013807515625 0.5374878265625 0.42899578125 0.5298691765625 0.44176576250000005 0.5235347953125 0.444806025 0.5188467015625 0.4091951765625 0.5124738734375
0 0.8500080156250001 0.8148682468749999 0.8232696546874999 0.8266349890625 0.8163124546875 0.8318630828125 0.8100894171874999 0.850101746875 0.8367565234375001 0.8427662453125 0.846181778125 0.8349109609375001 0.8600249203124999 0.8288860171874999 0.8675003421874999 0.8165732 0.8606856531249999 0.8129388109375 0.8500080156250001 0.8148682468749999
0 0.85941165625 0.7496899875 0.86352508125 0.745311334375 0.8614500125 0.7402612171875 0.8491982546875001 0.739510875 0.8107090906250001 0.7528976125 0.7939681953125 0.7547481703125001 0.7917506140625 0.7585605328125 0.8057557078125 0.7676070640625 0.805362721875 0.7752843734375 0.8320298296875 0.767948871875 0.845872971875 0.761923928125 0.8504333703125001 0.7548917890625 0.85941165625 0.7496899875
0 0.8478162890625001 0.6662144015625 0.8066798468749999 0.6766119234375 0.7792440375 0.6898469828125 0.781766078125 0.6922436140625 0.7788510515625 0.6975242921875 0.7890817218749999 0.6982483421875 0.785218771875 0.703812165625 0.787365096875 0.70443104375 0.8286980312500001 0.690194865625 0.8531648296875 0.6772166609375 0.852234178125 0.668044740625 0.8478162890625001 0.6662144015625
0 0.82651065 0.6083190578125001 0.7973042328125 0.62271299375 0.77528821875 0.642519071875 0.8243297828125 0.6266103109375 0.8294451171875 0.6269723359375 0.8350786765624999 0.6202496359375 0.8478486578125001 0.6139152515624999 0.8465962734374999 0.6079894046875001 0.8412304609374999 0.606442209375 0.82651065 0.6083190578125001
0 0.8132893546875 0.5505288890625 0.7970494109375 0.5547497859375 0.7719391484375 0.5742201312499999 0.8061723765625001 0.5740745281249999 0.825202109375 0.563980365625 0.8372033875 0.5635455375 0.8436596328125001 0.5559471078125 0.8425324859375 0.55061384375 0.8132893546875 0.5505288890625
0 0.4487145234375 0 0.44436101875 0.0017547640625 0.45956451249999997 0.01170331875 0.49855462968750003 0.0006869171875 0.498815384375 0 0.4487145234375 0
0 0.356204096875 0.0280873390625 0.3120986453125 0.038741715625 0.3030663765625 0.0389196890625 0.2851810609375 0.044892046875 0.29635965625 0.0453329515625 0.3038005375 0.051930262500000005 0.32463759062499997 0.0551561171875 0.355865096875 0.0407884734375 0.3625718171875 0.0343752125 0.3616951484375 0.030227118749999997 0.356204096875 0.0280873390625
0 0.18305575937500002 0.0766569828125 0.1147512546875 0.09201966875 0.14884197500000002 0.10073654375 0.18366468125 0.0890749703125 0.189298240625 0.08235227187500001 0.1882963328125 0.0776115921875 0.18305575937500002 0.0766569828125
0 0 0.1432112640625 0.0034339046875000003 0.14228012343750002 0.0224096546875 0.1271621390625 0.0210320328125 0.1206437046875 0.011373570312500001 0.11785875625 0 0.12068045000000001 0 0.1432112640625
0 0 0.20668721250000002 0.010270209375 0.203237484375 0.0352379625 0.1926296203125 0.038278228125 0.18794152656250002 0.024076640625 0.18273365156250002 0.00007408125 0.1836033046875 0 0.1836416578125 0 0.20668721250000002
0 0 0.2708588765625 0.0033886109375 0.2708123765625 0.014638459375000001 0.2668220390625 0.027157960937499996 0.2593024859375 0.0406793734375 0.2565236140625 0.051553506250000006 0.250755521875 0.054468531249999994 0.24547484218750001 0.0513202984375 0.24011528750000002 0.0301615140625 0.240135503125 0.005265015625 0.2463121296875 0 0.24805247656249999 0 0.2708588765625
0 0.19690759062500002 0.20418811718750002 0.1624778703125 0.208172378125 0.131125128125 0.221947434375 0.12234333593749999 0.22331057968749998 0.12214684218750001 0.2271492328125 0.14607814531250002 0.23071081875 0.16673597812500002 0.22832026249999998 0.18342289218750002 0.22144587968749999 0.2008072546875 0.21310318125 0.20170119375 0.2077962109375 0.19690759062500002 0.20418811718750002
0 0.36222205937499996 0.1566984703125 0.361220153125 0.15195779375000001 0.33739681875 0.1584438578125 0.323929390625 0.16624655625 0.30624056875 0.168380259375 0.31248304843749997 0.1740755484375 0.3358421421875 0.17969803281250002 0.36901947812499997 0.169787925 0.3789456875 0.164302978125 0.3814849984375 0.1572445453125 0.36222205937499996 0.1566984703125
0 0.4791278421875 0.12334375312500001 0.4462009828125 0.1344390328125 0.44587925312500004 0.1376851015625 0.4711341953125 0.1427412953125 0.5130933234375 0.1314680421875 0.5230907874999999 0.1215518578125 0.5080665140625 0.1172197125 0.4791278421875 0.12334375312500001
0 0.606071703125 0.094570190625 0.5837684999999999 0.09871220625 0.5660624078125001 0.1103009765625 0.582034603125 0.11434997499999999 0.6007965875 0.11252570937499999 0.613942284375 0.10796908125 0.6237432546874999 0.1018915515625 0.6236892703125 0.0968677265625 0.606071703125 0.094570190625
0 0.6947295765625 0.070607953125 0.67784616875 0.0813209921875 0.6986119703125 0.088978084375 0.73008995 0.0757956125 0.735598271875 0.0684803265625 0.7227203249999999 0.0647670578125 0.6947295765625 0.070607953125
0 0.7069769890625001 0.004580256249999999 0.6777338578125 0.004495303125 0.6662875171875 0.01232429375 0.6670389484375 0.0158798046875 0.6783967640624999 0.0219371171875 0.69494116875 0.0239252140625 0.7053683328125 0.0208106078125 0.7245945578125 0.00687779375 0.7172789140625 0.000873065625 0.7069769890625001 0.004580256249999999
0 0.598876953125 0.022380007812499998 0.5951392421875 0.028536415625 0.5838893921875 0.032526753125 0.5679711796875 0.0335015796875 0.546849109375 0.048000685937499996 0.5548082156249999 0.047513273437499996 0.571907559375 0.0568955359375 0.5845523 0.04996856875 0.6083756359375 0.043482503125 0.613186509375 0.037635534375 0.61118269375 0.028154174999999997 0.598876953125 0.022380007812499998
0 0.501992225 0.055099553125 0.47394749531249997 0.0559166234375 0.444741078125 0.0703105578125 0.445492509375 0.073866065625 0.45250369062500007 0.0736618 0.46708099374999995 0.08064742968750001 0.49741455781250005 0.071586759375 0.5087356609375 0.06316518125000001 0.507608515625 0.057831917187500005 0.501992225 0.055099553125
0 0.3219579453125 0.10446605 0.2949691046875 0.1150476203125 0.32389050468749997 0.118378646875 0.35991161250000003 0.1076191 0.36541993281249996 0.1003038140625 0.354688309375 0.0972094234375 0.3219579453125 0.10446605
0 0.1428176015625 0.1485255734375 0.121963275 0.1547547859375 0.1194952203125 0.15738197812500002 0.12453929999999999 0.16217524218749998 0.1384904109375 0.166197946875 0.18461695 0.1555698640625 0.18500993593749998 0.1478925546875 0.17579844375 0.14245411875 0.1428176015625 0.1485255734375