0 0.9676648453125001 0.259797128125 0.9612527906249999 0.2595776796875 0.9613766968749999 0.263078578125 0.9897986609375 0.2678138671875 0.9907755437500001 0.2438394546875 0.9761319609375001 0.2445704921875 0.9577815203125001 0.24066434375 0.9711012531250001 0.2551068328125 0.9676648453125001 0.259797128125
0 0.9857021593749999 0.3458707890625 0.9866163328124999 0.34591380156249996 0.9873925734375 0.326863459375 0.954315603125 0.3185716765625 0.9343708625 0.32051157343750003 0.96432283125 0.3412053578125 0.9857021593749999 0.3458707890625
0 0.927030796875 0.3790683953125 0.9294924375000001 0.397728634375 0.9469571578125 0.404882584375 0.9841280171875001 0.4069814390625 0.984606134375 0.3952475921875 0.963129578125 0.38117801562500003 0.9545743625 0.37695147812499996 0.948463359375 0.37958336875 0.927030796875 0.3790683953125
0 0.9143016703125 0.45738605625 0.9122291765625 0.46103032343750006 0.9155591109375001 0.464640946875 0.9812181765625001 0.478394040625 0.9819713015625 0.459911025 0.9767572484375 0.45777522812500004 0.9465923249999999 0.4536832796875 0.9248054734375 0.454467425 0.9143016703125 0.45738605625
0 0.8932040671875001 0.5228819515625001 0.8879255484374999 0.5264164953125 0.9028395796875 0.5350129375 0.9083126734375 0.5426306484375 0.9153800671875001 0.5444023125 0.9479185359375 0.54770133125 0.9582451921875 0.5454322625 0.9618587468750001 0.54009240625 0.9499735984375001 0.5322552484374999 0.910952409375 0.521085425 0.8882091687500001 0.51746601875 0.8932040671875001 0.5228819515625001
0 0.9339415640625001 0.6108184328124999 0.9365454906249999 0.6052254828125 0.929708478125 0.5986538 0.8970993437500001 0.5877034234375 0.8668811828124999 0.5877619328125 0.8756135437499999 0.591338909375 0.884416571875 0.602567240625 0.9185667671875001 0.611822028125 0.9339415640625001 0.6108184328124999
0 0.8814390296875001 0.676769303125 0.9016848203125001 0.67768074375 0.9063612390625 0.668443525 0.8851590593750001 0.66312853125 0.870245028125 0.6545320890624999 0.86496650625 0.6580666328125 0.851610965625 0.6595764187500001 0.8689159703125 0.67918174375 0.8814390296875001 0.676769303125
0 0.84811941875 0.747528978125 0.856143203125 0.7537041953125 0.8687194984375 0.747141296875 0.8857592625 0.7479430125000001 0.8918702671875 0.7453111234375001 0.8904356812499999 0.7387057921875 0.8667360515625001 0.730682834375 0.8467206421875 0.724971375 0.83722646875 0.7281431 0.8278029609375 0.7389661828125 0.84811941875 0.747528978125
0 0.864413846875 0.8064371109374999 0.8231430203125001 0.7995611171875 0.797742615625 0.8056851203125 0.8307060390625001 0.815336375 0.860215621875 0.817876109375 0.868523025 0.815100846875 0.8697630343749999 0.810553925 0.864413846875 0.8064371109374999
0 0.7929058437500001 0.8707573203125 0.791364784375 0.8724529078125001 0.803480315625 0.875490046875 0.837028409375 0.8790421593750001 0.8471779250000001 0.8774226515624999 0.8469301124999999 0.8704208546875 0.8390834734375 0.863596078125 0.8231065750000001 0.858896996875 0.7928884140625 0.8589555046875 0.7755476015625 0.855302453125 0.7929058437500001 0.8707573203125
0 0.7889994687499999 0.5134150078124999 0.7966689640625 0.520889346875 0.8319884999999999 0.51794585625 0.83565529375 0.508455540625 0.8272772203125 0.50357944375 0.7911077718749999 0.493818465625 0.7639717312500001 0.4904858015625 0.7678330984375 0.4921477421875 0.7683819609375 0.502000875 0.7889994687499999 0.5134150078124999
0 0.8098707718749999 0.585267925 0.8146178578125 0.5836820625 0.81336041875 0.576427171875 0.80266204375 0.5681935484375 0.7691139484375 0.564641434375 0.75533345 0.559798984375 0.7564137453125 0.5677034359375 0.7681217499999999 0.5761901546875 0.8098707718749999 0.585267925
0 0.731050821875 0.6210266156250001 0.716986703125 0.6251346437499999 0.7223358906249999 0.62925145625 0.721273025 0.6331488203125 0.7146838265625 0.6335789328125 0.71445344375 0.6383789515625 0.74842649375 0.6482832984375 0.7570349484375 0.648359378125 0.7632166203125 0.6533788453125 0.7875541609375001 0.65115220625 0.7904591359375 0.6484105921875 0.7871292046875 0.644799971875 0.752784434375 0.624392928125 0.731050821875 0.6210266156250001
0 0.7492998171874999 0.7262265718750001 0.76449746875 0.7258725375 0.77553270625 0.7210052250000001 0.77558594375 0.7168547671875001 0.7672078734375 0.7119786703125001 0.7312155671875 0.7015681328125 0.71056225 0.706106271875 0.70374266875 0.711336403125 0.7215084390625 0.7213416921875 0.7492998171874999 0.7262265718750001
0 0.7445159718750001 0.7833206109375 0.7088247171875001 0.7757614125 0.695770225 0.780122534375 0.69553984375 0.784922553125 0.72476580625 0.7964127624999999 0.7512997453125 0.7940427546875 0.7518844171875 0.7879436140625 0.7445159718750001 0.7833206109375
0 0.6578737421875 0.8379374234375 0.708957225 0.8562948453124999 0.7329404765625 0.8553673265624999 0.7350129703125 0.851723059375 0.7281759578125 0.845151375 0.6938486187499999 0.8365461484375001 0.6578737421875 0.8379374234375
0 0.7964465203125 0.9330502125000001 0.8141948609374999 0.9312536859374999 0.8330767343750001 0.9332111515625 0.8360349499999999 0.92631908125 0.8291979406250001 0.919747396875 0.7930284875 0.9099864203125 0.7749258593749999 0.9130820671875 0.77166659375 0.9171228015624999 0.77666149375 0.9225387359375 0.7964465203125 0.9330502125000001
0 0.6702256375 0.8896115312499999 0.6459945734375 0.8835372546875 0.6635831999999999 0.8941921031250001 0.6466673421875 0.8968912859374999 0.68149030625 0.9195001046875 0.701133996875 0.9147088703125 0.7195376765625 0.9144645578124999 0.724692290625 0.9074291171875 0.7211852140625 0.90446805625 0.709902165625 0.902333571875 0.69397850625 0.8934840328125 0.6822172625 0.889147775 0.6702256375 0.8896115312499999
0 0.634204165625 0.6182619453125 0.653387090625 0.6230707484375 0.6629345046874999 0.6157485640625 0.6562746390624999 0.6085273203125 0.6401738359375 0.60032734375 0.6198041375 0.5959150046875 0.602410084375 0.5964124109375 0.602533990625 0.5999133078125001 0.617164403125 0.617460228125 0.634204165625 0.6182619453125
0 0.64125223125 0.6873435999999999 0.6094755796875 0.67729588125 0.5838273625 0.6764180875 0.604745921875 0.690683559375 0.6441214000000001 0.7005542609375001 0.6512952703125 0.694025009375 0.6499845921875 0.6909205765624999 0.64125223125 0.6873435999999999
0 0.6183125203125 0.7516837453125 0.586004434375 0.7435847078125 0.5582837234375 0.746351184375 0.584959 0.7592838875 0.60966825625 0.767559940625 0.6331733125000001 0.7644306484375 0.6312072953125 0.7597740015625 0.6183125203125 0.7516837453125
0 0.5501873749999999 0.8116364171875 0.5484159328125 0.8181320218750001 0.5430135046875 0.8181656671875001 0.585417865625 0.8287956546874999 0.6196745375 0.8297495265625001 0.618594240625 0.821845075 0.5977995875000001 0.8110805031250001 0.5730903296875 0.8028044484375 0.563241865625 0.8072752937500001 0.546503153125 0.809324915625 0.5501873749999999 0.8116364171875
0 0.6059279484375 0.8880666093749999 0.6043162203125 0.8821108390625 0.59391889375 0.876728553125 0.5528252109375 0.8692029984375 0.5273009 0.871826103125 0.521845234375 0.8760102078124999 0.550593003125 0.8852986421875 0.5824228921875 0.8911959046875 0.6059279484375 0.8880666093749999
0 0.8104432375 1 0.8104913109374999 0.9962521765625001 0.792725540625 0.9862468890624999 0.7653416890625 0.9759124281249999 0.747486871875 0.9860098718750001 0.759673071875 0.9966983671874999 0.77553196875 1 0.8104432375 1
0 0.55267838125 0.22899215 0.541696384375 0.22970900468750002 0.5328575484375 0.23443294531249997 0.521043065625 0.23424714375 0.5328749765625 0.24623476093750002 0.5569288953125 0.25295860000000003 0.5751728625 0.26516566406250003 0.5867395281250001 0.2583496703125 0.59653475625 0.25802928125 0.6005025984375 0.25139030625 0.5817804390625 0.23698146250000002 0.570975584375 0.23704875625000002 0.55267838125 0.22899215
0 0.5088930765625 0.30648595312500004 0.5325394703125 0.31865937187500004 0.5386679046875 0.3278292984375 0.5587365515625 0.3293902984375 0.5778488078125 0.32654774531249997 0.583782665625 0.3245654171875 0.58419019375 0.3191158390625 0.56695585625 0.30716186875 0.5475957874999999 0.3030026265625 0.5315656515625 0.3024540046875 0.5088930765625 0.30648595312500004
0 0.575723521875 0.3877997515625 0.5659815359375 0.3839696828125 0.5638916109375 0.3758121359375 0.5590206171875 0.3738971 0.5542735296875 0.3754829625 0.5419808546875 0.373095384375 0.53129990625 0.376663575 0.5067145546875 0.37188841875 0.49466969218749995 0.3765026375 0.5105933515625 0.385352175 0.5042519640625 0.3927840796875 0.5461781296875 0.4012122921875 0.571047103125 0.39703697031249996 0.5763256234374999 0.3935024265625 0.575723521875 0.3877997515625
0 0.5148763796875 0.45857677968750005 0.546830175 0.4679749390625 0.5664206265625 0.4673341640625 0.56569461875 0.458130590625 0.5427035671875 0.44750938749999997 0.5186496468749999 0.44078555 0.48795329218749994 0.4386422828125 0.48522546093749996 0.4407343328125 0.5072068859375001 0.45110244218749995 0.5148763796875 0.45857677968750005
0 0.5308665265625 0.534421640625 0.541317090625 0.5356534703125 0.572066684375 0.5336462796875 0.576689865625 0.5285595187500001 0.5702071453124999 0.5206887140625 0.5340376921875001 0.5109277359375 0.526031340625 0.516554334375 0.49967454531250005 0.5182747812499999 0.49896596718749997 0.520873025 0.5308665265625 0.534421640625
0 0.47872151093750004 0.5792853265625 0.48502709062499993 0.5878056921875 0.47755216875000006 0.59148360625 0.471317259375 0.5906145984375 0.4748243375 0.593575659375 0.5276085921875 0.59778611875 0.5385373546875 0.6012197234375 0.546012275 0.59754180625 0.542434528125 0.586929390625 0.5143420984375 0.579193171875 0.493263825 0.5773790765625 0.47872151093750004 0.5792853265625
0 0.50534165 0.6754802953125 0.53389484375 0.673616475 0.5341252265625 0.66881645625 0.5271110734375 0.6628943328125 0.49081771406249997 0.64963245625 0.46575416875000003 0.6426555234375 0.46249490312499997 0.6466962578125 0.46768437656249995 0.663264446875 0.490020090625 0.6723334296875 0.50534165 0.6754802953125
0 0.4656457953125 0.7300682468749999 0.4690996328125 0.7371797671875 0.4996188453125 0.7399725953125 0.5105476046875 0.7434062 0.517491090625 0.7416769671875 0.5171193734374999 0.731174275 0.485041671875 0.7182752156250001 0.47310328437500004 0.714588515625 0.45452246093750004 0.7154823890625 0.45423883906249996 0.7244328656250001 0.4656457953125 0.7300682468749999
0 0.4872894109375 0.79309319375 0.45907307656249996 0.7818560765625 0.437286225 0.7826402234375001 0.433849815625 0.7873305187499999 0.4540065578125 0.8083446921874999 0.4975802609375 0.806776396875 0.49834207656249996 0.8000276953125001 0.4872894109375 0.79309319375
0 0.404320903125 0.8521007765625 0.3977317046875 0.8525308890625001 0.4094397109375 0.8610176078125 0.44341276093750004 0.8709219562499999 0.48443577343750005 0.8707961546874999 0.48638436093750004 0.8636509875 0.47449921406250006 0.8558138312500001 0.43060703125 0.842728971875 0.41053838281250005 0.8411679703124999 0.4116719171875 0.8449219625 0.404320903125 0.8521007765625
0 0.3229019984375 0.5534096453124999 0.35106509531249996 0.56879721875 0.37885647499999997 0.5736821 0.3823635515625 0.5766431625 0.3898384734375 0.5729652468750001 0.401652953125 0.5731510484375 0.40693147500000004 0.569616503125 0.400926946875 0.563947475 0.3846489984375 0.556397059375 0.33381332812500003 0.5450414359375 0.3241420078125 0.5488627203124999 0.3229019984375 0.5534096453124999
0 0.38133459531249997 0.643700059375 0.3844699546875 0.6361584265625 0.361107184375 0.61503453125 0.35469513125 0.6148150828125 0.34633448906250003 0.6217408 0.31154638281249997 0.6227356109375 0.3265843234375 0.6348329515625 0.3401876765625 0.6403249625 0.38133459531249997 0.643700059375
0 0.3112792453125 0.6830438062499999 0.295904446875 0.684047403125 0.3106945734375 0.6891429484375 0.32621070625000004 0.7034420640625 0.3487235640625 0.711861490625 0.3723525265625 0.71223309375 0.375611790625 0.708192359375 0.3729904359375 0.7019834953124999 0.34162131093750003 0.6864861953125 0.3175673921875 0.6797623578125 0.3111553375 0.6795429093750001 0.3112792453125 0.6830438062499999
0 0.3503343421875 0.7573731625 0.3112599171875 0.7503538 0.28656808749999996 0.7538795578124999 0.319354365625 0.7641803734375 0.34631326093750003 0.768162596875 0.3522471203125 0.76618026875 0.353664275 0.760983784375 0.3503343421875 0.7573731625
0 0.3388722515625 0.8350000468750001 0.346046121875 0.82847079375 0.3390319671875 0.822548671875 0.29715903906249996 0.809970003125 0.2651868640625 0.82832593125 0.2833601609375 0.832881640625 0.3078216078125 0.8341559000000001 0.3257470921875 0.8317098140624999 0.3388722515625 0.8350000468750001
0 0.22176209062500002 0.5287497125 0.22436601718750002 0.5231567625 0.21954826249999998 0.5170912703125 0.1805803109375 0.5017709859374999 0.14324151875 0.504208290625 0.15572876875 0.517748121875 0.178719821875 0.528369325 0.195405296875 0.5304701609375 0.22176209062500002 0.5287497125
0 0.15971214375 0.6020227671875 0.170818046875 0.6048068125 0.18838924375 0.6036598453125 0.20555291250000002 0.607962459375 0.21130962812499998 0.6066296921875 0.2136125046875 0.598185403125 0.20541157656250003 0.5926597453125 0.16353865 0.5800810796875 0.15149378593750001 0.5846952953125 0.122639540625 0.5837077765625 0.15971214375 0.6020227671875
0 0.11472033749999999 0.6483434484374999 0.118475225 0.65830630625 0.1103449671875 0.66043200625 0.145859078125 0.6686407671875 0.16865555625 0.668109715625 0.1807710890625 0.6711468546875 0.1890784921875 0.66837159375 0.190318503125 0.6638246703124999 0.18163938125 0.6560972359374999 0.141962853125 0.643375196875 0.11797960156250001 0.6443027156250001 0.11472033749999999 0.6483434484374999
0 0.084252465625 0.72051196875 0.0969700984375 0.72925178125 0.1257711046875 0.7343897578125 0.13937445937499998 0.73988176875 0.161090640625 0.731446265625 0.1584692859375 0.7252373999999999 0.148249103125 0.719205553125 0.12056420000000001 0.70601975625 0.112203559375 0.7129454734375 0.0971830515625 0.7126499484375 0.084252465625 0.72051196875
0 0.14080809375 0.7860430015625 0.1032747265625 0.77732805 0.0582132 0.776441471875 0.0855438140625 0.7909263921874999 0.10472674062500001 0.7957351953125 0.133935271875 0.7954235921875 0.1400462765625 0.792791703125 0.14080809375 0.7860430015625
0 0.12472800937499999 0.1449282828125 0.10375621093750001 0.1348132703125 0.0783383765625 0.1291354578125 0.0668249453125 0.13180099375 0.063332671875 0.1446066171875 0.0777178953125 0.151186871875 0.0969008203125 0.155995675 0.12421400625000001 0.1586787796875 0.1291382375 0.15644335625 0.1297229078125 0.1503442171875 0.12472800937499999 0.1449282828125
0 0.11515248281249998 0.23936888125000003 0.10130131718749999 0.22687507343750002 0.0879990140625 0.2242343984375 0.06584044375 0.214515853125 0.0499874515625 0.213317671875 0.0435474671875 0.21715588593750002 0.0425970734375 0.22064083124999997 0.048286676562500006 0.22746463437500003 0.06385604843750001 0.2376132921875 0.0990158703125 0.24712117500000003 0.110653209375 0.2479565375 0.1155774390625 0.24572111406250002 0.11515248281249998 0.23936888125000003
0 0.103587165625 0.30550855 0.0757957875 0.30062366875 0.0482347921875 0.29093876875 0.031549315625000005 0.28883793125 0.023692825 0.2899597640625 0.022587842187500002 0.29401156875 0.0302028296875 0.30168577343749997 0.059021267187500004 0.31862556249999996 0.079798490625 0.3175883203125 0.0915597328125 0.3219245828125 0.103958884375 0.3160112421875 0.103587165625 0.30550855
0 0.083198140625 0.368406203125 0.070480509375 0.3596663890625 0.0570010609375 0.35767527656250003 0.0372160359375 0.3471637984375 0.030042165625 0.35369305156249997 0.0054320968749999995 0.3569190140625 0.0050377296875 0.35836509375 0.018298353125 0.3611586046875 0.035709834375 0.372463015625 0.06047232968750001 0.37658861250000003 0.0776892390625 0.3767407671875 0.0827906140625 0.37385578124999996 0.083198140625 0.368406203125
0 0.0395537703125 0.3623231390625 0.0374812765625 0.36596740781250003 0.040634065625 0.3702275921875 0.0566642015625 0.3707762109375 0.0552296171875 0.3641708828125 0.0475068859375 0.3608470015625 0.0395537703125 0.3623231390625
0 0.0772981921875 0.43354806406249996 0.0750311234375 0.42604007812500005 0.05542324375 0.4148790390625 0.025966898437500004 0.4081888484375 0.00021220468749999998 0.4156119703125 0.0249921296875 0.4315393828125 0.052659601562500005 0.43292336562499995 0.0667943890625 0.43646669375 0.0772981921875 0.43354806406249996
0 0 0.48786457656250004 0.044864303125 0.5010599359375 0.0630908390625 0.501465184375 0.0724078703125 0.4989430203125 0.0740021703125 0.493096975 0.07067223593750001 0.48948635312500005 0.02120048125 0.4770847015625 0 0.47786792812499995 0 0.48786457656250004
0 0 0.5692599265625 0.008161521875 0.572359446875 0.047519570312499995 0.5704283328125 0.04911386875 0.5645822859375 0.031170953125 0.555226559375 0.019533617187499998 0.5543911953125 0.0032556687500000002 0.54684078125 0 0.54718685625 0 0.5692599265625
0 0 0.6371935484375 0.0032712015625 0.637754403125 0.0355086171875 0.6382020828125 0.0356150921875 0.629901165625 0.0069205625000000005 0.6164622718749999 0 0.614287965625 0 0.6371935484375
0 0.1038948609375 0.031468565625 0.094378978125 0.030764646875000003 0.08885249843750001 0.051029385937500005 0.119499090625 0.065220853125 0.1441909203125 0.06169509375 0.1459623625 0.0551994859375 0.1366279 0.0459198375 0.11399113593750002 0.0339995140625 0.1038948609375 0.031468565625
0 0.4592324453125 0.0455966296875 0.47051549374999996 0.0477311140625 0.48488066406249997 0.0464744234375 0.4871835390625 0.0380301359375 0.4774947890625 0.03004960625 0.4645467734375 0.026109812500000003 0.4534941078125 0.019175310937500002 0.4425653484375 0.0157417046875 0.4233291859375 0.0150833578125 0.4204416390625 0.0296267875 0.4592324453125 0.0455966296875
0 0.5611222703125 0.051685756250000006 0.5551351734375001 0.0578185421875 0.566967084375 0.0698061578125 0.59513018125 0.0851937328125 0.6010640406250001 0.08321140625 0.6173952265625 0.0866113625 0.6224966046875 0.08372637968749999 0.6247462421875001 0.07943255 0.6179624687499999 0.0687104078125 0.6046601640625 0.0660697359375 0.5827319796875 0.05155116875 0.5611222703125 0.051685756250000006
0 0.6977349484375 0.1005270125 0.7141368015625 0.1115783265625 0.74283133125 0.125017221875 0.7539904749999999 0.1236508046875 0.765273521875 0.1257852890625 0.773634165625 0.118859571875 0.7673285875 0.11033920625 0.75806479375 0.1087109125 0.7470653656249999 0.09762595156250001 0.7214703859375 0.0925977 0.7059184453125 0.0942508546875 0.6977349484375 0.1005270125
0 0.60723828125 0.1673629703125 0.605626553125 0.1614072 0.5728935140625 0.146955928125 0.55169133125 0.141640934375 0.5488570234375 0.152033903125 0.5571286171875001 0.1652109171875 0.5966812406249999 0.174432059375 0.6012511843749999 0.17349575625 0.60723828125 0.1673629703125
0 0.7131078468750001 0.1786352234375 0.6998055437499999 0.17599455 0.701594415625 0.181300759375 0.682358253125 0.180642415625 0.6886105921875 0.1933132390625 0.7031703375 0.20320880156249999 0.7173051234375001 0.20675213124999997 0.7425990515625001 0.20892904531249998 0.7526246609375 0.20380863906250002 0.74856871875 0.19099444375000002 0.7408459859375001 0.1876705640625 0.733070015625 0.188497140625 0.7131078468750001 0.1786352234375
0 0.38818166249999997 0.1162771609375 0.42305786406249996 0.1347355234375 0.463566875 0.1483602171875 0.475788884375 0.143096440625 0.4770821328125 0.13439905624999998 0.4555789 0.126232725 0.43715779374999997 0.11467522187500001 0.4252194046875 0.110988521875 0.4039107484375 0.1139744453125 0.3895988171875 0.11108067656250001 0.38818166249999997 0.1162771609375
0 0.23870676875000002 0.06318150781250001 0.2398577328125 0.0787373140625 0.25703883125 0.09484174375 0.30282636093750004 0.10493189375 0.3079277375 0.10204690937500001 0.310584903125 0.0923035015625 0.30690068125000003 0.0899920015625 0.270890946875 0.067779646875 0.262813925 0.0657548875 0.2469076953125 0.068707165625 0.23870676875000002 0.06318150781250001
0 0.2616417359375 0.196620878125 0.2704805734375 0.19189693593749999 0.2786814984375 0.19742259374999999 0.2986262375 0.195482696875 0.291063221875 0.179707440625 0.252219178125 0.16788805625 0.2272795375 0.1644120203125 0.2075826078125 0.1733537140625 0.23032585 0.1769731203125 0.2616417359375 0.196620878125
0 0.1965812828125 0.24138055937499997 0.20462249531249999 0.2593575921875 0.2496482109375 0.27619644375 0.26550120312500003 0.2773946234375 0.28057495 0.2735396921875 0.28014999375 0.26718745625 0.26594453749999997 0.2559927703125 0.2569817953125 0.257215815625 0.2360099984375 0.24710080156249997 0.2177834609375 0.246695553125 0.1965812828125 0.24138055937499997
0 0.1895881921875 0.3263517671875 0.20912540468750002 0.32986145 0.224748015625 0.3358596484375 0.2375895515625 0.3481003609375 0.272785184375 0.34165597187499996 0.2725373734375 0.334654175 0.2579776296875 0.32475861093749997 0.23700583125 0.3146435984375 0.2288223328125 0.32091975625 0.1980727390625 0.322926946875 0.1895881921875 0.3263517671875
0 0.166324465625 0.37605905 0.212129428125 0.397951015625 0.2443136046875 0.40254915625 0.2590863015625 0.39584288437500004 0.2503365125 0.380464096875 0.24700657812500001 0.37685347343750003 0.166324465625 0.37605905
0 0.2196239640625 0.4712650421875 0.2213954078125 0.46476943750000005 0.23854164843749998 0.45727023593749994 0.237762403125 0.45221712187499996 0.2277193640625 0.4455357140625 0.191727059375 0.43512517656250005 0.15789534375 0.4405235390625 0.1884319859375 0.455118184375 0.2024602953125 0.466962428125 0.2196239640625 0.4712650421875
0 0.6714275953125 0.256320615625 0.65468888125 0.2583702375 0.6566548984375 0.26302688750000003 0.6710907374999999 0.2694215515625 0.6823912156249999 0.28335784999999997 0.7096511609375 0.29019141249999997 0.7260355859375001 0.28944091250000004 0.7362383375 0.28367094531250003 0.736291575 0.2795204859375 0.7253628156249999 0.2760868828125 0.7183486609374999 0.270164759375 0.6988646843749999 0.26250461875000003 0.6714275953125 0.256320615625
0 0.676792315625 0.35135105 0.7168763703125001 0.3586235078125 0.7268487390625 0.357653559375 0.73265869375 0.352170334375 0.71512330625 0.3373650265625 0.688040503125 0.329881903125 0.6515341953125 0.3332218609375 0.6590797828125 0.3371953015625 0.662356478125 0.34495638125 0.676792315625 0.35135105
0 0.7024386359375 0.43134064843750003 0.713527109375 0.42232287812499997 0.7103036515625 0.41041134062499995 0.665171459375 0.40187340625 0.6455810078125 0.40251418125000005 0.6392928578125 0.4057956296875 0.6588475015624999 0.4211071265625 0.683308946875 0.4223813859375 0.7024386359375 0.43134064843750003
0 0.6255995078125001 0.45996225468749996 0.6428512765625001 0.4837180390625 0.6503968640625 0.48769148125 0.684600296875 0.4927958109375 0.69492695625 0.490526740625 0.697885171875 0.48363466875 0.6865314546875 0.47384882968750003 0.676080890625 0.47261700156249997 0.6727509578124999 0.46900637968750003 0.6382997109375 0.456900253125 0.6255995078125001 0.45996225468749996
0 0.683022478125 0.5499995734375001 0.682420378125 0.5442969 0.66430031875 0.5355907328125 0.63805 0.5290102640625001 0.6111085359375 0.5368298546875 0.6193094609375 0.5423555109375 0.639147728125 0.5487165296875001 0.664087365625 0.552192565625 0.683022478125 0.5499995734375001
0 0.3782350375 0.202253765625 0.40788595625 0.22009621250000003 0.417220415625 0.22937586250000003 0.43983975312499995 0.2294943703125 0.45849124375 0.23625185625 0.46488586718749997 0.2246694890625 0.4570392296875 0.2178447109375 0.441894815625 0.2140482875 0.43119643906249994 0.2058146625 0.4231194171875 0.20378990312499998 0.3782350375 0.202253765625
0 0.4223280609375 0.2837555625 0.392517428125 0.27836449218750003 0.3859988953125 0.286445959375 0.3669398765625 0.28513805312499996 0.3757429046875 0.2963663875 0.398911103125 0.306338028125 0.41322303437499996 0.30923179843750004 0.42629495312500004 0.3166724890625 0.4511639265625 0.31249716875 0.453767853125 0.3069042171875 0.44900333750000004 0.296688265625 0.436356371875 0.2955998078125 0.4223280609375 0.2837555625
0 0.3692615171875 0.3478193234375 0.393386103125 0.36219451875 0.4107269171875 0.3658475734375 0.4359143703125 0.37632540468750003 0.44439891875 0.372900584375 0.449553534375 0.36586514062500003 0.4227543515625 0.34943154062500004 0.399231865625 0.3407590203125 0.3882498671875 0.341475871875 0.37292830781249997 0.338329009375 0.3692615171875 0.3478193234375
0 0.41911821875 0.4418695171875 0.43181842187499997 0.4388075171875 0.433944153125 0.4310127890625 0.423777209375 0.420830484375 0.3847027828125 0.41381111875 0.36427984687500004 0.4135492390625 0.3537760453125 0.41646786875 0.39097255 0.43828375781249995 0.41911821875 0.4418695171875
0 0.3739515703125 0.50860753125 0.3788225640625 0.5105225671875 0.4179328 0.501589659375 0.41495715625 0.49667991562499997 0.4015309453125 0.49053834375000005 0.3720745984375 0.483848153125 0.3524841484375 0.48448892812500005 0.3502345109375 0.4887827578125 0.368708859375 0.49618980312499994 0.3739515703125 0.50860753125
0 0.8502593875000001 0.146395703125 0.8784757234375 0.15763281875 0.889935915625 0.15911774218750002 0.89758798125 0.154790265625 0.8903260124999999 0.14186634843749998 0.8757130296875 0.1361212421875 0.86602428125 0.1281407140625 0.8375775640625 0.1217036140625 0.8430680875000001 0.1411231390625 0.8502593875000001 0.146395703125
0 0.82714253125 0.211385409375 0.81130696875 0.2219890421875 0.8134501296875 0.2259961296875 0.8314995203125 0.227050940625 0.8723628203124999 0.239376515625 0.8857183624999999 0.23786672968749997 0.8883222890625 0.2322737796875 0.8841598718749999 0.2277605015625 0.8747721734375 0.222631309375 0.87030870625 0.21526669375 0.8556957234375 0.209521590625 0.82724900625 0.203084490625 0.82714253125 0.211385409375
0 0.8042202453125 0.28752736875 0.7930611046875 0.2888937828125 0.7958596046874999 0.2944530875 0.7929546281250001 0.2971947015625 0.821826303125 0.3099840328125 0.8657717234375 0.3189184328125 0.87069595625 0.316683009375 0.8723434937500001 0.30668650625 0.8466778453125 0.294006896875 0.8027856625 0.28092204062500004 0.80041211875 0.28171497031250003 0.8042202453125 0.28752736875
0 0.8079025703125 0.3689506765625 0.83861635625 0.38289575937500003 0.8544693484374999 0.384093940625 0.86040320625 0.38211161250000003 0.86217465 0.37561600624999997 0.8487484421874999 0.3694744359375 0.8430982015625 0.3625062859375 0.83751863125 0.36318949218749996 0.7853722828125 0.3487294359375 0.8079025703125 0.3689506765625
0 0.852005809375 0.44454550625 0.8536001078125001 0.43869946249999997 0.847117384375 0.43082865625 0.8341161312500001 0.431039321875 0.8141539609375 0.421177403125 0.7769923125 0.42296514687500003 0.802905771875 0.44264654999999997 0.8202465875 0.44629960156250004 0.852005809375 0.44454550625
0 0.0472651140625 0.840317859375 0.056706049999999994 0.841296590625 0.0897933796875 0.8544487437500001 0.126901790625 0.8568114609374999 0.1323574546875 0.8526273546875001 0.1317553546875 0.8469246796875 0.11345815156250001 0.8388680734375 0.0958162875 0.8323636828125001 0.073551240625 0.8309460546875 0.047318353125000004 0.8361674015625 0.0472651140625 0.840317859375
0 0.26219189374999996 0.89072618125 0.276273440625 0.8984199671875001 0.3016912765625 0.9040977796874999 0.30310843125 0.8989012953125 0.3240627984375 0.8972144906249999 0.32179573125 0.8897065078124999 0.3113984046875 0.8843242218749999 0.2760614375 0.8754658984375 0.25030674375 0.8828890218750001 0.2431328734375 0.889418275 0.26219189374999996 0.89072618125
0 0.46517800156250005 0.9176799609374999 0.420400096875 0.90784290625 0.39262614687499997 0.9147598406249999 0.3927500546875 0.9182607390624999 0.42773273281249996 0.9284181828125 0.4587301390625 0.9334127859375 0.47534494531249993 0.9278622671875001 0.46517800156250005 0.9176799609374999
0 0.5828643296875 0.9489058578125 0.5832718578125 0.9434562765625 0.573051675 0.9374244296875001 0.55909403125 0.933231540625 0.5388482421874999 0.9323200999999999 0.52122380625 0.937617525 0.539644915625 0.9491750296875001 0.5635749296875 0.9523979703125001 0.5828643296875 0.9489058578125
0 0.64059025 0.9626827078125 0.6581788765625001 0.9733375546874999 0.6881666531249999 0.9780790671874999 0.7024079171875 0.973321478125 0.696934821875 0.9657037687500001 0.6636703484375001 0.953201178125 0.64059025 0.9626827078125
0 0.449937121875 1 0.45410829062499997 0.9978232890625 0.4557025890625 0.9919772453125001 0.44399458437500006 0.9834905265625 0.41168649999999996 0.9753914890625 0.39537274375 0.9837933453125001 0.387773915625 0.9839703640625 0.38671105156249996 0.9878677265625001 0.413432159375 1 0.449937121875 1
0 0.22718988593749997 0.9478787296875 0.255760509375 0.9578167234375 0.2907964265625 0.9638237078125 0.30266414531249997 0.9598590515625001 0.29719105 0.9522413406249999 0.258825203125 0.9426237343749999 0.22718988593749997 0.9478787296875
0 0.099693184375 0.9249392453124999 0.11007308125 0.9185197171875 0.1101795578125 0.9102188 0.060831710937500005 0.9013180453125 0.045403675 0.9064721015625 0.039593721875 0.9119553281250001 0.042091171875 0.9146632921875 0.064302978125 0.92023138125 0.099693184375 0.9249392453124999