0 0.9389981046875 0.10069608906250001 0.9394049546875 0.12038719375 0.9413484515625001 0.144820909375 0.962628684375 0.16160508125 0.9626790749999999 0.1529436625 0.95906150625 0.147389384375 0.9544699 0.13001195000000002 0.956802778125 0.08751653125 0.9511134484375001 0.07957578125 0.9427439390625001 0.0842031234375 0.9389981046875 0.10069608906250001
0 0.8734008734375 0.08339624375 0.868621446875 0.098302271875 0.8684427890625 0.1290109328125 0.877168759375 0.152736115625 0.881339771875 0.1527846484375 0.882954290625 0.1441414328125 0.889727603125 0.1450077015625 0.8897779937499999 0.13634628437500002 0.8856161437500001 0.134722946875 0.8825382749999999 0.1260251296875 0.88735893125 0.1040324859375 0.8864123796875001 0.0874849203125 0.8822825968749999 0.080349771875 0.8775947890625 0.0795077703125 0.8734008734375 0.08339624375
0 0.7884669046874999 0.07374594375 0.7846477734375 0.102837334375 0.7887134234375 0.1209961046875 0.7928477875 0.1273438515625 0.7996531671875 0.122698309375 0.8028455578125 0.1117110875 0.80910665625 0.11099648749999999 0.8034997828125 0.088882509375 0.80561735625 0.083394965625 0.8051509515624999 0.07394007968750001 0.800504371875 0.0660114640625 0.795821146875 0.064382059375 0.7884669046874999 0.07374594375
0 0.9351414703125001 0.22585653749999998 0.93287730625 0.25654093125 0.9369200515625 0.2786367109375 0.94941018125 0.28271932187500004 0.9530781390625 0.2796121828125 0.9538514703125 0.2363111625 0.95081483125 0.22052672968749998 0.9403873015625 0.22040539531249997 0.9351414703125001 0.22585653749999998
0 0.8773877921875 0.2047106859375 0.8737885484374999 0.1960068015625 0.8654236187500001 0.1998467421875 0.8612159609375001 0.20609742031249997 0.855892253125 0.22493438906250002 0.8552197046875 0.25091257499999997 0.8623861265625001 0.27383215625 0.8644670515625 0.274643825 0.8665800421875 0.26994368281250003 0.86611821875 0.25970139375 0.8698319874999999 0.2487202390625 0.8714785734375001 0.2345652109375 0.8761938656250001 0.23068280468750002 0.8813847265625 0.2346804796875 0.88141679375 0.22916866875 0.8783068578125001 0.22598266250000001 0.8762671624999999 0.2180843796875 0.8773877921875 0.2047106859375
0 0.78542645 0.201426765625 0.7827279500000001 0.2171444640625 0.7842004593749999 0.23291069531250003 0.783056925 0.250221396875 0.788156165625 0.269967103125 0.7897157140625 0.27077270468750003 0.79497986875 0.2621719546875 0.79823639375 0.2401611125 0.8060799453125 0.23631510625000002 0.8045753687499999 0.22606068437500002 0.797948646875 0.1999975640625 0.790146325 0.19675695625 0.78542645 0.201426765625
0 0.9349573781249999 0.347122446875 0.9342298578125 0.3825494515625 0.9399054453125 0.39285240625 0.9488054937499999 0.38665632968749997 0.9534887187500001 0.3882857328125 0.9547925875000001 0.3434159765625 0.9517193 0.33393075625 0.9496475375 0.331544284375 0.941296353125 0.3330220203125 0.9349573781249999 0.347122446875
0 0.8595501953125 0.3131719 0.8567051031249999 0.35408644843750003 0.8623944343750001 0.3620272 0.8680242140625 0.3802041703125 0.87329295 0.37081601875 0.880770878125 0.340192290625 0.8783380718749999 0.3102406984375 0.8689899421874999 0.3038322828125 0.863776178125 0.303771615625 0.8595501953125 0.3131719
0 0.77927196875 0.3098754140625 0.77292383125 0.32555064375 0.7733719125 0.3381551359375 0.7706779921875 0.35308543124999997 0.7769070234375001 0.3578826421875 0.7794406109375001 0.37051140312499997 0.7851849125 0.369003334375 0.7937193359375 0.336029534375 0.790129253125 0.325750846875 0.791245303125 0.31316455625 0.7886796484375 0.3060476078125 0.783465884375 0.305986940625 0.77927196875 0.3098754140625
0 0.709171878125 0.0806978109375 0.7115451296875 0.120885625 0.7172390421875 0.12803897343749998 0.7197543046875 0.1438173375 0.7250505265625 0.129704778125 0.7241039734375 0.1131572109375 0.7288742390625 0.0998259859375 0.7284398999999999 0.0848592890625 0.72537119375 0.07458666875 0.728604815625 0.05651283124999999 0.71608261875 0.0579420328125 0.711861215625 0.06655491718749999 0.709171878125 0.0806978109375
0 0.70642213125 0.194846771875 0.7026946203125 0.20819013125 0.7024793140625001 0.24519800468750003 0.7117999562499999 0.25633082812499997 0.7143060578125 0.2736839984375 0.71858243125 0.25562229531249997 0.7232931421875 0.2525272890625 0.7243725421875 0.2462402109375 0.7229137765625 0.228111775 0.7203343796875 0.22335703125 0.7204030953125 0.2115460078125 0.7251458734375 0.202939190625 0.7252008437499999 0.193490371875 0.7200512140625001 0.18240608281249998 0.7153542453124999 0.183138884375 0.70642213125 0.194846771875
0 0.7016464328125 0.2987352453125 0.7000364921875 0.3065910609375 0.6982937046875 0.337281521875 0.7049387515625 0.3601950375 0.7096036546875 0.364974046875 0.7100883812500001 0.37127932656249996 0.7127410734375 0.36343564375000004 0.7112502390625 0.35081901718749997 0.7159792765625 0.34457440625 0.7134640125 0.328796040625 0.718769396875 0.3131086765625 0.7182984109375 0.30444119375 0.715723596875 0.2988990484375 0.7063663046875 0.29406543749999997 0.7016464328125 0.2987352453125
0 0.6406322359375001 0.3184991078125 0.640352796875 0.3665306046875 0.6435131234375 0.36105519531249997 0.6502726937500001 0.36428366875 0.6528062796875 0.376912428125 0.6564742390625 0.3738052890625 0.6575444765625 0.3690930125 0.653455921875 0.3548712484375 0.65351089375 0.34542242968750003 0.6598681921875 0.328172396875 0.6577918484375 0.32657332656250004 0.6578422390625 0.31791190937499997 0.6604628640625 0.3155800390625 0.658921640625 0.31162483124999996 0.6490842031249999 0.2996985390625 0.6443551671875001 0.30594315 0.6406322359375001 0.3184991078125
0 0.6422882484375 0.1948879625 0.6416065375 0.22244095000000003 0.6456950921875 0.23666271249999998 0.64828823125 0.23905525 0.651421071875 0.23830425000000002 0.6588257046875 0.2202789484375 0.658386784375 0.20609965312499998 0.66106238125 0.1943189640625 0.65855628125 0.1769657953125 0.653356259375 0.1745429234375 0.64969288125 0.1768626609375 0.6422882484375 0.1948879625
0 0.6503708640625 0.060327228125 0.6466067062499999 0.07996980000000001 0.645463171875 0.0972805 0.6469448437499999 0.111471928125 0.6583280859375 0.1265660265625 0.6604181734375 0.12580289218750002 0.6594441343749999 0.11397973593749999 0.6626136218750001 0.106929521875 0.6648411375000001 0.082544340625 0.6627922796875 0.0762208609375 0.66394955625 0.0565479546875 0.6598243546875 0.0486254046875 0.6551136421875 0.051720409375 0.6503708640625 0.060327228125
0 0.6511983125 0.09734723437500001 0.655373903125 0.0966083671875 0.657477734375 0.093483028125 0.6564624671875 0.0887464859375 0.6496845734375001 0.0886676171875 0.648614334375 0.09337989375 0.6511983125 0.09734723437500001
0 0.57878746875 0.08610799687500001 0.5791714156250001 0.10973611093749999 0.5857569093749999 0.14288584531249998 0.5863332578125 0.13344309375000002 0.591652384375 0.1153935234375 0.5947989671875 0.11228031875 0.5940081671875 0.0689610984375 0.5909440421875 0.0579010765625 0.582560790625 0.064890621875 0.57878746875 0.08610799687500001
0 0.5871506140625 0.172197640625 0.5818085828124999 0.1941842171875 0.580587171875 0.2248807453125 0.5773810375 0.2382301703125 0.5815474671875001 0.23906610625 0.58840781875 0.22497174531250003 0.5941658640624999 0.2211014734375 0.596333828125 0.20695251093749997 0.60162546875 0.19362735312499998 0.6011544828125001 0.18495986874999998 0.5955201234375 0.1675703 0.590301778125 0.16829703437500002 0.5871506140625 0.172197640625
0 0.5823153624999999 0.286322334375 0.581176409375 0.302845634375 0.59239015625 0.347073590625 0.6048619609375 0.3543058078125 0.6086123796875 0.337025440625 0.6018757140625 0.3298599578125 0.5963879453125001 0.28727353906249997 0.589148228125 0.276952384375 0.5854848484375 0.279272121875 0.5823153624999999 0.286322334375
0 0.5681228203125 0.39561341875 0.56949455 0.428702484375 0.57615791875 0.448466390625 0.5782388421875 0.449278059375 0.5813716828125 0.4485270578125 0.584065603125 0.4335967625 0.5882503578125 0.43128309218750005 0.5960618421875 0.432948896875 0.59296106875 0.4281880875 0.5867091328125 0.427327884375 0.5820808796875 0.41624966093750004 0.5817198359375 0.3886845390625 0.5765518828125 0.38074985625 0.5723808703125 0.380701321875 0.5681228203125 0.39561341875
0 0.5285173890625 0.302232890625 0.52571810625 0.3352734234375 0.5287593265625 0.350270453125 0.531352465625 0.3526629921875 0.5366486874999999 0.33855043125 0.53674030625 0.3228024 0.54044033125 0.31418345 0.5420731765625 0.3023906265625 0.5410670703125 0.29607928125 0.5369372890624999 0.28894413281250003 0.5338090296875 0.2889077328125 0.5285173890625 0.302232890625
0 0.523867084375 0.20532182968749998 0.524735759375 0.2352552234375 0.528902190625 0.2360911578125 0.5378297234375 0.225170671875 0.54216565 0.19687274999999999 0.5417771203124999 0.17403203750000001 0.532927465625 0.17156669687499998 0.5265655859375 0.1896041328125 0.523867084375 0.20532182968749998
0 0.5256840203124999 0.07226309843749999 0.5234473421875 0.0982230828125 0.5254229046875001 0.11714498749999999 0.529593915625 0.11719352031250001 0.53850770625 0.10863523906250001 0.538123759375 0.08500712499999999 0.5413482171874999 0.06850809218750001 0.539313103125 0.059822409374999996 0.533587125 0.0581808703125 0.5309664984375 0.0605127421875 0.5256840203124999 0.07226309843749999
0 0.47521586875 0.053564384374999996 0.47446086249999997 0.0937157984375 0.4805662078125 0.11977285156249999 0.484243328125 0.115090909375 0.483269290625 0.103267753125 0.48701054531250004 0.08756218906249999 0.4912090421875 0.0828863125 0.4866220171875 0.0647214765625 0.48722585 0.05055431406250001 0.48464187187499996 0.046586971875 0.4768258078125 0.04570856875 0.47521586875 0.053564384374999996
0 0.431401925 0.056204384375000006 0.42868509843749997 0.0750716875 0.43007057031249996 0.1057985484375 0.43211942968750006 0.11212202812500001 0.4368438828125 0.10666481875 0.43793244531250003 0.0988029359375 0.4437179765625 0.090208253125 0.4454286984375 0.065029603125 0.44290885312499995 0.0500386390625 0.44032487500000006 0.046071296875 0.436149284375 0.0468101640625 0.431401925 0.056204384375000006
0 0.372536778125 0.046857420312499995 0.36779858125 0.0546768375 0.36615199375 0.0688318640625 0.366545103125 0.090885175 0.371676409375 0.105119071875 0.3805672953125 0.100497796875 0.3828314578125 0.06981340312499999 0.3798223046875 0.049304559375 0.37671695 0.0453311515625 0.372536778125 0.046857420312499995
0 0.46818423906250006 0.1867221859375 0.4617399015625 0.21893284999999998 0.4632398984375 0.22997467343750003 0.46736509843749996 0.237897221875 0.4720712296875 0.23558961875 0.47370407343750004 0.22379679531250002 0.48209648749999995 0.21523244687499998 0.4821697828125 0.20263402187500001 0.4863820234375 0.1955959421875 0.485412565625 0.18298538125 0.48078431093749996 0.171907159375 0.4761010859375 0.1702777546875 0.46818423906250006 0.1867221859375
0 0.45407115625000005 0.3005791765625 0.4543726453125 0.3383805171875 0.4626230484375 0.3542256171875 0.4657421453125 0.355836821875 0.46994980468750003 0.3495861421875 0.4742811484375 0.322075621875 0.478479646875 0.317399746875 0.470270471875 0.2944680328125 0.47086056249999997 0.2826630765625 0.46724757656250004 0.276321396875 0.46149411249999994 0.27940426875 0.45407115625000005 0.3005791765625
0 0.408587065625 0.303199740625 0.4105488859375 0.32448385 0.41884051875 0.333242334375 0.4204321328125 0.32853612499999996 0.4184245046875 0.31512603281249996 0.42065201874999997 0.29074085 0.423853575 0.2781788265625 0.4228428875 0.27265488125 0.415040565625 0.2694142734375 0.4129367359375 0.2725396140625 0.408587065625 0.303199740625
0 0.41248034687499996 0.171740078125 0.414350546875 0.20877221875 0.4168932953125 0.21982617499999998 0.4231177453125 0.2254107859375 0.42631013749999996 0.21442356562499998 0.426996428125 0.1860831765625 0.4249750578125 0.1750352875 0.4208498546875 0.1671127375 0.415649834375 0.1646898640625 0.41248034687499996 0.171740078125
0 0.3587694125 0.1726900046875 0.3585724296875 0.20654827187499997 0.366818253125 0.22318077343749998 0.37219235156249997 0.1956823859375 0.372352684375 0.16812333125 0.3671938921875 0.1586138453125 0.363036625 0.15620310625 0.3587694125 0.1726900046875
0 0.3530379984375 0.261605715625 0.35330742187499997 0.3049188671875 0.354830321875 0.3120236828125 0.3584616328125 0.31521575625 0.3647273125 0.313713753125 0.3650479796875 0.25859564375 0.362468584375 0.25384090000000004 0.358292990625 0.25457976875 0.3530379984375 0.261605715625
0 0.2924987796875 0.271138190625 0.2897819546875 0.29000549531250003 0.2902254546875 0.3033973875 0.29742394375000003 0.32080515625 0.3049201953125 0.287031825 0.30666298125 0.25634136406249997 0.3009415828125 0.253912425 0.29726904374999996 0.257806965625 0.2924987796875 0.271138190625
0 0.293999628125 0.19241016718749998 0.295444653125 0.2129008078125 0.305304996875 0.22089009218750003 0.3079256203125 0.2185582203125 0.31230735625 0.1823862828125 0.312902028125 0.16979392499999998 0.310844009375 0.1650452484375 0.3041027640625 0.1586671671875 0.298870675 0.16175610625 0.293999628125 0.19241016718749998
0 0.31052046875 0.041411065625 0.3051921796875 0.061035439062499995 0.30301963593750003 0.0759718015625 0.30451963125 0.08701362343749999 0.3096280328125 0.10518452812500001 0.3137715578125 0.109957471875 0.3201151140625 0.0950696421875 0.3181120671875 0.080872146875 0.323463259375 0.05731076875 0.3260930453125 0.053404092187499995 0.325594575 0.04946101875 0.319425096875 0.0344275875 0.31472812656250004 0.0351603875 0.31052046875 0.041411065625
0 0.2385521953125 0.043723459375 0.23834147187500002 0.0799439328125 0.2496880671875 0.10133724375 0.25671333281250003 0.05889642656250001 0.2552316625 0.044704996875 0.24645071875000002 0.030428634375000003 0.2417400078125 0.0335236390625 0.2385521953125 0.043723459375
0 0.2373345125 0.1634024328125 0.234677240625 0.17203351718749998 0.23345124843749998 0.2035174453125 0.23701842499999998 0.217733140625 0.242232190625 0.2177938078125 0.245950540625 0.20602525312500003 0.24983380312499998 0.16591024062499998 0.24829716093749998 0.1611676296875 0.24153301093750001 0.1587265578125 0.2373345125 0.1634024328125
0 0.2354077578125 0.2618118734375 0.23168940937500002 0.2735804296875 0.228968003125 0.29323513437500004 0.23148326562500002 0.3090135 0.2356084671875 0.31693604999999997 0.2434382765625 0.315452246875 0.24622381718750003 0.28477392031250004 0.24530475 0.2635019453125 0.24428948281250001 0.2587654015625 0.2390802984375 0.2579173328125 0.2354077578125 0.2618118734375
0 0.18039826406249998 0.2706212375 0.176126471875 0.2878955390625 0.1723256640625 0.313837321875 0.1795058296875 0.3343946984375 0.1895768984375 0.3061635109375 0.1923761796875 0.273122978125 0.18876319375 0.2667812984375 0.18354942968750002 0.26672063125 0.18039826406249998 0.2706212375
0 0.1740005921875 0.2051880390625 0.18274946718750001 0.22497621250000002 0.18847086562499998 0.22740515156250002 0.1931999 0.22116054062499999 0.2007098953125 0.185025003125 0.2007557046875 0.1771509875 0.198180890625 0.1716088421875 0.1888419234375 0.163625625 0.18148768125 0.172989509375 0.1740005921875 0.2051880390625
0 0.19051685000000002 0.054976342187500006 0.19291758750000002 0.0904397453125 0.20013898125 0.1039105078125 0.2053848125 0.0984593640625 0.205115390625 0.055146210937499995 0.203574165625 0.051191001562500005 0.1937046609375 0.0447765203125 0.19051685000000002 0.054976342187500006
0 0.130650178125 0.03853063125 0.12641045312500002 0.050293120312499995 0.123679884375 0.07152262968749999 0.1323279796875 0.10863363906250001 0.139663896875 0.1024193609375 0.140221921875 0.096126215625 0.143377665625 0.09143820625 0.15328381875 0.091553475 0.15279450781249998 0.086035596875 0.1455227234375 0.08122625312500001 0.1440364703125 0.0678222265625 0.14462656093749998 0.0560172703125 0.14885712499999998 0.04582958125 0.14630063437500002 0.037137831249999996 0.1369387625 0.033091621875 0.130650178125 0.03853063125
0 0.0748079296875 0.047330306249999995 0.0714414609375 0.0882387890625 0.0754842046875 0.11033456562499999 0.07864452968749999 0.10485915625 0.0870048765625 0.10180661718749999 0.08858732968750001 0.0986752125 0.089273621875 0.070334821875 0.09247517499999999 0.057772798437499995 0.0914828140625 0.0490992453125 0.08635150625 0.03486535 0.07955986875 0.0371486875 0.0748079296875 0.047330306249999995
0 0.118337 0.18327905312499998 0.1191461234375 0.22344866562500001 0.12327590468750001 0.2305838140625 0.12955990781249999 0.22593220625 0.13644774531249998 0.20711343593749998 0.138163046875 0.1811473859375 0.1330088359375 0.170850496875 0.126240103125 0.16919682656249999 0.118337 0.18327905312499998
0 0.0725016828125 0.1748711625 0.0712207203125 0.215803909375 0.0784283703125 0.2316368765625 0.08257647812499999 0.23562241718750002 0.08467114375 0.23407188125 0.0878772796875 0.22072245625 0.0907223734375 0.1798079078125 0.08919031093749999 0.174277896875 0.07723988125 0.167051746875 0.073571921875 0.1701588859375 0.0725016828125 0.1748711625
0 0.11672620625 0.2809047140625 0.11925063124999999 0.2951082765625 0.1191177828125 0.317942921875 0.12583612500000002 0.3282580109375 0.1268468109375 0.3337819546875 0.13497438125 0.2811170515625 0.13190567656250002 0.27084443125 0.1282789453125 0.26686495625 0.12253464218750001 0.2683730234375 0.11672620625 0.2809047140625
0 0.063021696875 0.280750425 0.061223937500000006 0.3208897046875 0.06223920468750001 0.3256262484375 0.0663873109375 0.3296117890625 0.07436829218749999 0.3021437359375 0.0740118296875 0.2737912140625 0.07039884375 0.26744953437499996 0.06778737968750001 0.2682066015625 0.063021696875 0.280750425
0 0.941074959375 0.44247567187500003 0.9374253250000001 0.44243320468749997 0.9332085031249999 0.45025868593749996 0.931584821875 0.46047670625 0.9313924203124999 0.4935475734375 0.9339214265625 0.506963734375 0.9452405359375 0.5330814546875 0.9541955546875001 0.5174365578125 0.94804898125 0.49846611875 0.95184520625 0.4733117359375 0.9492841343749999 0.4654073875 0.9498833875000001 0.45202762500000004 0.941074959375 0.44247567187500003
0 0.847415675 0.427211659375 0.8466423437499999 0.47051268124999995 0.8506163734375001 0.50441948125 0.8553179234374999 0.5028992796875 0.85638358125 0.4989744046875 0.8602393609375 0.46358380156249995 0.8650050437499999 0.45103997656250006 0.8625355906250001 0.4273875953125 0.859476046875 0.41554017187500003 0.8505805796875 0.4209488484375 0.847415675 0.427211659375
0 0.7744916875000001 0.41455128906249994 0.7723466296875 0.4247632421875 0.7737183578125 0.4578523078125 0.7819321140625 0.479996621875 0.7840222015625 0.4792334875 0.7851657359375 0.4619227875 0.79198485625 0.45491503906249997 0.7873779796875 0.44016227499999994 0.7906543578125 0.41473935937500006 0.7849650265625 0.406798609375 0.7797466796875 0.4075253421875 0.7744916875000001 0.41455128906249994
0 0.6972959078125001 0.41916521875 0.69865389375 0.454616490625 0.7094149796875 0.48702735781250006 0.7151776078125 0.4823696828125 0.71626616875 0.47450780000000004 0.7139020781250001 0.43274518281249996 0.7166005796875 0.417027484375 0.7140166031249999 0.41306014375 0.708830325 0.408275065625 0.7015310546875 0.40819013125000003 0.6972959078125001 0.41916521875
0 0.6410330625 0.41063599375 0.63733761875 0.418467540625 0.6335917828125 0.43496050625000005 0.63352306875 0.4467715296875 0.6345108500000001 0.4562324828125 0.640684909375 0.47047851406249996 0.64382233125 0.4689401109375 0.6439093687499999 0.4539794796875 0.646580384375 0.4429861921875 0.6534132500000001 0.433616240625 0.6555583078125 0.42340428750000003 0.659226265625 0.42029714843750005 0.6587873484375 0.40611785312500004 0.6572507046875 0.40137524375 0.64889951875 0.40285297968749995 0.6410330625 0.41063599375
0 0.5149011953125 0.40208122187499995 0.515207265625 0.43909516249999997 0.5234393453124999 0.45808987031250004 0.5246515953124999 0.42896814375 0.5310547031249999 0.4038440953125 0.5295455453125 0.3943770765625 0.523842471875 0.38879853125 0.5201882546875 0.3895434640625 0.5149011953125 0.40208122187499995
0 0.46375133281250003 0.4109354984375 0.4610848984375 0.421141384375 0.460361959375 0.4557809875 0.4665222765625 0.472389221875 0.47487804218749996 0.4701240859375 0.473908584375 0.4575135265625 0.4770872328125 0.448888509375 0.47681322968749995 0.4063627578125 0.4737170375 0.40081454687500007 0.47058877812500005 0.4007781453125 0.46375133281250003 0.4109354984375
0 0.4006281359375 0.4165006328125 0.40510522031249996 0.45356310625 0.40973805468749996 0.4638539296875 0.41391364687500004 0.4631150609375 0.41550984375000005 0.4576214515625 0.4167175109375 0.4292871265625 0.4193793640625 0.41986864218750003 0.41941143125 0.41435683125 0.41683203593749996 0.4096020875 0.40591519531250003 0.40396287500000005 0.40329457187499995 0.4062947453125 0.4006281359375 0.4165006328125
0 0.3584012265625 0.415221821875 0.358176759375 0.45380449843750004 0.36178974531249997 0.46014618125 0.369098178125 0.45865631249999994 0.3680829109375 0.4539197671875 0.372391353125 0.4303462546875 0.3714127328125 0.41931050000000003 0.3657279828125 0.41058234843749997 0.36103101406250004 0.4113151484375 0.3584012265625 0.415221821875
0 0.30891169375 0.407558865625 0.30468571093749997 0.41695915 0.305481090625 0.4594909703125 0.3085406359375 0.47133839375 0.312675 0.47768614062500003 0.3185246640625 0.4580678359375 0.3187811984375 0.41397334687500004 0.3167277609375 0.40843726875 0.3120445328125 0.406807865625 0.30891169375 0.407558865625
0 0.2312357671875 0.405080115625 0.22782807031250002 0.45307521093750003 0.2350494625 0.466545971875 0.2413151421875 0.46504397031250005 0.24887094687500003 0.421034415625 0.24840912187500003 0.4107921296875 0.24013581562500003 0.3988840375 0.23596022187500001 0.3996229046875 0.2312357671875 0.405080115625
0 0.1759286375 0.4115236515625 0.174840075 0.41938553437500004 0.1746934828125 0.44458238437500003 0.177734703125 0.45957941562500004 0.182879753125 0.4714511078125 0.19080117968750002 0.4542192734375 0.1889676296875 0.41088792031250004 0.1874172421875 0.4085075140625 0.17907063750000002 0.40919784843749996 0.1759286375 0.4115236515625
0 0.1186230390625 0.4029822921875 0.1154627125 0.408457703125 0.11275963124999999 0.42496280156250005 0.11518327343749998 0.45648920000000004 0.126054303125 0.47000242812500004 0.1308245671875 0.456671203125 0.129965053125 0.4251630046875 0.12748185625 0.4038728296875 0.12332916875 0.40067468906250003 0.1186230390625 0.4029822921875
0 0.0574983109375 0.42353232343749997 0.056322709375 0.446354834375 0.0614769203125 0.45665172500000006 0.066164728125 0.4574937265625 0.0698326875 0.4543865875 0.07733809999999999 0.4190384515625 0.0768854375 0.4072213609375 0.06651288125 0.39765120625 0.0617930078125 0.402321015625 0.0574983109375 0.42353232343749997
0 0.9271204265625 0.6187031890625 0.9238959671875 0.635202221875 0.9247509 0.6674978203124999 0.9330471140625001 0.6754689046875 0.934560853125 0.684148521875 0.9362028578125001 0.6707808953125001 0.93416774375 0.6620952109375 0.9458121015625001 0.6323074203125 0.9437907296875 0.62125953125 0.9448701296875001 0.6149724515625 0.93972508125 0.6031007609375 0.9334639828125001 0.6038153609375 0.9271204265625 0.6187031890625
0 0.8427353203125 0.604334546875 0.8440795640625 0.642148021875 0.8460871937500001 0.655558115625 0.85022155625 0.6619058640625 0.8538757718750001 0.6611609296875 0.8608506468750001 0.6273815296875 0.8588246953124999 0.6171210421875 0.8630644203125 0.6053585531250001 0.8631652015625001 0.5880357187499999 0.8548277593750001 0.5871512484375 0.850688815625 0.5815909031250001 0.8427353203125 0.604334546875
0 0.7597814953124999 0.61281875 0.7670578609375001 0.6168406921875 0.7701219874999999 0.6279007156249999 0.7758296421875001 0.632691859375 0.782186940625 0.6154418265625 0.7797220671875 0.59100204375 0.7881007390625 0.5847998999999999 0.77926024375 0.58075975625 0.770012896875 0.55702850625 0.763147965625 0.5719102703125001 0.763495265625 0.6018375953125 0.7597814953124999 0.61281875
0 0.6922728375 0.5655733781250001 0.69151783125 0.6057247921875 0.6945132421875 0.6285958375 0.696054465625 0.6325510453125001 0.7038522078125 0.6365790546875 0.7043460984375 0.64130953125 0.7054163375 0.6365972546875 0.71065300625 0.632720915625 0.704460621875 0.6216244921875 0.7066835578124999 0.5980267125000001 0.707740053125 0.595676640625 0.7145133671874999 0.5965429109375 0.7109736734375 0.57760280625 0.70636374375 0.5633749765625 0.697001871875 0.5593287671875 0.6922728375 0.5655733781250001
0 0.6239312953125 0.5718652468750001 0.61852513125 0.6048754453125 0.62048695 0.6261595546875001 0.6319434890625 0.628655228125 0.6378985171875 0.5909266875 0.64157105625 0.587032146875 0.6395542640625 0.57519685625 0.632323709375 0.5633008984375001 0.62657024375 0.5663837703125 0.6239312953125 0.5718652468750001
0 0.56867455625 0.5696473671875 0.56474548125 0.6176363953124999 0.5668080828125001 0.6215976703125 0.5793348593750001 0.6193810671875 0.58417841875 0.5934514171874999 0.5848280625 0.5714102390625 0.5827700421875 0.5666615625 0.5713455703125 0.558654078125 0.56867455625 0.5696473671875
0 0.51362726875 0.5496512890624999 0.5123554671874999 0.5890092328125001 0.5174455453125 0.6103297453125001 0.5210676953125 0.615096621875 0.527365440625 0.608082809375 0.5260486828125 0.565544921875 0.5224906687499999 0.5497544234375 0.517821184375 0.5457628156250001 0.51362726875 0.5496512890624999
0 0.46133514375000007 0.5573739921875001 0.4591213703125 0.57939696875 0.4615816625 0.6046241515624999 0.46572060625 0.610184496875 0.47042673749999997 0.60787689375 0.472649671875 0.5842791140625 0.47740619375 0.5733100921875 0.47747948906250004 0.5607116671875 0.47074282343749996 0.553546184375 0.4650076828125 0.55347945 0.46133514375000007 0.5573739921875001
0 0.39358827343749997 0.5510735 0.38877678125 0.571491340625 0.388676 0.588814175 0.39682562187500003 0.621982109375 0.39741113281249996 0.6109645546875 0.405863096875 0.5921639843750001 0.40546082656250004 0.571685478125 0.40036158593750004 0.55193976875 0.3972562328125 0.5479663609375 0.39358827343749997 0.5510735
0 0.3313245921875 0.58814683125 0.33217494375 0.6212298296875 0.3357741875 0.629933715625 0.3457627984375 0.6158757546875 0.34485289375 0.5930289765625 0.3475651390625 0.5749490749999999 0.34549795625 0.5717752015625 0.3408284734375 0.5677835921875001 0.3366482984375 0.5693098609375 0.3313245921875 0.58814683125
0 0.27121055 0.61422080625 0.27800218593750003 0.6119374703125 0.280641134375 0.6064559921875 0.28547553125 0.5821011453125 0.2851190703125 0.553748621875 0.2752175 0.55284595 0.27152663593750004 0.5598900984374999 0.27121055 0.61422080625
0 0.21847377968749998 0.5734469609375 0.2167126671875 0.6072870265625 0.221876040625 0.6160091125 0.23027303593749998 0.6066573609375 0.233566209375 0.57834730625 0.2336853140625 0.557874865625 0.22587383125 0.5562090609375 0.222201290625 0.5601036015624999 0.21847377968749998 0.5734469609375
0 0.1704208375 0.5516265312499999 0.1649597 0.5940855484374999 0.17010016875 0.6067446421875 0.1774086 0.6052547734375 0.184328503125 0.5809241921875 0.1855086859375 0.5573142796874999 0.1808758515625 0.54702345625 0.17409337656249999 0.547731990625 0.1704208375 0.5516265312499999
0 0.10514342031249999 0.5689784234374999 0.10438841406249999 0.6091298359375 0.1095884359375 0.6115527078125 0.1174457296875 0.605344496875 0.12278317968750001 0.584145321875 0.12593434375 0.580244715625 0.12604428750000002 0.5613470781250001 0.12190076093749999 0.556574134375 0.1135495765625 0.55805186875 0.10514342031249999 0.5689784234374999
0 0.0556996984375 0.55344145 0.0487660515625 0.5801342359375 0.0471057203125 0.59665146875 0.049671375000000004 0.603768415625 0.056966062500000005 0.604640753125 0.0648691671875 0.590558525 0.07076006093750001 0.5638536078125 0.07028449375 0.555973525 0.06666692656249999 0.5504192453125001 0.05728215 0.5503100437499999 0.0556996984375 0.55344145
0 0.09303095 0.7688510203125001 0.0961088171875 0.7775488390625 0.09974470937499999 0.7799535109375 0.1092669140625 0.756440665625 0.109431828125 0.7280942078125 0.10058675312500001 0.7248414671875001 0.094256940625 0.737367090625 0.09303095 0.7688510203125001
0 0.043559739062500005 0.7580384578125 0.0476620375 0.769898015625 0.057097203124999996 0.7613458 0.05837358593750001 0.7212004515625 0.0599560390625 0.718069046875 0.0563384703125 0.71251476875 0.0480056109375 0.710842896875 0.04271855 0.7233806546875 0.043559739062500005 0.7580384578125
0 0.94678070625 0.734687825 0.9441234328125001 0.7433189078125 0.9439676796875001 0.7700905625 0.9485638671875 0.7866805968749999 0.9547745734375 0.7946274125 0.960528040625 0.791544540625 0.96317156875 0.7852756624999999 0.9634006171875 0.7459055828125 0.9603319125 0.7356329625 0.9525433328125 0.7300301499999999 0.94678070625 0.734687825
0 0.9506439375 0.8772621109375001 0.946262203125 0.9134340484375001 0.94664615 0.9370621625 0.9497331796875 0.9441851781249999 0.9612355265625 0.9388068359374999 0.96597830625 0.9302000187499999 0.9702638421875 0.9105635140624999 0.9682653734375 0.8955786171875 0.9704241765624999 0.8830044593749999 0.9683753171875 0.8766809796875 0.9642363734374999 0.871120634375 0.95433938125 0.8694305625000001 0.9506439375 0.8772621109375001
0 0.848961790625 0.878441296875 0.8486823515624999 0.9264727921875 0.8562831109375001 0.9643590703125 0.859484665625 0.9517970437500001 0.859027421875 0.94076735625 0.8606052953125 0.9384233515625 0.865814478125 0.9392714203124999 0.8622243953125001 0.9289927328124999 0.8712939390625 0.893662796875 0.868202328125 0.887327184375 0.87032448125 0.8810522390625 0.8631259921875 0.8636444703124999 0.853206096875 0.8658914062499999 0.848961790625 0.878441296875
0 0.8523840859374999 0.73831415 0.8497268124999999 0.7469452328124999 0.8530741031250001 0.7989562046875001 0.8608626828125001 0.8045590171875 0.8656329484375 0.7912277921875 0.8687749484375 0.7889019875 0.866213875 0.7809976375 0.8704719265625 0.7660855421874999 0.8700696546875 0.7456070343750001 0.8674948390624999 0.7400648890625 0.857634496875 0.7320756046875 0.8523840859374999 0.73831415
0 0.78016300625 0.8737034765624999 0.775973671875 0.8768045484375 0.7727996015625 0.8846421640625 0.7732705875 0.8933096468749999 0.7706224765624999 0.900365928125 0.7736957640625 0.9098511468750001 0.7720216921875 0.928730584375 0.783308734375 0.9603601171875 0.7895744125 0.9588581140624999 0.7917423765625 0.944709153125 0.7954378203125 0.9368776046875 0.7934989078125 0.9116564875 0.8013607828125 0.904660875 0.798813453125 0.8943943203125 0.8015027921875 0.8802514265625 0.7921180156250001 0.880142225 0.7874531140625 0.8753632140625 0.78016300625 0.8737034765624999
0 0.7694302609375 0.746798353125 0.764724128125 0.74910595625 0.7615638046875 0.7545813671875 0.7604523359375001 0.7663802578125 0.756775215625 0.7710622 0.7629538578124999 0.784520828125 0.763909571875 0.7994935921875 0.768043934375 0.8058413375000001 0.775713409375 0.8319165906249999 0.77782181875 0.82800385 0.781709665625 0.7871014359374999 0.7776211109375 0.7728796734375 0.7776989875 0.759493846875 0.7694302609375 0.746798353125
0 0.69168561875 0.7561306250000001 0.6931168999999999 0.7789834718749999 0.690445884375 0.7899767609375 0.69562758125 0.7955492390625001 0.6996886515625 0.8144954109375 0.70744058125 0.8263974359375 0.7065352593750001 0.8027632546874999 0.7117948328125 0.7949499078125 0.7118452234375 0.786288490625 0.70732233125 0.7571000296875 0.7078849359375 0.7500194828125 0.7006406390625 0.7404857296875 0.6959528296874999 0.7396437265625 0.69168561875 0.7561306250000001
0 0.69511909375 0.8829508140625 0.6887755390625 0.8978386421875 0.6865067953125 0.9293104375000001 0.7025686828125 0.9468213421874999 0.7057473328125 0.938196325 0.7068771218750001 0.9232478296875 0.7158275609375 0.908390334375 0.712246640625 0.8965368437500001 0.703987075 0.882266546875 0.69930385 0.8806371437499999 0.69511909375 0.8829508140625
0 0.6261783000000001 0.9026224421875 0.630202721875 0.9278678265625 0.633806546875 0.935784309375 0.6380279484375 0.9271714265625001 0.640420378125 0.8744397890625001 0.6305508750000001 0.8680253078125 0.6263432140625 0.8742759859375001 0.6261783000000001 0.9026224421875
0 0.6173303515625 0.720617409375 0.616754003125 0.7300601609374999 0.6227585671875 0.7734400499999999 0.6305105 0.785342075 0.6352166312499999 0.7830344703125001 0.6393464125 0.79016961875 0.6415052140624999 0.7775954609375 0.6389258171875001 0.77284071875 0.63845025 0.7649606359375001 0.6463625171875 0.7493036046875 0.641153334375 0.7484555359375 0.63650675625 0.74052691875 0.6371701421875 0.7161235375 0.63561975625 0.71374313125 0.6215334296874999 0.7151541328125 0.6173303515625 0.720617409375
0 0.5494918640625001 0.7300649499999999 0.5543666359375 0.788393334375 0.5564383984375 0.79077980625 0.561158271875 0.7861099984375 0.5638247062499999 0.7759041125 0.5700995468750001 0.77282730625 0.5742476546875 0.7768128484375 0.57530873125 0.7736753765625 0.5743026265625 0.7673640296875 0.5686270375 0.757061075 0.5677904296875 0.7216158703125 0.5616026265625 0.7097320453125 0.5579575718750001 0.7089021765625 0.5494918640625001 0.7300649499999999
0 0.56178415625 0.8577756750000001 0.558564278125 0.87348730625 0.556826071875 0.9033903656250001 0.558275678125 0.9230936046875 0.5612985734375 0.9412402406249999 0.5649024 0.9491567249999999 0.5655474625 0.9279029484375 0.5687719203125 0.9114039171874999 0.5714246125 0.903560234375 0.575092571875 0.9004530953125001 0.5747727578124999 0.8658013609375 0.5722071046874999 0.8586844125 0.565456696875 0.853881134375 0.56178415625 0.8577756750000001
0 0.49195178124999994 0.8514509171875 0.4968723640625 0.9019052859375 0.5046563625 0.9082955 0.5083105781249999 0.907550565625 0.5098976125 0.9036317578125 0.5069984015625 0.8642252796875001 0.50813735625 0.847701978125 0.5009022187500001 0.8365934218750001 0.49304492499999997 0.8428016328125001 0.49195178124999994 0.8514509171875
0 0.50949705 0.7036135578125 0.5058107656249999 0.709870303125 0.5034137546874999 0.76338934375 0.5095511671875 0.7839345859375 0.5131962203125 0.7847644546875 0.51377715 0.7745343015625 0.5174817578125 0.76512795 0.5198558625 0.7155459171875 0.5178207484375 0.7068602328125 0.5136726421875 0.7028746906250001 0.50949705 0.7036135578125
0 0.4489708453125 0.74700674375 0.4520029046875 0.7635785796875 0.45561130937499994 0.7707076609375 0.4666243484375 0.759811440625 0.46458007187500006 0.7527005578125 0.46416405781250003 0.73458425625 0.466839653125 0.722803565625 0.46375720468750004 0.71489315 0.4559777875 0.707715534375 0.4490762078125 0.7288965078125 0.4489708453125 0.74700674375
0 0.43457746875 0.8547205812499999 0.43237743906250004 0.8743813546875 0.4343026109375 0.9019646765625 0.43584383437499996 0.905919884375 0.442086609375 0.9083548890625 0.4435911859375 0.9186093109375 0.44620723125 0.917064840625 0.444172115625 0.90837915625 0.44736450625 0.8973919359375 0.44752025937499995 0.8706202828125 0.44502332187500004 0.851692309375 0.43929276249999993 0.8508381734375 0.43457746875 0.8547205812499999
0 0.3809077625 0.8485838921875001 0.37710695625 0.8745256781249999 0.37748174218749997 0.8997285953124999 0.37903212656249996 0.9021089999999999 0.38269550625000004 0.8997892625 0.3911703765625 0.8770516859375 0.393864296875 0.862121390625 0.393429959375 0.8471546921875 0.39137652031250003 0.8416186140624999 0.3866887125 0.8407766109375 0.3809077625 0.8485838921875001
0 0.39525147656250004 0.7133085578125 0.3921003125 0.717209165625 0.390791865625 0.762866325 0.39178880625 0.7707524734375 0.3995453203125 0.781867096875 0.40480489375 0.7740537484375001 0.4105171296875 0.778057490625 0.41204919218749997 0.7835875015625 0.41261637812499996 0.775719553125 0.4074713296875 0.7638478625 0.40563319531250003 0.721303909375 0.4040965515625 0.7165613 0.3994224875 0.7133570921875 0.39525147656250004 0.7133085578125
0 0.3290275078125 0.7141128828125 0.32513508125 0.7558027 0.3271381296875 0.7700001953125 0.3307419546875 0.777916678125 0.334912965625 0.7779652125000001 0.33967406875 0.7662087890625 0.340497790625 0.7142463515624999 0.33635884374999997 0.70868600625 0.3321878328125 0.708637471875 0.3290275078125 0.7141128828125
0 0.31988839687500004 0.8510236875 0.317637975 0.8793458781249999 0.31853413750000004 0.9045548625000001 0.3263868515625 0.8991340531249999 0.33010978125 0.8865780953125 0.3298037109375 0.849564153125 0.3251433890625 0.843997740625 0.3225319265625 0.8447548093749999 0.31988839687500004 0.8510236875
0 0.2568705625 0.8384785859375 0.257181215625 0.8747051265625 0.26176824062500004 0.8928699625000001 0.2675262859375 0.8889996890624999 0.2696026296875 0.890598759375 0.2711896625 0.8866799515625001 0.2724752078125 0.8449598015625 0.2705042265625 0.8252504953124999 0.2668866578125 0.8196962171875001 0.26219427031250003 0.819641615625 0.2568705625 0.8384785859375
0 0.272700528125 0.7166072781249999 0.27005241875 0.7236635578125 0.266159990625 0.765353375 0.2738569515625 0.78670421875 0.27913026875 0.7765286671875 0.281371528125 0.7497812781250001 0.28511278125 0.734075715625 0.2846738625 0.7198964203125 0.28262500625000003 0.713572940625 0.277946359375 0.711156134375 0.272700528125 0.7166072781249999
0 0.20111076875 0.8331050328125 0.19948708906249998 0.843323053125 0.2003557640625 0.873256446875 0.2044488984375 0.8866908078125 0.213321459375 0.8852191390625 0.217803978125 0.831724365625 0.21367419375000002 0.8245892171874999 0.20846042968749998 0.8245285499999999 0.20111076875 0.8331050328125
0 0.20186936718749998 0.7027131437499999 0.20081287187500002 0.705063215625 0.20797929375000002 0.727982796875 0.209996084375 0.7398180875 0.2098678171875 0.76186533125 0.212968590625 0.766626140625 0.2171487640625 0.7650998718750001 0.218214421875 0.761174996875 0.22061601406250003 0.7068685546875 0.216980121875 0.7044638828124999 0.207055646875 0.7074982203125 0.20186936718749998 0.7027131437499999
0 0.1541694203125 0.745938784375 0.15459001562500002 0.7632676859374999 0.161271709375 0.7798819875 0.16490302031249998 0.7830740609375 0.1675282265625 0.7799547890625 0.1697511609375 0.7563570078125 0.1684023375 0.7193309328125 0.1616519296875 0.71452765625 0.15744885 0.7199909328125 0.1541694203125 0.745938784375
0 0.1456387234375 0.867895028125 0.143415790625 0.8914928078125 0.1479844921875 0.91280725 0.15373795625 0.9097243781250001 0.15795935781249998 0.9011114953125 0.1590937296875 0.8853755984375 0.1622907046875 0.8736009749999999 0.162400646875 0.8547033374999999 0.1603380453125 0.8507420609375 0.15249907499999998 0.8538006671874999 0.1456387234375 0.867895028125
0 0.09406826562500001 0.8594204031249999 0.0919506953125 0.8649079468749999 0.09275981875 0.905077559375 0.09844456875 0.9138057109375 0.10736293906250001 0.9044600265625 0.10916527812500001 0.8635333468749999 0.1065904625 0.8579912015625 0.0993049375 0.8555440624999999 0.09406826562500001 0.8594204031249999
0 0.034741296875 0.8398311515625 0.03152141875 0.855542784375 0.032353446875000004 0.8917753890625001 0.03438398125 0.901248475 0.0385320875 0.9052340171875001 0.044861899999999996 0.8927083937500001 0.0456443921875 0.8478325703125 0.043604695312500004 0.8399342875 0.03893979375 0.8351552765625 0.034741296875 0.8398311515625