0 0.106691096875 0.044456771875 0.12577453593750001 0.0439509015625 0.14954351562499998 0.041927425000000004 0.1671089734375 0.02118678125 0.15872908125000001 0.0211867828125 0.1531288046875 0.0247278671875 0.1360249421875 0.029280690625 0.0950402234375 0.0272572125 0.087001596875 0.0328217765625 0.09096074531250001 0.040915684375 0.106691096875 0.044456771875
0 0.085875978125 0.1081963078125 0.100006253125 0.11274913125 0.129716775 0.11274913125 0.153220953125 0.1041493515625 0.1535268046875 0.10010239843749999 0.1452616078125 0.098584790625 0.1465204234375 0.0920084890625 0.1381405328125 0.0920084890625 0.136311065625 0.09605544375 0.1277017875 0.09909066093749999 0.1067152390625 0.09453783593750001 0.09064080468749999 0.095549575 0.08347867812500001 0.0995965296875 0.0823727875 0.1041493515625 0.085875978125 0.1081963078125
0 0.071264384375 0.19065300937500002 0.09918366875 0.19419409375000002 0.11701110781249999 0.1901471390625 0.12341142499999999 0.1861001859375 0.1193375828125 0.179523884375 0.10890165468749999 0.1764886671875 0.1085986234375 0.1704182359375 0.086847446875 0.1759828 0.0816677140625 0.1739593203125 0.07248778593750001 0.1744651890625 0.0645256203125 0.179018015625 0.062657921875 0.1835708390625 0.071264384375 0.19065300937500002
0 0.2275892203125 0.047491985937499995 0.25714681562499997 0.0495154640625 0.2787832953125 0.0454685109375 0.2835098875 0.0333276453125 0.280730275 0.0297865609375 0.2388690546875 0.029280692187500002 0.2234035 0.03231590625 0.22263887499999999 0.042433293750000003 0.2275892203125 0.047491985937499995
0 0.203538528125 0.10364348281249999 0.19489101874999998 0.10718456875 0.198088359375 0.115278478125 0.20387697343750003 0.1193254328125 0.2217780578125 0.124384125 0.2468794984375 0.1248899953125 0.2695071765625 0.1178078234375 0.270421909375 0.1157843484375 0.266003984375 0.11376086875 0.256062246875 0.1142667390625 0.24566455 0.110725653125 0.2320666953125 0.109208046875 0.2286017375 0.1046552203125 0.23279309062500003 0.099596528125 0.22746043437500002 0.099596528125 0.22418381250000002 0.1026317453125 0.21641280625 0.1046552203125 0.203538528125 0.10364348281249999
0 0.19465252187499998 0.19288215 0.20969752968750002 0.19541149687499998 0.2250483875 0.1938938875 0.2417317078125 0.194905628125 0.2611592265625 0.1898469328125 0.2620357296875 0.1883293265625 0.2540381515625 0.18327063125 0.232936909375 0.180235415625 0.22970133750000002 0.1726473765625 0.2196831359375 0.17416498281249998 0.19404645625 0.180741284375 0.1904257546875 0.1883293265625 0.19465252187499998 0.19288215
0 0.34494591875 0.046986117187499996 0.37918905625 0.047491985937499995 0.389513109375 0.041927425000000004 0.384068575 0.0333276453125 0.3859362734375 0.028774821875000002 0.3425896671875 0.0277630828125 0.3332185796875 0.0307982984375 0.3307802296875 0.0328217765625 0.3316921453125 0.0409156859375 0.34494591875 0.046986117187499996
0 0.30740643125 0.120337171875 0.3468293015625 0.12286651875000001 0.354867928125 0.11730195624999999 0.3728100640625 0.11173739375 0.3640506765625 0.1066786984375 0.33487539375 0.099596528125 0.305735525 0.10212587656250001 0.2989528953125 0.11123152343750001 0.2985705828125 0.11629021718749999 0.30740643125 0.120337171875
0 0.2992333828125 0.19824104843749998 0.314010771875 0.20431148124999998 0.3262379328125 0.2038056125 0.3405211328125 0.206334959375 0.345550759375 0.2002645265625 0.3579308484375 0.1977351796875 0.3568277765625 0.19217061875000002 0.32544353125000003 0.18407670781250002 0.31527240624999997 0.18761779218750002 0.3031599375 0.1866060546875 0.2961125046875 0.1891354015625 0.295730190625 0.19419409375000002 0.2992333828125 0.19824104843749998
0 0.0730713046875 0.2675451484375 0.1121146796875 0.26501580156250004 0.11939150000000001 0.2594512390625 0.1348188203125 0.2569218921875 0.1214885859375 0.2518631984375 0.1054141515625 0.2528749375 0.0928074921875 0.2483221125 0.0782949046875 0.24882798125 0.06816201093749999 0.2518631984375 0.050869809375 0.24882798125 0.0514758734375 0.260968846875 0.0595499125 0.26501580156250004 0.0730713046875 0.2675451484375
0 0.183380571875 0.2695686265625 0.19606369375 0.27310971093749997 0.23186868125 0.27310971093749997 0.243222159375 0.2640040640625 0.260173096875 0.261474715625 0.2429573578125 0.2574277609375 0.2402542078125 0.2528749375 0.2342362046875 0.251863196875 0.21659992031250003 0.2533808078125 0.211837915625 0.2559101546875 0.20041079062499997 0.2559101546875 0.1923749828125 0.2513573296875 0.1832332828125 0.251357328125 0.17218565624999999 0.256416021875 0.17260338125000002 0.260968846875 0.183380571875 0.2695686265625
0 0.2836334078125 0.2736155796875 0.291136796875 0.2751331875 0.3207326234375 0.276650796875 0.3433220703125 0.2700744953125 0.3482370015625 0.26552167031249996 0.3543696984375 0.26501579999999997 0.346942771875 0.262486453125 0.33463914687499996 0.2640040625 0.3288887625 0.2594512390625 0.3134614421875 0.2619805859375 0.298607590625 0.2569218921875 0.29018946875 0.2574277609375 0.2846656546875 0.259957109375 0.279406640625 0.2690627546875 0.2836334078125 0.2736155796875
0 0.29897512656249997 0.332699490625 0.34544542968749997 0.3326994921875 0.340342159375 0.329664275 0.34388640000000004 0.3230879734375 0.3562664875 0.3205586265625 0.35348687343749996 0.317017540625 0.3489924890625 0.3160058046875 0.33497408906250004 0.3200527578125 0.32583239062499997 0.3200527578125 0.3095313859375 0.313982325 0.30785484375 0.31600580312500004 0.299474953125 0.31600580312500004 0.297380684375 0.31347645625 0.29345695 0.3149940640625 0.28130343125 0.32460558125 0.28705381406249997 0.32915840625000004 0.29897512656249997 0.332699490625
0 0.179439928125 0.331790553125 0.20606498593749997 0.332296421875 0.220083384375 0.3282494671875 0.222559965625 0.3257201203125 0.22202754531250002 0.3226849046875 0.20504119375 0.31560273437499997 0.1912904140625 0.316108603125 0.180054446875 0.31357925781249996 0.1631035109375 0.316108603125 0.160435771875 0.321167296875 0.162453578125 0.32470838281250003 0.179439928125 0.331790553125
0 0.049705959375 0.32470838281250003 0.068483546875 0.3282494671875 0.0851668640625 0.32926120625 0.0989941078125 0.32774359999999997 0.1143095515625 0.316614475 0.1137006703125 0.314590996875 0.10219708281249999 0.31560273437499997 0.0955701984375 0.31256751875 0.0721070671875 0.310544040625 0.0658596765625 0.31256751875 0.0468909328125 0.31155578125 0.038967 0.31560273437499997 0.0416701515625 0.320155559375 0.049705959375 0.32470838281250003
0 0.085587409375 0.32369664375 0.0851314515625 0.3196496890625 0.08223714374999999 0.3176262125 0.07758983281250001 0.3186379515625 0.07709282656250001 0.3252142515625 0.0815872109375 0.326225990625 0.085587409375 0.32369664375
0 0.070215203125 0.3940124828125 0.09310768281250001 0.3935066109375 0.12560063593749998 0.3869303109375 0.11649716562500001 0.3864244421875 0.099357890625 0.38136574843750004 0.096540046875 0.3783305328125 0.05456413125 0.3793422703125 0.0436694265625 0.3823774875 0.0499140015625 0.390471396875 0.070215203125 0.3940124828125
0 0.15405677812500002 0.385412703125 0.1750050953125 0.390471396875 0.20463915312499997 0.391483134375 0.21736050625 0.39451835156250004 0.2184281640625 0.390471396875 0.20521262343750002 0.3838950953125 0.20182412656249998 0.37833053125 0.1882645046875 0.376307053125 0.1756960765625 0.3712483609375 0.16727795625 0.37175423125 0.1500976296875 0.37731879375 0.150477125 0.3823774859375 0.15405677812500002 0.385412703125
0 0.2642131203125 0.38945965625 0.28013463125000004 0.390471396875 0.32363698125 0.3793422703125 0.3314108078125 0.3672014078125 0.31491864375 0.36366032187499997 0.3075653625 0.37023662343749997 0.26600717500000004 0.375801184375 0.2555684296875 0.38288335625 0.25758623593749996 0.38642444062500003 0.2642131203125 0.38945965625
0 0.36911045 0.4026122609375 0.4012210890625 0.40109465312500003 0.4207633046875 0.39451835 0.4216780359375 0.3924948734375 0.4211456171875 0.38945965625 0.40686241718750005 0.3869303109375 0.40488284218750004 0.38288335625 0.406979928125 0.37529531718750003 0.40217969218749994 0.3783305328125 0.4009591078125 0.384400965625 0.389949709375 0.3889537890625 0.36324819218750004 0.38945965781249997 0.3552477953125 0.39451835156250004 0.3549419453125 0.39856530625 0.36911045 0.4026122609375
0 0.2762732671875 0.4415642 0.30807805625 0.444093546875 0.3227818015625 0.44105832968750003 0.3252583828125 0.43852898281249997 0.3119281484375 0.43347028906249996 0.296691984375 0.43347028906249996 0.2885797125 0.42992920312500005 0.27726728125 0.428411596875 0.271096353125 0.429423334375 0.2639342296875 0.43347028906249996 0.2637048421875 0.4365055046875 0.2762732671875 0.4415642
0 0.182188540625 0.44662289218750006 0.2112137171875 0.44561115312500005 0.21228137500000002 0.4415641984375 0.20226599531249997 0.43296442031250004 0.1751467484375 0.428917465625 0.1530160796875 0.429423334375 0.150080721875 0.4380231140625 0.167143534375 0.444093546875 0.182188540625 0.44662289218750006
0 0.053519414062500006 0.44561115312500005 0.078506159375 0.44763463124999997 0.0969424828125 0.4456111546875 0.0972483328125 0.4415642 0.089518375 0.43296442031250004 0.066625896875 0.43347028906249996 0.050857312499999995 0.43043507343750004 0.042324496875 0.4324585515625 0.0403803359375 0.4380231140625 0.0424746046875 0.440552459375 0.053519414062500006 0.44561115312500005
0 0.0322893875 0.4946804796875 0.071103375 0.49518635 0.0967018234375 0.48911591718749997 0.09239859218749999 0.48557483125 0.08089500625 0.48658656875000006 0.0659264609375 0.483045484375 0.0616614625 0.4789985296875 0.043795790625 0.483551353125 0.030121474999999998 0.483045484375 0.026121275 0.4855748328125 0.024785996875 0.49316287187499996 0.0322893875 0.4946804796875
0 0.0321251875 0.537173503125 0.0502174296875 0.5397028515625 0.08004264531250001 0.5381852421875 0.0862900359375 0.536161765625 0.0813014609375 0.5316089421875 0.07375984062499999 0.5305972015625 0.06580049375 0.5250326390625 0.041537325 0.52351503125 0.0268718109375 0.526044378125 0.0228716140625 0.528573725 0.023327571875 0.5326206796874999 0.0321251875 0.537173503125
0 0.0194251578125 0.5943367390625001 0.026699159374999996 0.5988895624999999 0.0402970140625 0.6004071703125 0.061665875 0.5999013015625 0.0757607375 0.5948426078125 0.07183981874999999 0.586242828125 0.0422822234375 0.5842193515625 0.022245821875 0.5872545671875 0.018207393750000002 0.5902897828125 0.0194251578125 0.5943367390625001
0 0.160730746875 0.5007509109375 0.191506109375 0.50682134375 0.20228611718749998 0.5053037359375 0.21021005 0.5012567812500001 0.2082687078125 0.49670395625 0.1969562765625 0.4951863484375 0.1891880890625 0.48709243906250005 0.1769991578125 0.48709243906250005 0.17044873437500002 0.483045484375 0.1581833375 0.484057221875 0.1471739421875 0.488610046875 0.1453062421875 0.4931628703125 0.160730746875 0.5007509109375
0 0.2700521546875 0.513800653125 0.3066571796875 0.5132947828125001 0.32250504687500003 0.5052008734375 0.3242580515625 0.5021656578125 0.3184694359375 0.49811870156250004 0.29211200000000004 0.494071746875 0.287847 0.49002479374999997 0.2651428609375 0.498118703125 0.25375396875 0.4976128328125 0.2473918828125 0.50115391875 0.2500185703125 0.5067184828125 0.2700521546875 0.513800653125
0 0.2697654875 0.5579141453124999 0.29048723593750003 0.55589066875 0.299478828125 0.5477967578125 0.2950226734375 0.5462791515625 0.2819190078125 0.5483026296875 0.2584558765625 0.5462791515625 0.24649633437500001 0.5432439359375001 0.2410872125 0.5442556734374999 0.23746651093749999 0.551843715625 0.24036081718750002 0.5538671921875 0.2697654875 0.5579141453124999
0 0.142772903125 0.55487893125 0.1787308140625 0.5528554531250001 0.1895872875 0.5503261046875 0.19537871874999999 0.5442556749999999 0.1849427921875 0.54122045625 0.1575559265625 0.5407145875 0.1467376875 0.542738065625 0.138813753125 0.5467850203125 0.1361460140625 0.551843715625 0.142772903125 0.55487893125
0 0.1403586921875 0.606983471875 0.173116446875 0.606983471875 0.189726121875 0.5988895624999999 0.1634451453125 0.59383086875 0.13678185781250002 0.59383086875 0.1272578453125 0.5988895624999999 0.12466657031249999 0.6029365171875 0.1403586921875 0.606983471875
0 0.2260607078125 0.6120421656249999 0.26799839375 0.6115362953125 0.2749693609375 0.6100186875 0.2782842125 0.6064776015625 0.2772193734375 0.60040716875 0.22389279687500002 0.6004071703125 0.21913079062500002 0.6029365171875 0.21958674843749998 0.606983471875 0.2260607078125 0.6120421656249999
0 0.23152938281250002 0.6707230078124999 0.24962162499999999 0.67325235625 0.26261059531250003 0.6727464859375 0.2799056140625 0.6656643140625 0.2476831015625 0.65858214375 0.218087271875 0.6570645359375 0.2153813046875 0.6626290984375001 0.218922725 0.6661701843750001 0.23152938281250002 0.6707230078124999
0 0.1554250234375 0.66971126875 0.1753467296875 0.6681936609375 0.183691209375 0.65858214375 0.181596940625 0.6560527984375 0.1468596109375 0.652005840625 0.13470891093749998 0.6514999718750001 0.12998513750000001 0.65352345 0.1233936640625 0.660099753125 0.1260585828125 0.66515844375 0.1554250234375 0.66971126875
0 0.0103047828125 0.6545351875 0.028967675 0.6595938828125 0.04328910625 0.661617359375 0.054069115625 0.6600997515625 0.07197301874999999 0.6550410578125 0.0768497171875 0.6509941031250001 0.0628341375 0.644923671875 0.0489686640625 0.64694715 0.02649673125 0.6418884546875 0.0228788453125 0.639359109375 0.019031573437499998 0.639864978125 0.004098440625 0.6459354109375 0.0045161671875000005 0.650488234375 0.0103047828125 0.6545351875
0 0 0.7218113171875 0.0080760921875 0.7243451578125 0.043119271875 0.7243451578125 0.0645291828125 0.7132160328125 0.023888545312500002 0.70663973125 0.010061303125 0.7081573375 0 0.7141817140625 0 0.7218113171875
0 0.12383271250000001 0.7248510265625 0.132021446875 0.7273803734375 0.16241731406249998 0.7283921109375 0.17639748125000002 0.7248510265625 0.17677979375 0.719792334375 0.16562028906249998 0.7162512484375 0.1270356890625 0.7127101625 0.12235014531249999 0.7142277703125 0.1195677125 0.7208040718750001 0.12383271250000001 0.7248510265625
0 0.21895944531249997 0.7261648843749999 0.23011895 0.7297059703125 0.24897300000000003 0.7322353171875 0.2644003203125 0.7297059703125 0.2723242546875 0.725659015625 0.27137410625 0.7180709734375 0.2418547421875 0.715541628125 0.22120945781249998 0.7165533671875 0.2165621453125 0.71756510625 0.2154180234375 0.7226237984375 0.21895944531249997 0.7261648843749999
0 0.22407145781249999 0.7794849140625 0.24052538750000002 0.7835318703125 0.26539744062500004 0.7870729562500001 0.2857396921875 0.7799907859374999 0.2590409921875 0.7703792671875 0.227236203125 0.76784991875 0.22087411875 0.77139100625 0.22049180468750001 0.7764497 0.22407145781249999 0.7794849140625
0 0.1603443671875 0.786061215625 0.18003950468750002 0.7774614375 0.182745475 0.771896875 0.1769950921875 0.7673440515625 0.14248715 0.76026188125 0.1348690671875 0.7602618796875 0.1293452546875 0.7627912265625 0.121039009375 0.771896875 0.12964546875 0.7789790453125 0.1603443671875 0.786061215625
0 0.015985934375 0.7708851359375 0.0504584625 0.7683557890625 0.063944440625 0.76127361875 0.058994095312499994 0.7562149265625 0.0170564125 0.7567207953125 0.013132675 0.758238403125 0.0063118140625 0.7678499203125 0.015985934375 0.7708851359375
0 0 0.8303871671874999 0.007474440625 0.8331070640625 0.02785210625 0.8356364109375001 0.06430702499999999 0.8270366328125001 0.0587477984375 0.819954459375 0.052691564062499995 0.8194485921875 0.048350103125 0.816413375 0.049076496875 0.806801859375 0.043705609374999996 0.8073077281250001 0.0385995203125 0.8143898999999999 0.025534087500000004 0.81590750625 0.0141451953125 0.8154016374999999 0.0045475390625 0.8113546828124999 0 0.8126966781249999 0 0.8303871671874999
0 0 0.882519396875 0.0014041156250000002 0.883188128125 0.0407887578125 0.8862233453125 0.062425237499999994 0.8821763890625001 0.0573219671875 0.8791411734375 0.0548864359375 0.8710472640625 0.051953896875 0.8695296562499999 0.02456703125 0.8690237875 0.0126074859375 0.8659885703124999 0.004151134375 0.867000309375 0 0.868490165625 0 0.882519396875
0 0.13568479375 0.8401892359375 0.17461347656249998 0.8391774953125 0.1817756015625 0.8351305421875 0.1776635265625 0.8290601093750001 0.1598771359375 0.8224838078125 0.134852159375 0.8209662 0.1245663390625 0.82602489375 0.1225457171875 0.8326011937500001 0.13568479375 0.8401892359375
0 0.12470235468749999 0.8847057375 0.164239921875 0.8857174750000001 0.18001132343749998 0.8786353046875 0.18412621406250002 0.87458835 0.182755525 0.8725648734375 0.170034171875 0.8695296562499999 0.1306113015625 0.8670003078124999 0.12516395 0.8685179171874999 0.11742835468749999 0.8801529109375 0.12020796874999999 0.883693996875 0.12470235468749999 0.8847057375
0 0.2300725515625 0.8412009734374999 0.24397625625 0.8386716265624999 0.2660686953125 0.8386716265624999 0.27646920937499997 0.832095325 0.2818783296875 0.8310835875 0.231410646875 0.8234955484375 0.2212777515625 0.8265307625 0.2172010921875 0.83007185 0.2183041640625 0.8356364109375001 0.2300725515625 0.8412009734374999
0 0.2265900171875 0.8933055140624999 0.2653275421875 0.8948231234374999 0.2699748546875 0.893811384375 0.274089746875 0.8897644281250001 0.247999928125 0.8821763890625001 0.22053660156250002 0.8826822578125 0.21417451718749997 0.88622334375 0.21474516718749997 0.8887526906250001 0.2265900171875 0.8933055140624999
0 0.437613946875 0.040512678125 0.437346328125 0.0440537640625 0.444658559375 0.04810071875 0.454447371875 0.049618326562499995 0.48644331875 0.049618328125 0.4995852140625 0.04708898125 0.5255659765625 0.0359598546875 0.51097974375 0.027360076562500002 0.4922375703125 0.033430507812499996 0.4681273265625 0.029889421875 0.4603180875 0.03241876875 0.447405578125 0.0319128984375 0.437613946875 0.040512678125
0 0.417027534375 0.131466296875 0.4588887578125 0.131972165625 0.4919523609375 0.1279252109375 0.49077282499999997 0.12337238749999999 0.4870402484375 0.12236064843750001 0.4530264953125 0.11881956406250001 0.44118164687499994 0.1142667390625 0.41813624374999997 0.11679608593749999 0.40647973125 0.11983130156249999 0.41116245625000003 0.12843108125 0.417027534375 0.131466296875
0 0.40024802499999995 0.202288003125 0.4099986078125 0.20431148124999998 0.44210924843750005 0.20279387343750002 0.46405157968750005 0.1946999625 0.46344269687499995 0.1926764875 0.446759378125 0.19166474687499999 0.4404001109375 0.1850884453125 0.425835609375 0.189641271875 0.40143319687499995 0.1866060546875 0.3933945703125 0.1921706171875 0.393774065625 0.197229309375 0.40024802499999995 0.202288003125
0 0.3999224484375 0.277156665625 0.4343185140625 0.27563905625 0.4663555078125 0.26501579999999997 0.462205203125 0.25945124062499997 0.45466358281249997 0.25843949843749997 0.414096590625 0.260968846875 0.39905158281249997 0.25843949843749997 0.3950513859375 0.260968846875 0.390098221875 0.266027540625 0.3895629828125 0.27310971093749997 0.3999224484375 0.277156665625
0 0.388175384375 0.3317905546875 0.395525846875 0.33533163906249996 0.41125619999999996 0.3388727234375 0.42268332343750004 0.3388727234375 0.431901484375 0.3378609859375 0.44607280937500005 0.331790553125 0.4447785796875 0.32875533749999997 0.430304225 0.32875533749999997 0.41983006562499997 0.3262259890625 0.4111853734375 0.3196496890625 0.4014347921875 0.3176262125 0.398655178125 0.314085128125 0.3849043984375 0.3145909953125 0.38021885625 0.316108603125 0.3811307703125 0.3242025140625 0.388175384375 0.3317905546875
0 0.3720671296875 0.4542109328125 0.40791034843749996 0.4537050625 0.426805446875 0.4456111546875 0.3986950046875 0.44459941562500005 0.3747759171875 0.438528984375 0.36551952499999996 0.440046590625 0.359766321875 0.4456111546875 0.3602605109375 0.44915223906249996 0.3720671296875 0.4542109328125
0 0.377462159375 0.5037861265625 0.387174509375 0.5063154734374999 0.420655840625 0.50682134375 0.43711258906249995 0.5007509109375 0.435438865625 0.4926570015625 0.4231734703125 0.493668740625 0.41502296875000005 0.4906335234375 0.3738470921875 0.49113939531249995 0.36828504687499997 0.494174609375 0.368055659375 0.497209825 0.377462159375 0.5037861265625
0 0.37893063437499996 0.5649963171875 0.415079703125 0.56044349375 0.42532729218750004 0.55589066875 0.42487133593750004 0.5518437140625 0.41965337031249994 0.5503261046875 0.3923047375 0.54931436875 0.383354196875 0.546785021875 0.3780215375 0.546785021875 0.37325953125 0.5493143671875 0.3671240171875 0.5599376234375 0.3692182859375 0.5624669703125 0.37893063437499996 0.5649963171875
0 0.375072090625 0.605971734375 0.41240069375 0.6059717328125 0.41876277812499996 0.6024306484374999 0.4177744 0.5953484765625 0.4131270890625 0.5963602156250001 0.39057869218749997 0.5923132609375 0.37983691406250003 0.593325 0.3710364796875 0.5988895624999999 0.37145420625000003 0.6034423875 0.375072090625 0.605971734375
0 0.36458383906249997 0.6540293203124999 0.37341969062499997 0.658076275 0.414633796875 0.6570645359375 0.42629030781250005 0.6540293203124999 0.43269062343750003 0.649982365625 0.41406596249999994 0.6444178015625 0.3714047015625 0.644417803125 0.36591912031249996 0.6464412796875 0.3640514203125 0.6509941031250001 0.36458383906249997 0.6540293203124999
0 0.3573637578125 0.7294038515625 0.403604671875 0.7324390671875001 0.41709065 0.7253568953125 0.41602580937500006 0.7192864640625001 0.37389978749999997 0.7122042921875 0.363958046875 0.7127101625 0.351919225 0.7208040718750001 0.3523751828125 0.7248510265625 0.3573637578125 0.7294038515625
0 0.3601675109375 0.7830259984375 0.36770913125 0.7840377390625 0.39208699375 0.7840377390625 0.40679073906249996 0.7810025234375 0.418600175 0.775943828125 0.402413865625 0.7683557890625 0.3603614859375 0.7703792671875 0.35796136875 0.771896875 0.35811147499999996 0.7799907859374999 0.3601675109375 0.7830259984375
0 0.3483439828125 0.838671628125 0.3534472546875 0.8417068437499999 0.3692540703125 0.8442361890625 0.39991755625000003 0.8417068421874999 0.41367115312499997 0.8310835875 0.40106449531250005 0.8265307625 0.37051570312500004 0.827542503125 0.34975572499999996 0.8300718484375 0.346402640625 0.8341188031250001 0.3483439828125 0.838671628125
0 0.36443974218749997 0.8978583390624999 0.3864557171875 0.898870078125 0.3967415390625 0.893811384375 0.3978474296875 0.8892585609375001 0.3950678140625 0.8857174750000001 0.3613216828125 0.8786353046875 0.349856328125 0.8791411734375 0.339950003125 0.8892585593750001 0.3441767703125 0.8938113828124999 0.36443974218749997 0.8978583390624999
0 0.6073109796875 0.05305655 0.623079565625 0.056091765625 0.6543901671875 0.055080028125 0.6626199500000001 0.046986117187499996 0.671114534375 0.0454685109375 0.6582784875 0.0439509015625 0.649745671875 0.0459743796875 0.6216380499999999 0.0348452546875 0.6108198078125 0.036868731249999995 0.6048018046875 0.035856993749999996 0.5929923687499999 0.0409156859375 0.5932954015624999 0.04698611875 0.6073109796875 0.05305655
0 0.5881667671875 0.13500738125 0.6248482546874999 0.133489775 0.6379519218749999 0.1314662953125 0.6443522390624999 0.1274193421875 0.64385805 0.12387825625 0.6115973015625 0.1173019546875 0.6015408703125 0.1193254328125 0.590419596875 0.115278478125 0.573659815625 0.115278478125 0.57228630625 0.12337238749999999 0.5666477984375 0.127419340625 0.5881667671875 0.13500738125
0 0.5912296859375 0.21544060625 0.595573965625 0.208358434375 0.60646866875 0.2053232203125 0.6114600625 0.1997586578125 0.5951590578125 0.193688225 0.5713518468750001 0.196217571875 0.56586908125 0.1881236625 0.5614101078125 0.196723440625 0.537867696875 0.2058290890625 0.551845046875 0.212405390625 0.580831990625 0.21189952031249998 0.5912296859375 0.21544060625
0 0.5413129296875 0.28120361875 0.5801269171875 0.2817094890625 0.60244874375 0.2786742734375 0.6063724796875001 0.277156665625 0.6107549890625 0.2695686265625 0.6153640703125001 0.2690627546875 0.610869684375 0.2680510171875 0.6074429546875 0.262992325 0.596318865625 0.26906275625 0.57361754375 0.26703927968749996 0.5714085812499999 0.266027540625 0.572667396875 0.2594512390625 0.5541163796874999 0.2629923234375 0.54005975 0.2675451484375 0.5355625453124999 0.27665079531250003 0.5413129296875 0.28120361875
0 0.5431609 0.347472503125 0.5747745328125 0.3525311953125 0.5954962796875 0.3505077203125 0.5986227937499999 0.33937859375 0.56247654375 0.33381403125000003 0.5589351203125 0.3302729453125 0.5473550734375 0.3322964234375 0.5353927109375001 0.3393785921875 0.5380194 0.34494315625 0.5431609 0.347472503125
0 0.5375847640625 0.40109465312500003 0.583787446875 0.40463573750000004 0.5877494125 0.4026122609375 0.5863815390625 0.390471396875 0.56158595 0.385918571875 0.54029355 0.3854127015625 0.535569778125 0.38743618125 0.5271106046875 0.3985653046875 0.5375847640625 0.40109465312500003
0 0.514814865625 0.454613940625 0.5528288125 0.4556256765625 0.5737799484375 0.4505669859375 0.57861841875 0.44702590000000003 0.57222091875 0.44095546875 0.53096858125 0.4424730765625 0.515464796875 0.44601416250000003 0.5113116734375 0.4505669859375 0.514814865625 0.454613940625
0 0.5190437953125 0.5053037359375 0.5402215015625 0.5073272125 0.5647905203125 0.5047978671875 0.5704290296875001 0.5007509109375 0.5684876859375 0.4961980875 0.5457863640625 0.494174609375 0.5354651328125 0.48962178593749994 0.5232762 0.489621784375 0.5159229187500001 0.4961980875 0.5155023734374999 0.5017626515625 0.5190437953125 0.5053037359375
0 0.5087410671875 0.5710667484374999 0.5282039984375 0.5756195734375 0.5449637796875 0.5756195734375 0.577571428125 0.5675256625 0.5669443421875 0.56701979375 0.549272646875 0.5589258859374999 0.5294274015625 0.5594317546875 0.5099998828125 0.564490446875 0.5059614531250001 0.5675256625 0.5087410671875 0.5710667484374999
0 0.5407583359375 0.6312651984375 0.57283074375 0.6302534609375 0.581478253125 0.6267123765625 0.5684921000000001 0.6171008578125 0.546323196875 0.618112596875 0.528992765625 0.61558325 0.5257926078125 0.6176067265625 0.5216394859375 0.622159553125 0.52285725 0.62620650625 0.5407583359375 0.6312651984375
0 0.5622632125 0.6894401734375 0.5604747953125 0.682863871875 0.5553332953125001 0.6803345249999999 0.5320613203125 0.6757817015625001 0.5045979921875 0.6762875703125 0.503109790625 0.6858990875 0.50969844375 0.6894401734375 0.5622632125 0.6894401734375
0 0.5195267968749999 0.7408350953125 0.5521698578125 0.7423527046875 0.5609320609374999 0.737294009375 0.5524020625 0.7292001 0.5252063546875 0.7261648843749999 0.505399340625 0.7261648843749999 0.5033022546875 0.733752925 0.5068436765625 0.7372940109375 0.5195267968749999 0.7408350953125
0 0.49542529531249996 0.787578825 0.536180625 0.7926375171875 0.5487518703125 0.787578825 0.54776349375 0.7804966531249999 0.5246444453125 0.7739203515625 0.5018666609375 0.7729086125 0.49161907187500004 0.7774614375 0.491883871875 0.784037740625 0.49542529531249996 0.787578825
0 0.50816796875 0.8508124921875 0.54698195625 0.8513183609375 0.5496496953125 0.8462596671875 0.5441286984375 0.8386716265624999 0.5239421906249999 0.8336129343750001 0.5203625359374999 0.8305777187500001 0.5020791390625 0.8305777187500001 0.497202440625 0.8346246734375 0.4981143546875 0.84271858125 0.50816796875 0.8508124921875
0 0.49006163750000004 0.898870078125 0.5154661109374999 0.9054463796875 0.5313493890625 0.9069639859375 0.53839681875 0.904434640625 0.539693865625 0.8973524703125 0.5265547875000001 0.8897644296875 0.5010738531250001 0.8841998671875 0.49341753906249997 0.8847057375 0.4878172625 0.888246821875 0.48712910000000004 0.8973524703125 0.49006163750000004 0.898870078125
0 0.7008644015625001 0.861435746875 0.70947368125 0.85840053125 0.7120267234375001 0.8548594453125 0.689860640625 0.845753796875 0.6624355453125 0.845753796875 0.6587383796874999 0.8543535765625 0.670468534375 0.8604240093750001 0.7008644015625001 0.861435746875
0 0.68732891875 0.9094933328125 0.6990618921875 0.905446378125 0.691370165625 0.8963407312499999 0.652594409375 0.8953289921875 0.6496618703125 0.893811384375 0.6440615937499999 0.8973524703125 0.6419262765625 0.9054463796875 0.6537328953125 0.9105050718750001 0.68732891875 0.9094933328125
0 0.7207878109375 0.0333276453125 0.728976546875 0.0358569921875 0.7548780265625 0.0358569921875 0.77122008125 0.03130416875 0.7792969390625 0.0252337375 0.7766702515625 0.0196691734375 0.7707669421875 0.0171398265625 0.73267653125 0.0171398265625 0.722543634375 0.02017504375 0.7166375078125 0.027763084375000004 0.7207878109375 0.0333276453125
0 0.8590191828125 0.028774821875000002 0.8937565125000001 0.0328217765625 0.9166489906249999 0.0323159078125 0.9237346531249999 0.029280692187500002 0.9192430843749999 0.018151565624999998 0.9112072765624999 0.013598742187499999 0.8924679203125001 0.0095517875 0.8778406375 0.011575265625000001 0.86580463125 0.0095517859375 0.8595572406249999 0.011575265625000001 0.8539187328125 0.01562221875 0.8516687218750001 0.0252337375 0.8590191828125 0.028774821875000002
0 0.8538494999999999 0.1274193421875 0.9003198031249999 0.1274193421875 0.9374600687499999 0.11983130156249999 0.925500525 0.11679608593749999 0.9147969781249999 0.1173019546875 0.9126262468749999 0.11578434687500001 0.9137703687500001 0.110725653125 0.9035992437499999 0.1142667390625 0.8699678046875 0.1056669625 0.8636439515625 0.108702178125 0.8577024109375 0.1066786984375 0.8404073890625 0.1137608703125 0.8419664203125 0.12337238749999999 0.8538494999999999 0.1274193421875
0 0.7184387937500001 0.1248899953125 0.7266275281250001 0.1274193421875 0.777174490625 0.12387825781249999 0.7830806171875 0.11629021718749999 0.7704739578125 0.11173739375 0.768417921875 0.108702178125 0.7606086828125 0.11123152343750001 0.7464401781250001 0.10718456875 0.72659493125 0.1076904375 0.7210711171875 0.11021978437499999 0.712726640625 0.11983130312500001 0.7184387937500001 0.1248899953125
0 0.8449939265624999 0.19419409375000002 0.8477353078125001 0.19824104843749998 0.855124003125 0.201276265625 0.863542125 0.20077039531250002 0.8702072421875 0.20329974218750002 0.8795783281249999 0.2002645265625 0.89774703125 0.20178213281250001 0.9290604515625001 0.19065300937500002 0.9279956109375 0.1845825765625 0.9144359874999999 0.1825591 0.9070855234374999 0.1790180140625 0.8825547359374999 0.181041490625 0.87627193125 0.1734534515625 0.8661772687499999 0.1759827984375 0.8526558765625 0.173453453125 0.8519677124999999 0.1825591 0.8470527796875 0.1871119234375 0.8449939265624999 0.19419409375000002
0 0.7215017109375 0.20532321874999998 0.7234430546875 0.2098760453125 0.7285463234375 0.21291126093749999 0.7398969859375 0.2139229984375 0.7442002140625 0.21746408437500003 0.75760973125 0.21139365156249998 0.7721605515625 0.2103819125 0.7785608671875 0.206334959375 0.8042740078125 0.19874691718749998 0.8006178921875 0.1967234421875 0.7612714828125 0.19318235625 0.7472530859375001 0.197229309375 0.73430234375 0.1972293109375 0.7215017109375 0.20532321874999998
0 0.7257087515625 0.28069774999999997 0.747915884375 0.2791801421875 0.75839004375 0.2817094890625 0.7641050125 0.276650796875 0.7826942625 0.272603840625 0.7946948546875 0.26501580156250004 0.7717641468750001 0.266027540625 0.7645283765625 0.260968846875 0.7561484859375 0.260968846875 0.7276175 0.26552167031249996 0.72079945625 0.26501580156250004 0.71112251875 0.2720979703125 0.7100166296875 0.27665079531250003 0.7257087515625 0.28069774999999997
0 0.8486657265625001 0.276650796875 0.8626813078125 0.2827212265625 0.8930007109375 0.2847447046875 0.9109456640625 0.26906275625 0.9027951609375 0.266027540625 0.8883972671875 0.26501579999999997 0.87457284375 0.25641602343750003 0.8628781015625 0.259957109375 0.8485538515625001 0.2680510171875 0.8466861546875 0.272603840625 0.8486657265625001 0.276650796875
0 0.8634262078124999 0.3434255484375 0.888109921875 0.3393785921875 0.8959956234374999 0.3358375078125 0.8879215828125 0.3317905546875 0.8370333562500001 0.3297670765625 0.8302124953125001 0.33937859375 0.8360011125 0.3434255484375 0.8634262078124999 0.3434255484375
0 0.6867221109375 0.35303706562500003 0.695825578125 0.3535429359375 0.73818380625 0.347472503125 0.7501844 0.33988446250000004 0.74824305625 0.33533163906249996 0.7554051828125 0.331284684375 0.743369175 0.32926120625 0.7386071703125 0.331790553125 0.73095085625 0.3322964234375 0.7162881609375 0.32470838281250003 0.715144040625 0.3297670765625 0.7071818750000001 0.3343199 0.68360405 0.33381403125000003 0.6812039328124999 0.33533163906249996 0.6816953046875 0.3489901109375 0.6867221109375 0.35303706562500003
0 0.6916555453125001 0.41880007968750005 0.74841166875 0.4137413859375 0.75085001875 0.41171790937499997 0.7466232500000001 0.407165084375 0.7369109 0.40463573906250005 0.73432244375 0.3985653046875 0.7384373359375 0.39451835156250004 0.7354665640625 0.3935066125 0.7292956359375 0.39451835156250004 0.718971584375 0.4000829125 0.6846137515625 0.40109465312500003 0.6727278515624999 0.40716508593749995 0.671698425 0.4107061703125 0.6916555453125001 0.41880007968750005
0 0.8160242625 0.40615334531249997 0.8310310390625 0.40918856249999996 0.8598650578125 0.41070616875 0.8790249578125 0.4091885609375 0.8967759359375 0.40615334531249997 0.9046616359374999 0.402612259375 0.8841310453125001 0.40210639062500003 0.8683624609375 0.399071175 0.860935534375 0.3965418265625 0.858155921875 0.39300074375 0.8245981296875 0.3935066125 0.8175506968749999 0.39603595937499997 0.812482840625 0.4026122609375 0.8160242625 0.40615334531249997
0 0.8055686078125 0.47393983593750005 0.8547066484375 0.4688811421875 0.8613745843749999 0.46129310312499994 0.8608803937499999 0.45775201875000004 0.857186046875 0.45623440937500004 0.8188662484375 0.45926962656250003 0.8029447390625 0.4582578875 0.7917441828125 0.4653400578125 0.7972651796875 0.47292809687500004 0.8055686078125 0.47393983593750005
0 0.6635720625 0.45775201875000004 0.669398909375 0.46129310312499994 0.72104894375 0.46331658124999997 0.7413147343750001 0.45724614687500004 0.7423441609375 0.4537050625 0.7324788843750001 0.45319919375 0.72360480625 0.4496581078125 0.6757638125 0.44763463281250004 0.667230996875 0.44965810937499995 0.6631161046875 0.4537050625 0.6635720625 0.45775201875000004
0 0.7018138875 0.516229109375 0.71804125 0.51319389375 0.72516514375 0.5096528078125 0.715302684375 0.499029553125 0.7082934875 0.50105303125 0.6907336671875 0.5015588984375 0.6794976984375001 0.499029553125 0.6716502281250001 0.5020647687500001 0.664220484375 0.5096528078125 0.6842922984375 0.516229109375 0.7018138875 0.516229109375
0 0.8051722031249999 0.5295854640625001 0.8240644859374999 0.531608940625 0.8508806968749999 0.5295854624999999 0.8548044328125 0.5280678562500001 0.8575486328125 0.5219974234375 0.867566834375 0.520479815625 0.866234375 0.51795046875 0.8577015593749999 0.5199739453125 0.84726563125 0.5169387296875 0.82136415 0.5169387296875 0.8028895984375 0.5194680765624999 0.8017072453124999 0.5250326390625 0.8051722031249999 0.5295854640625001
0 0.7959017203125 0.5816900046875 0.8207737734375 0.585231090625 0.8451898671875 0.5847252203125 0.8475899859375 0.5832076125000001 0.84557218125 0.579666528125 0.8240914421875001 0.57157261875 0.8098082421875 0.569043271875 0.79529565625 0.5695491421875001 0.7898100734375 0.57157261875 0.7887041828125 0.5761254421875 0.7959017203125 0.5816900046875
0 0.66586471875 0.568537403125 0.6694443718749999 0.57157261875 0.7135527875000001 0.5725843562499999 0.7212473328125 0.57157261875 0.7324861171875 0.5639845765625 0.7252503484374999 0.558925884375 0.7294799328125 0.553361321875 0.734927284375 0.5518437140625 0.7273474328125 0.5513378437500001 0.7155379984375 0.5563965375000001 0.6742474296875 0.558420015625 0.669561884375 0.5599376234375 0.6661705687499999 0.564490446875 0.66586471875 0.568537403125
0 0.6625329578125 0.6327828078125 0.7026411734375 0.6363238921875001 0.7165066484375 0.6343004156250001 0.72439235 0.6307593296875 0.7246982 0.626712375 0.7136151578125001 0.6221595515625 0.663374046875 0.62165368125 0.6577355375 0.6257006374999999 0.6574296875 0.6297475921875 0.6625329578125 0.6327828078125
0 0.7944758890625 0.6408767171875 0.8217480593750001 0.64290019375 0.846202384375 0.6418884546875 0.8414431984374999 0.6343004140625 0.829521884375 0.6307593296875 0.7936786671875 0.6312652 0.788001928125 0.6358180250000001 0.7885725796874999 0.6383473687500001 0.7944758890625 0.6408767171875
0 0.7784227765625 0.70208690625 0.8135041859375001 0.7015810375 0.83136985625 0.6970282140624999 0.8279813609375 0.69146365 0.829657903125 0.6894401734375 0.8259635546874999 0.6879225640625 0.78566418125 0.6869108265625 0.7664660484375 0.688934303125 0.760865771875 0.6924753906250001 0.760521690625 0.6970282140624999 0.7784227765625 0.70208690625
0 0.6614512078125 0.6874166953125 0.668116325 0.6899460421875 0.7082245406250001 0.693487128125 0.729366834375 0.6858990890625 0.719845640625 0.6808403953125 0.6940970859375 0.6788169171875 0.6791285421875 0.67527583125 0.6653777625 0.6757817015625001 0.6591303703125 0.6778051781250001 0.6565008640625 0.682358003125 0.6614512078125 0.6874166953125
0 0.769761175 0.756214925 0.7795499875 0.757732534375 0.8085751640625001 0.7567207953125 0.8218317531249999 0.7526738390625 0.8209580703125001 0.7440740625 0.7694609609375 0.74002710625 0.7622988359375 0.7440740609375001 0.761916521875 0.7491327531249999 0.769761175 0.756214925
0 0.643607484375 0.7562149265625 0.645816446875 0.7572266640625 0.6684441234375 0.7501444937499999 0.6800241734375 0.748121015625 0.7013548015625 0.748121015625 0.706155040625 0.7450857984375 0.7049372734375 0.7410388453125 0.7012046953125 0.7400271078125 0.648792853125 0.7380036296875 0.646239809375 0.7415447140625 0.648560646875 0.7511562328125 0.643607484375 0.7562149265625
0 0.6824832187500001 0.8022490343750001 0.69928123125 0.801743165625 0.7157762125 0.7951668640625 0.7190910640625 0.7916257796874999 0.7162349875 0.7890964328125001 0.693533665625 0.7870729546875 0.657613984375 0.7885905625 0.652546128125 0.7951668640625 0.6575729359375 0.79921381875 0.6824832187500001 0.8022490343750001
0 0.7999900249999999 0.8098370750000001 0.822691346875 0.8118605515624999 0.8436042499999999 0.8073077296875001 0.8409775625 0.8017431640625 0.832903521875 0.7976962109375 0.8177438218749999 0.796684471875 0.806546084375 0.7936492578125 0.7882626875 0.7936492578125 0.7843007203125001 0.7956727328125 0.7867744828125 0.8032607734375 0.7999900249999999 0.8098370750000001
0 0.7885870421875001 0.8599181390625 0.7937667734375 0.861941615625 0.83269545625 0.8609298781250001 0.8414958921875 0.8553653140625 0.8330041250000001 0.846765534375 0.793504790625 0.8452479281249999 0.7879809765625 0.847777275 0.7851603140625001 0.8548594453125 0.7885870421875001 0.8599181390625
0 0.765945275 0.9175872437500001 0.78095205 0.9206224578125 0.8160716921875 0.9196107203125001 0.825366315625 0.9175872437500001 0.82948120625 0.9135402875 0.8177510531250001 0.9074698578125 0.7743662140625001 0.9069639859375 0.7665952046875 0.908987465625 0.761680275 0.9135402875 0.765945275 0.9175872437500001