0 0.962316940625 0.2518230875 0.9651190265625 0.2537570359375 0.9680474203125 0.2484013234375 0.9735475078125001 0.2480479109375 0.97889906875 0.26649513125 0.984599728125 0.24945174531249997 0.9955180484374999 0.23301265 0.9957246874999999 0.23026060468749998 0.9966357531250001 0.191117540625 0.9959414140625 0.1881217328125 0.989207515625 0.18808464375 0.9853277484375 0.1920921578125 0.962316940625 0.2518230875
0 0.90642068125 0.18860024687500002 0.8998727265625 0.2085167390625 0.902273671875 0.24383063906250002 0.9135264624999999 0.22854449531249998 0.925953425 0.18640560781249998 0.924585715625 0.1681721859375 0.9140240937499999 0.1742532609375 0.90642068125 0.18860024687500002
0 0.8393969203125 0.1893762171875 0.8367807765625 0.20739585 0.8508432499999999 0.2191762421875 0.8608101921875001 0.2013889484375 0.8659237687499999 0.197771934375 0.8666149375 0.18856686875 0.8652174109375 0.156711821875 0.8566328046875 0.1560889875 0.8393969203125 0.1893762171875
0 0.8032919984375001 0.1140765015625 0.7964317953125 0.12132907343749999 0.775323740625 0.1837564046875 0.7766616296875 0.1883682109375 0.78064548125 0.1885820015625 0.7881225875 0.1815246796875 0.7993233359375 0.1641278828125 0.8105983531250001 0.1373307734375 0.8119064234375 0.1283209578125 0.812597590625 0.1191158921875 0.8094089906249999 0.11391834062499999 0.8032919984375001 0.1140765015625
0 0.723102146875 0.11382669062499999 0.7100284640625001 0.1421487078125 0.708051446875 0.14885262187499998 0.711626559375 0.157313778125 0.711425990625 0.1740037546875 0.7168740375 0.17153969062500002 0.7188808718749999 0.178457396875 0.7269450625 0.157973703125 0.7367260625000001 0.120232828125 0.7360793421875 0.10641595781249999 0.72996235 0.10657412031249999 0.723102146875 0.11382669062499999
0 0.656454353125 0.1042507453125 0.6474686046875 0.13700786250000002 0.65238160625 0.150080821875 0.6510735375000001 0.1590906359375 0.665767540625 0.13442272500000002 0.6726201484375001 0.1020375640625 0.6705612703125 0.093009203125 0.664726709375 0.0922096625 0.656454353125 0.1042507453125
0 0.577319959375 0.1095704421875 0.5849607859375 0.133977665625 0.59266828125 0.12385198906249999 0.5981163281249999 0.121387925 0.5983169 0.1046979484375 0.60424795 0.08458620781250001 0.5944295359375 0.0835728734375 0.585361928125 0.100597715625 0.577319959375 0.1095704421875
0 0.5292681609375001 0.05980810156250001 0.52166475 0.0741550890625 0.5102037921875 0.0809986171875 0.511363334375 0.09078943125 0.5085168015625 0.1118774171875 0.521932553125 0.10984094062500001 0.529127228125 0.10374132031250001 0.5341589421874999 0.08439203125 0.539086575 0.0608214375 0.5343817375000001 0.0561910890625 0.5292681609375001 0.05980810156250001
0 0.4597141984375 0.0440769015625 0.44748780625 0.06952581249999999 0.43940139218749996 0.1015204734375 0.4567191359375 0.0839655171875 0.471100890625 0.0466336859375 0.4703278625 0.0401064765625 0.4660095390625 0.038739734375 0.4597141984375 0.0440769015625
0 0.3984698015625 0.031009128125 0.38511368749999997 0.060288846875 0.381724515625 0.0717812703125 0.38385765625 0.0714093171875 0.38807949375 0.0936873421875 0.3934977234375 0.07760165937499999 0.408191728125 0.0529337453125 0.4120937203125 0.037415267187500004 0.410317271875 0.027429203125000003 0.4047131015625 0.023561307812499998 0.3984698015625 0.031009128125
0 0.6717143437499999 0.251484890625 0.6741076921875 0.2616662015625 0.6734463421875 0.2844928859375 0.681235696875 0.29009948125 0.680722878125 0.2941255390625 0.6911505984375 0.270201534375 0.700701209375 0.235529015625 0.700775475 0.22612870156249998 0.6912394921875 0.22415766406249998 0.6717143437499999 0.251484890625
0 0.6126671546875 0.24586844531250002 0.61393078125 0.2598805671875 0.6198694265625 0.2649014125 0.6225896515625 0.2511030875 0.6359457671875 0.22182337031250002 0.6343997109374999 0.20876895312500002 0.6290779703125 0.20394335468749997 0.6254806328125 0.2069931671875 0.6126671546875 0.24586844531250002
0 0.5608008359375 0.190743884375 0.5471845140625 0.2094703359375 0.548292015625 0.2171504953125 0.54418185625 0.22422636406250002 0.5358130125 0.2571787296875 0.5398489046875 0.2595031734375 0.5433942 0.2543427109375 0.5470956218749999 0.25551420625 0.5478686500000001 0.2620414140625 0.5580437578125 0.2526967328125 0.56582551875 0.23317073906250002 0.5657881046875 0.19441653125 0.564450215625 0.1898047265625 0.5608008359375 0.190743884375
0 0.48853847031250003 0.1704739421875 0.4808830140625 0.1827102734375 0.47140666875 0.207982478125 0.47097570937500005 0.22774080937500002 0.47855689687499997 0.22490479218749998 0.492277303125 0.210399646875 0.501211009375 0.1755318765625 0.5012852765625 0.1661315625 0.49786628593750004 0.1640023671875 0.48853847031250003 0.1704739421875
0 0.41161148125 0.166021371875 0.406839975 0.1959239234375 0.4108758671875 0.1982483703125 0.42076854687500004 0.18986139062500001 0.4318874375 0.1567323203125 0.43167927031250003 0.1482897078125 0.42640957031250004 0.1455747640625 0.41161148125 0.166021371875
0 0.35499307343750003 0.1475948828125 0.3452418921875 0.198957378125 0.363815665625 0.17028195156249998 0.373418315625 0.13772008593750001 0.3713594390625 0.12869172499999998 0.3673755875 0.12847793125 0.35499307343750003 0.1475948828125
0 0.3356575328125 0.064497303125 0.34054071874999997 0.0639486421875 0.35184555156249997 0.050773153125000005 0.36119717812499996 0.016823029687499998 0.347540725 0.01618696875 0.344717546875 0.022339871875 0.33464652031250003 0.035905859375 0.3336506984375 0.057579593750000005 0.3356575328125 0.064497303125
0 0.32081499999999996 0.10796584375 0.3125648640625 0.108495959375 0.303445215625 0.1234101484375 0.290007240625 0.1369575921875 0.291612934375 0.17725525 0.3020184328125 0.1648422140625 0.3022043765625 0.1847957921875 0.30898271875 0.1618109453125 0.315173975 0.1522524703125 0.3173293390625 0.14036955 0.3178123421875 0.12272187187500001 0.3215359859375 0.1123823984375 0.32081499999999996 0.10796584375
0 0.5187304484374999 0.3151044078125 0.5133642609375 0.33330074375 0.5057608484375 0.347647728125 0.5130151609375 0.36879134687500004 0.515817246875 0.370725296875 0.5246544656250001 0.35676880781250003 0.5309199875 0.33781001875 0.53201989375 0.320357590625 0.5293441125 0.31113398281250004 0.5187304484374999 0.3151044078125
0 0.45089329375 0.2821160265625 0.43987848593749995 0.3194664015625 0.44140231874999997 0.3440317859375 0.4531158890625 0.3226089328125 0.4603029703125 0.2913767234375 0.4616110421875 0.282366909375 0.4597082890625 0.2796705078125 0.45089329375 0.2821160265625
0 0.3794143546875 0.2751993921875 0.3742042921875 0.29972768906249997 0.37184835625 0.3283005859375 0.38754577968750004 0.3070915265625 0.39658356875 0.27644506406249997 0.3962192765625 0.26167049375 0.39336515 0.2576258921875 0.3794143546875 0.2751993921875
0 0.3175977046875 0.262964134375 0.30573560624999996 0.3031876140625 0.3083815671875 0.298789603125 0.31455060156250003 0.3007420953125 0.314654684375 0.3049634015625 0.3244432796875 0.2923551140625 0.3328717609375 0.28664599218750003 0.338081825 0.2621176953125 0.339360078125 0.23948625781250002 0.333421434375 0.2344654125 0.3175977046875 0.262964134375
0 0.26513109375 0.2327463296875 0.254525025 0.2618493421875 0.24818523906249998 0.290208446875 0.254250190625 0.287939634375 0.26876584531250003 0.2684507265625 0.2825306984375 0.230923646875 0.2831698234375 0.219607928125 0.27908188906250003 0.215172828125 0.26513109375 0.2327463296875
0 0.28894305 0.013457739062499998 0.2715758296875 0.012648846875 0.264787903125 0.032643328124999996 0.26761980625000004 0.048198896875 0.28452881093750004 0.038891303125 0.28894305 0.013457739062499998
0 0.784603490625 0.5605049234374999 0.7734249625 0.5663907515625 0.7745622828125 0.58769253125 0.7684008421875 0.610872628125 0.772466553125 0.62681869375 0.7780409078125 0.6170649703125 0.7861869593749999 0.6123135484375 0.7920957859375 0.603712775 0.79437745625 0.5845401921875 0.7996693796875001 0.5757441703125 0.79696378125 0.552898940625 0.78961298125 0.5526666015624999 0.784603490625 0.5605049234374999
0 0.7129520734375 0.5462040625 0.7045013671875 0.5634241531249999 0.7090278578125 0.5732335109375 0.7075192140625 0.5989333015625 0.7218044828125 0.5825127515624999 0.7291254640625 0.56912346875 0.735108553125 0.55112238125 0.73368880625 0.530778303125 0.7290360078125 0.5282586078125 0.7245393359375 0.5320708703125 0.7129520734375 0.5462040625
0 0.6481475421875 0.518870696875 0.6347171625 0.5575507281250001 0.6438666296875 0.556258159375 0.6433836281249999 0.5739058375 0.6529938765625001 0.5664765593750001 0.661006025 0.5438822109375 0.6691000359375 0.5370201375 0.6731061109375001 0.5257229625 0.6767034468750001 0.5226731515624999 0.6774987 0.51768939375 0.671842484375 0.5117108453125 0.6734329875 0.5017433265625 0.669062621875 0.49826592812500003 0.6636145734375 0.500729990625 0.6481475421875 0.518870696875
0 0.593882115625 0.4833883765625 0.5860781312500001 0.5144253375 0.5884714796875 0.5246066484374999 0.5862938921875 0.5480005375 0.58932636875 0.5468661328125 0.60245209375 0.5206547687499999 0.6086135328125 0.49747467343749996 0.6110735515625 0.4731230828125 0.6039010984375001 0.4677117359375 0.593882115625 0.4833883765625
0 0.5358797890625 0.45246561874999996 0.5318216734375001 0.46165214062500004 0.5274366796875001 0.494818296875 0.52990429375 0.4955992953125 0.544085478125 0.4749574390625 0.552566 0.4713589671875 0.5621166125 0.43668644843750004 0.5588239296874999 0.42726759062499997 0.5524245046875 0.42838345312500004 0.5358797890625 0.45246561874999996
0 0.47843931250000005 0.43114450312499997 0.4562980203125 0.4764913609375 0.45701900625 0.480907915625 0.459330496875 0.47535695312500004 0.46596030937500005 0.4711727359375 0.46986989687499997 0.48078684374999997 0.47847672656249995 0.4698987109375 0.48720986093749996 0.45172091875 0.49450102500000004 0.42471001406250003 0.48755896249999997 0.4162303140625 0.48092914999999997 0.42041453124999995 0.47843931250000005 0.43114450312499997
0 0.41949141875 0.3863102890625 0.4041284703125 0.4086723 0.3992751 0.42284258125 0.39586370625 0.44584597031250006 0.406893703125 0.45876077187500003 0.41177688906250004 0.4582121109375 0.41822075937500003 0.4340743140625 0.42496928437500003 0.39746784687500003 0.4235273125 0.38863473593750003 0.41949141875 0.3863102890625
0 0.35111921874999996 0.3688589328125 0.34862938125 0.3795889046875 0.3361205625 0.405995515625 0.3402605390625 0.41254126874999997 0.33933897968750004 0.4248146890625 0.3467938609375 0.42926833281250004 0.3565304171875 0.41454939375000005 0.359302684375 0.4028617203125 0.36430458125 0.3698908109375 0.355898321875 0.36408896875 0.35111921874999996 0.3688589328125
0 0.2706247125 0.38107779375 0.27803515 0.4085533734375 0.2835352390625 0.4081999625 0.2947359890625 0.390803165625 0.299225065625 0.36185831562500004 0.29891281875 0.349194396875 0.2930262140625 0.3462842015625 0.2706247125 0.38107779375
0 0.21433037656249998 0.35697815781250003 0.20596153125 0.389930521875 0.2072251578125 0.4039426421875 0.210770453125 0.39878217656250003 0.220202353125 0.39653190625 0.22272200781249998 0.39942355625000003 0.2311727125 0.382203465625 0.2417489640625 0.3394788328125 0.24110224218749998 0.3256619625 0.2343163046875 0.323514221875 0.21433037656249998 0.35697815781250003
0 0.4375312703125 0.54698935 0.4319569171875 0.556743075 0.42532710468749996 0.5609272921875 0.426048090625 0.5653438484375 0.41657174531249996 0.5906160515625001 0.41550165781250004 0.6216901015625 0.41981998125000003 0.6230568453124999 0.42763155937499997 0.6171524734375 0.44298691406249996 0.569657875 0.44470372343750003 0.552400696875 0.44297931874999996 0.5445252859374999 0.4375312703125 0.54698935
0 0.352822525 0.562062771875 0.35071920156249997 0.576056346875 0.35332071875 0.5946802718749999 0.37099515625 0.5667672968749999 0.3807094859375 0.563559325 0.383637878125 0.5582036109375 0.3776916375 0.5280501765625 0.3700063671875 0.5266648890625001 0.352822525 0.562062771875
0 0.3096240953125 0.49813015 0.2984753875 0.5176376015625 0.2944470890625 0.54044574375 0.298616884375 0.560613115625 0.295614225 0.5753691421875 0.30388658281250003 0.5633280593750001 0.30668866875 0.5652620078124999 0.3096170625 0.5599062953125 0.3157785015625 0.5367261984375 0.3183127828125 0.50297429375 0.31450727968750003 0.49758149218750003 0.3096240953125 0.49813015
0 0.251278475 0.4901347421875 0.2414676578125 0.5142539968750001 0.233998146875 0.546443909375 0.248848275 0.5281079562500001 0.262048265625 0.49249627656249995 0.260710375 0.48788447343749997 0.25577514687499997 0.48632247968750003 0.251278475 0.4901347421875
0 0.18935774375 0.47367817656250005 0.1786698125 0.4870489171875 0.16785557812500002 0.5077093171875 0.16277182031249998 0.5249479515625 0.1932749234375 0.5084248734375 0.2032863140625 0.46761564218749996 0.20184434218749997 0.4587825328125 0.1930293453125 0.46122805156249996 0.18935774375 0.47367817656250005
0 0.37246047656250003 0.7379069015625 0.366090871875 0.7526443859375 0.363630853125 0.776995978125 0.368647940625 0.7942902453125 0.38873795 0.7650476140625 0.3950999609375 0.72517754375 0.39247622187500003 0.7180645859375 0.386641659375 0.7172650468749999 0.37246047656250003 0.7379069015625
0 0.314025403125 0.68904663125 0.3092240765625 0.7053275640625001 0.2997699546875 0.7190888046875 0.29666321406249996 0.7296235249999999 0.29366815156250003 0.7695121406250001 0.30684591875 0.7454114296875 0.316456165625 0.7379821515625 0.3264675546875 0.697172921875 0.32592491562500003 0.687577359375 0.3179051703125 0.68503911875 0.314025403125 0.68904663125
0 0.25035804375000004 0.676225625 0.246968871875 0.68771805 0.23548569062500002 0.706072546875 0.2249837046875 0.7393968656250001 0.2306621421875 0.733864446875 0.2369873015625 0.7421488984375 0.2418704859375 0.7416002390624999 0.254253003125 0.7224832875 0.26308262656250003 0.6833942125 0.2609717078125 0.6722552 0.25665338437499996 0.6708884562499999 0.25035804375000004 0.676225625
0 0.1741000015625 0.67407895625 0.17199667968750001 0.68807253125 0.1622379015625 0.7143024390625 0.1632190953125 0.729272259375 0.1759138609375 0.7228192265625 0.1829524109375 0.7103876453125 0.1926667421875 0.707179671875 0.19530510625 0.6776490749999999 0.1953273296875 0.6661381078125 0.1915218265625 0.66074530625 0.1741000015625 0.67407895625
0 0.111644225 0.673159415625 0.1062780359375 0.6913557531250001 0.10487347656249998 0.7212768515625 0.12598912812500002 0.68398210625 0.1370559765625 0.648742384375 0.1311693734375 0.6458321890625001 0.126055796875 0.6494492046875 0.111644225 0.673159415625
0 0.569078325 1 0.5707641671875 0.9860048921875 0.575052671875 0.9737500156250001 0.571551821875 0.9558885453125001 0.566564553125 0.9522158984375 0.5623503125 0.9550704609375 0.5573928609375 0.965019434375 0.54812468125 0.9987342531250001 0.548177365625 1 0.569078325 1
0 0.48923075312500003 1 0.490587778125 0.9983244359375 0.49695738437500003 0.9835869531249999 0.5023978375 0.9559903015625 0.51187418125 0.930718096875 0.503467925 0.9249162546875 0.4926238703125 0.9319550328125 0.4904685046875 0.9438379546875 0.4795501875 0.9602770484375001 0.479431475 0.9926992968749999 0.4812729171875 1 0.48923075312500003 1
0 0.4410864109375 0.9145963984375 0.43286609687500005 0.928748134375 0.42423704375 0.95114723125 0.425039890625 0.9712960624999999 0.4196216609375 0.9873817453125 0.43683531875000003 0.9656054812500001 0.445650315625 0.9631599640624999 0.44664613906249995 0.9414862296875001 0.45155154687500004 0.9294266015625 0.450570353125 0.91445678125 0.44591755624999996 0.9119370859375 0.4410864109375 0.9145963984375
0 0.43040607968750005 0.9530997250000001 0.43438992968749995 0.9533135187499999 0.4394514625 0.9475858515625 0.4404771046875 0.9395337375 0.4357722671875 0.9349033890625 0.428451284375 0.9482926703125001 0.43040607968750005 0.9530997250000001
0 0.386977259375 0.8922354609375001 0.38302322499999997 0.9056432875 0.3707447921875 0.92898154375 0.37175580468749997 0.9575729859375001 0.3903073546875 0.9404085265625 0.39911475625000004 0.9128304203125 0.399493675 0.8909614359375 0.3944543640625 0.8851781359374999 0.386977259375 0.8922354609375001
0 0.3320430328125 0.8612366609375 0.3235402859375 0.8763460984375 0.3118343125 0.9229015390624999 0.31427970312500003 0.9351935031249999 0.331671709375 0.90823823125 0.3455108265625 0.8613108374999999 0.3441729359375 0.85669903125 0.3386208046875 0.8549417890625 0.3320430328125 0.8612366609375
0 0.24746059374999999 0.8690204218750001 0.2455876609375 0.8799456390625 0.2526115828125 0.9041576140625001 0.2659454734375 0.8863888640625 0.26766228124999997 0.8691316859375 0.2726197328125 0.8591827125 0.27366759687500003 0.8396196296875 0.268115465625 0.8378623875000001 0.24746059374999999 0.8690204218750001
0 0.1916270359375 0.8387840734375 0.1855919015625 0.8546745093749999 0.1836967453125 0.8771106953125001 0.18953130625 0.8779102375000001 0.18945704218749998 0.8873105499999999 0.2083132453125 0.8576774234375 0.2108030828125 0.8469474515625001 0.21372388125000003 0.8164591515625 0.20688590156250003 0.81220075625 0.1916270359375 0.8387840734375
0 0.11953119375000001 0.8316721906250001 0.11537658749999999 0.86176999375 0.11704895156249999 0.8675347500000001 0.12193213750000001 0.8669860890625 0.1349315546875 0.8480643875 0.1422303140625 0.846186071875 0.14422955312500002 0.827971190625 0.14275776093749998 0.8055164609375 0.13568939375 0.8043264203125 0.11953119375000001 0.8316721906250001
0 0.069376071875 0.7959034265625 0.057484153125000007 0.8225052875 0.059007987500000005 0.8470706703124999 0.0675925921875 0.8476935062500001 0.07530008906249999 0.8375678265625 0.085980421875 0.7990645 0.0859506046875 0.7854428812500001 0.0812978078125 0.782923184375 0.069376071875 0.7959034265625
0 0.8642500625 0.9103111796875 0.8589060984374999 0.9169965484375 0.8502770453125 0.939395646875 0.8473264296874999 0.956262328125 0.8484637484374999 0.9775641078125 0.8516003078125 0.9806510078124999 0.8591814953125001 0.977814990625 0.86888823125 0.9494744296875 0.87203941875 0.9159177749999999 0.8700846234374999 0.9111107203125 0.8642500625 0.9103111796875
0 0.9164716953125 0.7572105203125 0.9084519500000001 0.7546722796875 0.9004620234375 0.7657556624999999 0.8967383796874999 0.776095134375 0.8909932734374999 0.8161604546874999 0.9042827171875001 0.8214136406250001 0.9130678953125001 0.8053465 0.9155577328125 0.7946165296875 0.9152454828125001 0.7819526109375 0.91830018125 0.7693072375 0.9164716953125 0.7572105203125
0 0.9398655015624999 0.6253515296875001 0.9347297031249999 0.6404795125 0.9302330296875001 0.644291775 0.9291629421875 0.6753658234375 0.9332286546875 0.691311890625 0.941144315625 0.689628825 0.9517281640625 0.6720367796875 0.9504867609375 0.64651369375 0.9547752671874999 0.634258815625 0.9492974000000001 0.6231012609375 0.9446966453125001 0.6226922171875 0.9398655015624999 0.6253515296875001
0 0.9692634953124999 0.5027224953125 0.9663426984375001 0.5332107953125 0.967427975 0.552401921875 0.976525403125 0.5489987000000001 0.9854146625 0.5371528671875 0.9888058078125 0.5275238765625 0.9898579265624999 0.4823205546875 0.9892272 0.48076952500000003 0.9795128671875 0.48397749843750004 0.975789225 0.4943169703125 0.9692634953124999 0.5027224953125
0 0.861008896875 0.593063871875 0.8580284625000001 0.5963089312500001 0.8463967531250001 0.6334640578124999 0.8531604671874999 0.647122765625 0.863030921875 0.6502467546874999 0.868961971875 0.6301350140624999 0.8730124921875 0.5958159046875 0.8689245578125 0.5913808046875 0.861008896875 0.593063871875
0 0.9005492281249999 0.4589856 0.8900694671875 0.48079894999999995 0.8861154328125 0.49420677812499997 0.8871486687499999 0.511287253125 0.8944772453125 0.52303055625 0.9032624234375 0.5069634171875 0.906733453125 0.5112032671875 0.9110219578125 0.498948390625 0.9126346859375 0.4774699078125 0.9170793156249999 0.47154698906250003 0.91810495625 0.46349487500000003 0.9095946156249999 0.453471725 0.9005492281249999 0.4589856
0 0.8250525015625 0.7115229984375 0.8148253499999999 0.718757028125 0.8063301984375 0.7589990531249999 0.8045169015625 0.797167515625 0.8094521296874999 0.798729509375 0.814023065625 0.7855169296875 0.826792096875 0.7696635828125 0.8295643640625 0.7579759125 0.8290439484375 0.7368693796875 0.8327898140625001 0.715018940625 0.8250525015625 0.7115229984375
0 0.7724220703125 0.872871 0.7584788703124999 0.9155770890625 0.7633176109375001 0.9380503640625 0.7754773312500001 0.94713435625 0.7749346921875 0.9375387937499999 0.785057759375 0.9260834578124999 0.7873172078125 0.91842184375 0.7866108484375001 0.87736173125 0.786506765625 0.8731404250000001 0.7772532125 0.8702116875 0.7724220703125 0.872871
0 0.6856468515625 0.853783475 0.6775008 0.8585348968750001 0.6783855062499999 0.8944159968750001 0.6703213156250001 0.9148996953124999 0.6871782796875 0.9034814453125 0.6964242359374999 0.881277596875 0.7055883328125 0.8433414734375001 0.6963570031249999 0.82890176875 0.6851042109375001 0.844187909375 0.6856468515625 0.853783475
0 0.6133352484375 0.813096390625 0.6066311703125 0.826680921875 0.5985745734375 0.8722972062500001 0.60937418125 0.8882803609375 0.61530523125 0.8681686203125001 0.623807978125 0.8530591828125 0.6257031343749999 0.8306229953125 0.6310471 0.8239376265624999 0.6287800578125 0.806466653125 0.6237927859375 0.8027940078125001 0.6133352484375 0.813096390625
0 0.5420018859375 0.79889619375 0.545785165625 0.8157999640625 0.5431169812500001 0.8317089421875 0.5365169875 0.8495147796875001 0.54342923125 0.8443728609375001 0.55997394375 0.8202906953125 0.569071371875 0.816887475 0.570966528125 0.7944512875 0.56993329375 0.7773708109374999 0.5643291203125 0.7735029171875001 0.5420018859375 0.79889619375
0 0.4889066953125 0.7936096328125 0.4846035625 0.8425080625 0.5230591812500001 0.7761473953125 0.5217212906250001 0.771535590625 0.513389296875 0.7563334312500001 0.5007465734375 0.7648971171875 0.4889066953125 0.7936096328125
0 0.438770684375 0.7510575921875 0.43260164999999995 0.7491051015625 0.4278003234375 0.765386034375 0.43068427031249995 0.7830522546875 0.42781551406249996 0.8156512093750001 0.4486265109375 0.7908251359375 0.45756021875 0.755957365625 0.4569655375 0.7442511484375001 0.453212075 0.7409690015625 0.438770684375 0.7510575921875
0 0.8363614546875 0.42505806249999994 0.8266991656249999 0.4303766875 0.818144378125 0.44337547187500004 0.810518740625 0.469233425 0.8164351625 0.48576523906249996 0.8146663125 0.5009117640625 0.8175204390624999 0.5049563640625 0.827309034375 0.49234807812500003 0.8355515734375001 0.46668537499999996 0.838732578125 0.44675034062499996 0.8372906062500001 0.437917228125 0.8397804437499999 0.427187259375 0.8363614546875 0.42505806249999994
0 0.7656999890625 0.40164670156250004 0.75221756875 0.43821608124999994 0.7504487171875 0.4533626046875 0.7552055984375 0.46010360781250004 0.7547968593750001 0.46835097187499997 0.77522134375 0.4402612921875 0.7822300765625 0.414208090625 0.7786251421875 0.3921253140625 0.7713263859375 0.39400362968749997 0.7656999890625 0.40164670156250004
0 0.6973055671874999 0.3957063140625 0.68649133125 0.4163667109375 0.6895314031249999 0.44036489375 0.6952618828125 0.4369431296875 0.705280865625 0.42126648749999995 0.7201754421875 0.3799085984375 0.7119995718750001 0.37103839843749997 0.699252765625 0.375380778125 0.6973055671874999 0.3957063140625
0 0.6403645078125 0.35778980625 0.6279597703124999 0.388417725 0.6275510328125 0.3966650875 0.6386108484374999 0.42320150781250004 0.6472697203125 0.41442402968750003 0.6540702859375 0.3799282140625 0.6527323953125 0.3753164109375 0.6567905125 0.3661298890625 0.6542930796875 0.3517272734375 0.6472247109375 0.350537234375 0.6403645078125 0.35778980625
0 0.5818627640625 0.3434624375 0.5726168078125 0.3656662890625 0.568201996875 0.38521082500000003 0.568744634375 0.3948063890625 0.5881955203125 0.3768794765625 0.5955387234375 0.3519792265625 0.597203490625 0.33261139375000004 0.5928331265625 0.3291339984375 0.5818627640625 0.3434624375
0 0.73699445 0.69567750625 0.7261281734375 0.7142272546874999 0.7291904671875 0.72671446875 0.7294062296875 0.7602896671875 0.7499049765625 0.722799675 0.7521644249999999 0.7151380609375 0.7506183671875 0.7020836421875 0.7548548312500001 0.6877181125 0.7530783859375 0.6777320515625 0.740509928125 0.6768954218750001 0.73699445 0.69567750625
0 0.6591575187500001 0.661111615625 0.65890490625 0.6756909375 0.6543339687499999 0.6889035156250001 0.6512570484375 0.7130598578125 0.65617005 0.72613281875 0.6643383265625 0.7098704312499999 0.674104696875 0.7087731109375001 0.68414590625 0.681585503125 0.681261959375 0.66391928125 0.686501840625 0.65301260625 0.6804591125 0.6437704515625 0.67462455 0.6429709109374999 0.6591575187500001 0.661111615625
0 0.61505093125 0.62202175 0.6114091484374999 0.6480934953124999 0.60599091875 0.6641791796875001 0.6060505546875 0.6914224203125 0.6155865375 0.69339345625 0.6204399046875 0.6792231765625 0.6263487328124999 0.670622403125 0.6306594609375 0.646856559375 0.6302133109375 0.6163497140625 0.6219631765625 0.61687983125 0.61505093125 0.62202175
0 0.5426147484375 0.62632015 0.542421771875 0.6681427125 0.5498988765624999 0.6610853890625 0.5595833906250001 0.644255796875 0.572783378125 0.60864411875 0.5693866125 0.595003953125 0.5619837734375001 0.5926609640625 0.5533249 0.6014384421875001 0.5426147484375 0.62632015
0 0.47766740937499996 0.59843475625 0.47687215624999996 0.6034185140625 0.48448316562500005 0.61420411875 0.481584590625 0.633181453125 0.48618534531249996 0.63359049375 0.49620432968749995 0.6179138546875 0.5050117296875001 0.590335746875 0.50649815 0.576146921875 0.503926453125 0.5711446203125 0.47766740937499996 0.59843475625
0 0.9537655203125001 0.333424115625 0.9520931562499999 0.327659359375 0.9462585953125 0.32685981875 0.9385511 0.3369854984375 0.9288221421875 0.376837025 0.9209362999999999 0.3921417140625 0.9231735234375 0.3959910640625 0.9395176656249999 0.388598875 0.946355646875 0.39285726875 0.9548806171875001 0.3662368640625 0.95726636875 0.3512855875 0.953408825 0.34378213125 0.9537655203125001 0.333424115625
0 0.8703274296875 0.3007335140625 0.8563321890625 0.34132894999999996 0.8527944906249999 0.37162200156249997 0.8564438687499999 0.3706828453125 0.8596324687499999 0.375880396875 0.8661581999999999 0.3674748734375 0.8690643687499999 0.373630125 0.8708630375 0.372105221875 0.8814392890624999 0.3293805875 0.8835127921874999 0.30176539375 0.8745416734375 0.297878953125 0.8703274296875 0.3007335140625
0 0.8048614031250001 0.2894374125 0.8013757437500001 0.3218411171875 0.8069875109375 0.350841603125 0.8204401125 0.3006506015625 0.8237029765624999 0.296447840625 0.8207447671875 0.28818193281250004 0.8222311859375001 0.273993109375 0.8160621515625 0.2720406171875 0.8115654796875 0.2758528796875 0.8048614031250001 0.2894374125
0 0.7441224359375 0.27126069375 0.7387042046875 0.287346375 0.742234871875 0.3188294671875 0.7617079796875 0.2893915875 0.76332070625 0.26791310468749996 0.76979439375 0.2573969265625 0.7665017125 0.24797806718749998 0.7609495796875 0.24622082500000003 0.7441224359375 0.27126069375
0 0.2218664515625 0.0103335953125 0.2019254046875 0.0094048265625 0.2006299453125 0.0123374109375 0.19816992656250002 0.036689003125 0.2199843421875 0.01532178125 0.2218664515625 0.0103335953125
0 0.124178928125 0.0520133046875 0.11013164687500002 0.090498090625 0.1027586234375 0.1017767203125 0.096411240625 0.10500323593750001 0.09713222656250001 0.109419790625 0.1172818734375 0.10742040156249999 0.12948604218749998 0.09348245937500001 0.13333599062499998 0.0758533265625 0.1333804375 0.052831390624999995 0.129010071875 0.0493539921875 0.124178928125 0.0520133046875
0 0.07281334843750001 0.1781605390625 0.0636194328125 0.202475040625 0.0641100296875 0.2099599515625 0.0912982265625 0.19552898125 0.0975859734375 0.165059225 0.0970953765625 0.1575743140625 0.09216015 0.1560123203125 0.07281334843750001 0.1781605390625
0 0.04199855625 0.26892842968749997 0.03626625 0.27693063906250004 0.029170173437500002 0.3009929 0.0279512734375 0.30741321093749996 0.04581165625 0.29945381875 0.0580082265625 0.2603832875 0.052017540625000004 0.2532517890625 0.043923531249999995 0.2601138609375 0.04199855625 0.26892842968749997
0 0 0.44664544531250006 0.008508548437500001 0.4373814421875 0.013175971875000001 0.4032575828125 0.0111170953125 0.394229221875 0.006798771875 0.3928624765625 0.0016851953124999998 0.396479490625 0 0.401196609375 0 0.44664544531250006
0 0 0.83750869375 0.013148965625 0.8241796171875 0.01672408125 0.8326407734375 0.0229153375 0.8230822984374999 0.02568760625 0.8113946265624999 0.02594021875 0.796815303125 0.0311280578125 0.7837979749999999 0.032049615625 0.771524553125 0.028861015625000003 0.7663270015625 0.02212711875 0.7662899140625 0.010027035937500001 0.7844491640625 0.0014500234375000001 0.8089589140625 0 0.8144999015625001 0 0.83750869375
0 0.0724594640625 0.623062209375 0.056405346875 0.6546292859375 0.051121018750000004 0.688557896875 0.0473453328125 0.6967867140624999 0.050764321875 0.6989159109374999 0.06774759375 0.680208003125 0.0773800625 0.6612677578125 0.080613109375 0.6434433765625001 0.0828947796875 0.6242707937499999 0.0785244140625 0.6207933953125 0.0724594640625 0.623062209375
0 0.12345315781249999 0.45700781875 0.11851793125000001 0.45544582499999997 0.11084025312500001 0.479193125 0.11030520937499999 0.4947301484375 0.10213693593749999 0.5109925390625001 0.11095193125 0.5085470187500001 0.1295034828125 0.49138256093750005 0.139388565625 0.4578629921875 0.140027690625 0.4465472734375 0.1349883796875 0.44076397343749996 0.12345315781249999 0.45700781875
0 0.15972481875 0.3396955640625 0.15107354374999998 0.3736056296875 0.153875628125 0.375539578125 0.172992040625 0.356459715625 0.1866528078125 0.31471132812499997 0.1832560421875 0.3010711640625 0.1706653609375 0.3117455015625 0.15972481875 0.3396955640625
0 0.20596040625 0.21611305937499997 0.19699688125 0.23735920781250003 0.1975172953125 0.2584657390625 0.21039040937500003 0.2468336984375 0.21945801718750002 0.2298088578125 0.22279514531250003 0.21620577968750002 0.22281737031249998 0.20469481250000002 0.218164575 0.2021751171875 0.20596040625 0.21611305937499997
0 0.23469409843750003 0.127827775 0.2348800421875 0.14778135625 0.2538181046875 0.1338805 0.25971933593749996 0.100147140625 0.25614422187499997 0.0916859828125 0.2453522109375 0.10083541562500001 0.23469409843750003 0.127827775
0 0.18096386250000002 0.0835978546875 0.1641367171875 0.1086377203125 0.16478343906249998 0.12245459218750002 0.168484859375 0.1236260875 0.1805627203125 0.1169778046875 0.19186755312499998 0.103802315625 0.19497429375 0.09326759375 0.1931680296875 0.0696599109375 0.1834537 0.07286788281249999 0.18096386250000002 0.0835978546875
0 0.13542525 0.1854120375 0.138948321875 0.1917625421875 0.136176053125 0.2034502125 0.1279557375 0.21760195000000002 0.129197140625 0.243125034375 0.1333072984375 0.23604916718750002 0.1517325421875 0.2261743703125 0.1526020578125 0.211790296875 0.160279734375 0.18804299687499998 0.15765599531250002 0.1809300421875 0.147785540625 0.1778060546875 0.13542525 0.1854120375
0 0.11003628125 0.2852268328125 0.09472537343750001 0.30969949531249996 0.091239715625 0.34210320156249996 0.0949411359375 0.343274696875 0.0987688625 0.33715653125 0.1135447265625 0.3282208921875 0.12258251718749999 0.297574428125 0.1213188921875 0.2835623109375 0.1157667609375 0.28180506875 0.11003628125 0.2852268328125
0 0.052338510937500006 0.46486575625000004 0.0466156265625 0.49342010937499997 0.06624485937499999 0.470314190625 0.07697723437500001 0.433921515625 0.07340211875 0.425460359375 0.064408775 0.4330848875 0.052338510937500006 0.46486575625000004
0 0 0.657199303125 0.0040504140624999995 0.653765375 0.0206916171875 0.6087719296875 0.013853637499999998 0.604513534375 0.0035744453124999997 0.609636909375 0 0.61807065625 0 0.657199303125