0 0.24268843593749997 1 0.2439066703125 0.9992424109375 0.2580226921875 0.99477374375 0.25865723125 0.984645934375 0.2490012734375 0.981401765625 0.23524332499999998 0.9841224046875 0.21917374218750002 0.9840677109374999 0.1847272921875 1 0.24268843593749997 1
0 0.17662309062499998 0.9398784093750001 0.19367473125 0.937482278125 0.2155445015625 0.9256252796875 0.22205028124999998 0.919642546875 0.22161060937500002 0.914758821875 0.2137344515625 0.9121995234375 0.2013574328125 0.9140371828125 0.190013828125 0.907314884375 0.19553755 0.9037829734375 0.194473890625 0.8996020484375 0.1864542234375 0.90594514375 0.186362065625 0.9087384046875 0.1572295703125 0.9267583171875 0.1602467921875 0.9354626078124999 0.17662309062499998 0.9398784093750001
0 0.161712153125 0.85917953125 0.20222905781249997 0.8511977921874999 0.2171533765625 0.8404398093750001 0.2206313796875 0.8351777968749999 0.2333256671875 0.8282762296874999 0.23127995 0.826546128125 0.22308652499999998 0.8290507343750001 0.1998055734375 0.8290498203125001 0.17732236875000001 0.8321846015625001 0.167921771875 0.8394106765625 0.15064501875 0.8440774515625 0.14338229375 0.8502403671875 0.141285221875 0.8546194015624999 0.1494272921875 0.8582239328125001 0.161712153125 0.85917953125
0 0.17860341875000002 0.761488046875 0.1691725734375 0.7559732328125001 0.16449795312499998 0.7565317015625 0.15233549375 0.76552373125 0.1266810015625 0.7782816328125 0.12275277031250001 0.7880849328124999 0.1274681921875 0.7908423390625 0.17831639531250001 0.7792928406249999 0.2121129578125 0.7701394703125 0.21309501718749999 0.76768864375 0.17860341875000002 0.761488046875
0 0.1895404265625 0.694035659375 0.188343809375 0.689332115625 0.19471663125 0.682826765625 0.18964313593749998 0.6818173875 0.1687146203125 0.6879076828125 0.160746309375 0.6881416437500001 0.1167922046875 0.7047012687499999 0.11371307343749999 0.7115311281250001 0.116423578125 0.715874309375 0.1258136234375 0.7180732484375 0.1399704453125 0.71692045625 0.15524227968749998 0.7138394546875 0.1895404265625 0.694035659375
0 0.1348181765625 0.6272474734375 0.1277292125 0.6372488828125 0.10256574843749999 0.648781371875 0.10353725312499999 0.655755559375 0.10874370468750001 0.657287553125 0.1227675671875 0.65561214375 0.1446781421875 0.647071025 0.16752997187500002 0.632763203125 0.140116784375 0.6259862093749999 0.1348181765625 0.6272474734375
0 0.0816189546875 0.591689840625 0.08285637343749999 0.599709259375 0.0869070078125 0.5998535875 0.133970490625 0.589204990625 0.15076676875 0.576338615625 0.1524649703125 0.5703917328125 0.1355054875 0.56999460625 0.10486965625 0.5789498671875 0.0816189546875 0.591689840625
0 0.1226494078125 0.5226167421875 0.131027146875 0.5145256171875 0.1369497421875 0.5125615531250001 0.1113571578125 0.50978530625 0.0766193375 0.5247053765625 0.06958172968750001 0.5285976484375 0.0673516984375 0.5324540671875 0.0694382171875 0.5375000453125 0.078562346875 0.5386537515625001 0.08791158906249999 0.5375368125 0.11271697968750001 0.527752353125 0.1226494078125 0.5226167421875
0 0.1184067359375 0.45545209687500005 0.103902396875 0.4489279046875 0.05709427500000001 0.4700467453125 0.05895568125 0.47736336875 0.0721304453125 0.4786614 0.11198255937499998 0.468066584375 0.1184067359375 0.45545209687500005
0 0.05819101249999999 0.4049367109375 0.0823210625 0.40196418281249996 0.11696672500000001 0.389837371875 0.1196877859375 0.384755540625 0.110072628125 0.384827246875 0.0969492203125 0.3774200796875 0.078076975 0.3758154640625 0.0720214234375 0.377256909375 0.0604829515625 0.3855461421875 0.0340715171875 0.39848422499999997 0.03201524375 0.40617913593750005 0.034459834375 0.409477084375 0.0419371171875 0.4104685359375 0.05819101249999999 0.4049367109375
0 0.0997744046875 0.31910405000000003 0.07542979375 0.31492220937500004 0.0423493734375 0.320579521875 0.0101483 0.3360042828125 0.0219013328125 0.3348694171875 0.029286459375 0.33865412968749997 0.0366307859375 0.339122965625 0.0775465609375 0.3327090734375 0.0788866890625 0.328510221875 0.09553945625 0.3245462421875 0.0997744046875 0.31910405000000003
0 0.0716267953125 0.25264128750000003 0.05608904375 0.25467705625 0.026077200000000002 0.2629295234375 0.0170346734375 0.26840756875 0.0161855734375 0.2713810109375 0.019294951562500003 0.2772920375 0.029176025 0.27826556406249997 0.0629725890625 0.26911219375 0.07513504531250001 0.2601201625 0.076076303125 0.2543534625 0.0716267953125 0.25264128750000003
0 0.06915337187500001 0.195586525 0.06453010625 0.19003585781250001 0.0549149484375 0.1901075640625 0.031316728125 0.1951705546875 0.0169755953125 0.20190986875 0.0011987796875 0.206052684375 0.0012834140625 0.2206002125 0.01063301875 0.22115610624999998 0.0501270625 0.21230931874999998 0.0790344453125 0.19656005000000001 0.06915337187500001 0.195586525
0 0.055776017187500006 0.13669318749999998 0.039532678125 0.1328000015625 0.0008173125 0.140484065625 0.0009389156250000001 0.1613860171875 0.06083895625 0.1471275765625 0.06747769375 0.1416674578125 0.0610746265625 0.1354319203125 0.055776017187500006 0.13669318749999998
0 0.5946528343749999 1 0.6391062515625 0.9894184328125 0.648244871875 0.9855803062499999 0.6546176953125 0.9790749562500001 0.6199009828125 0.975145 0.585797703125 0.9799372640625 0.5783204203125 0.9789458109375 0.5605934375 0.9881538750000001 0.5582712515625 0.9948035531249999 0.5602240109375 1 0.5946528343749999 1
0 0.7341376109375 0.963471840625 0.734556884375 0.9666976265624999 0.8031979375 0.9503585015624999 0.80529034375 0.9465348421875 0.8170947296875 0.9392908421874999 0.8120212359375 0.9382814625 0.7774269281249999 0.9442991375 0.738638475 0.9590748796874999 0.7341376109375 0.963471840625
0 0.8869646390625 0.9304189078125 0.9552060484375 0.9141749109375 0.954408303125 0.9110392140625001 0.9370091468749999 0.9057583640625 0.9123880671875 0.9099563015625 0.8921243390625 0.9186596781249999 0.884861615625 0.9248225937500001 0.8869646390625 0.9304189078125
0 1 0.5638244 0.9993557828125 0.5639013640625 0.9670731078125 0.5726943734375001 0.9565574937499999 0.58184865625 0.9574881968750001 0.5855069671875001 0.9662950562500001 0.591724578125 0.9823238359375001 0.5884633953125 1 0.5810920015625001 1 0.5638244
0 1 0.4834737859375 0.9490316859375 0.504934490625 0.9467094968750001 0.5115841703124999 0.9492870453125001 0.5154047359375 0.9544934968750001 0.5169367296875 0.9734578968750001 0.5157480828125001 0.9818658828125001 0.520397846875 0.9990504796874999 0.51852433125 1 0.517954853125 1 0.4834737859375
0 0.9711385390625 0.4403659125 0.9965165624999999 0.43598779062500004 0.9985024859375 0.434327359375 0.9934201093749999 0.4143500734375 0.9918222484375001 0.4143803609375 0.9433778343749999 0.4259119359375 0.9288523890624999 0.4382377671875 0.9452694890625001 0.44596944531249993 0.9624540859374999 0.44409592968749995 0.9711385390625 0.4403659125
0 0.925366659375 0.370892940625 0.93133005625 0.37224475468749996 0.9404133828125 0.370082584375 0.9466940484374999 0.3663704953125 0.9720312718749999 0.358676496875 0.977989040625 0.353695196875 0.9752007296875 0.3427351953125 0.963858953125 0.342331078125 0.9471140296874999 0.349088315625 0.9348699671875 0.3514485953125 0.916027971875 0.36258486875 0.9148208 0.36730633749999997 0.925366659375 0.370892940625
0 0.8961448375 0.309674265625 0.9118155453125001 0.3081611109375 0.9504710453125 0.2928627515625 0.9603294296874999 0.2842806109375 0.9581467109374999 0.27570100000000003 0.9539188 0.2748598515625 0.9407848375000001 0.27687769375000004 0.9017712703124999 0.29392408125 0.8913886140624999 0.30360098125 0.8915623734375 0.3074394734375 0.8961448375 0.309674265625
0 0.940224175 0.2210304171875 0.925310409375 0.222363390625 0.8906239453125 0.23117432343750002 0.88135630625 0.238923015625 0.880906078125 0.24346430312499998 0.88548854375 0.245699096875 0.8959936000000001 0.24596982343749998 0.9353546875 0.2366004203125 0.9443564125 0.22780649843749998 0.9440496968750001 0.22344538906250003 0.940224175 0.2210304171875
0 0.8658410765625 0.18109283437499998 0.8894392968749999 0.17602984531250002 0.9212822968750001 0.1623531140625 0.9273176109374999 0.1545211203125 0.9252618828125 0.146440675 0.917917559375 0.145971840625 0.9005078484375 0.150116 0.8607373359375 0.16734256875 0.8567275000000001 0.17051411562500002 0.8563180734375001 0.1783712796875 0.8658410765625 0.18109283437499998
0 0.8647591374999999 0.11373008281250001 0.902698490625 0.10192777812500001 0.9120990890625 0.0947017046875 0.9105922359375 0.088778725 0.8984438499999999 0.085204071875 0.8504391109375 0.10161937031249998 0.844956190625 0.1084671578125 0.8467767953124999 0.1124679015625 0.8528731468749999 0.11434233125 0.8647591374999999 0.11373008281250001
0 0.874356015625 0.050476549999999995 0.8843292453125 0.0486568140625 0.8982715062500001 0.0403496546875 0.8948336046875 0.026836301562499998 0.8815068890625 0.02494099375 0.8441915218749999 0.036040499999999996 0.8405805609374999 0.040779895312499995 0.84141910625 0.047231465625 0.861580125 0.050746365625 0.874356015625 0.050476549999999995
0 0.8041374671874999 0.2667264734375 0.80294085 0.26202293125 0.784907153125 0.2668698859375 0.7816134609375001 0.266545378125 0.775834378125 0.2596070453125 0.7701368984375 0.25930046406249996 0.756010325 0.27319414375 0.7349488515625 0.278761821875 0.726796225 0.2845823046875 0.731859165625 0.2950166953125 0.7619526109375 0.29339598125 0.7904913671875 0.28881975312499997 0.8041374671874999 0.2667264734375
0 0.7941051578125 0.20204850625 0.7739849421875 0.2018494875 0.746018815625 0.21183205312500003 0.7330178109375 0.2143725109375 0.719474421875 0.22424751875 0.72245084375 0.22963593124999998 0.73259783125 0.23165468749999998 0.77583579375 0.2185911203125 0.7834565875 0.21068017499999997 0.79062715625 0.20731051875 0.7941051578125 0.20204850625
0 0.75672015625 0.156075321875 0.7752448828125 0.1500029546875 0.7789888015625 0.145786175 0.7796641421875 0.138974240625 0.76088405625 0.134576365625 0.7551049734374999 0.1276380328125 0.7493561375 0.1334405875 0.7136362593750001 0.1508114828125 0.7104649734375 0.160434603125 0.714556409375 0.16389480781250002 0.7332956953124999 0.16497680625 0.74188799375 0.1640400484375 0.75672015625 0.156075321875
0 0.7278775140625 0.0742585921875 0.7046268109375 0.08699856875 0.7019057515625 0.0920803984375 0.7073781171875 0.094657625 0.7152134734375 0.0939010484375 0.7542164859375 0.08627967187499999 0.76904865 0.0783149484375 0.7719948234375 0.070962471875 0.7547286234375 0.0662042359375 0.7278775140625 0.0742585921875
0 0.6924052734374999 0.0294928953125 0.716443165625 0.0293136296875 0.7303340734375 0.02711560625 0.739775471875 0.023205406249999998 0.7457086187499999 0.011816331250000001 0.7443459953125 0.008661249999999999 0.726103709375 0.00844898125 0.7149503859374999 0.010823965625 0.691525925 0.01972545 0.689561809375 0.0246271 0.6924052734374999 0.0294928953125
0 0.6614183328125 0.43150541093749994 0.6106622875000001 0.440261653125 0.6069183671875 0.44447843281250005 0.6062430265625001 0.4512903671875 0.6176787874999999 0.45521940625 0.658860478125 0.44985074843749995 0.6812620796875 0.4400842140625 0.686253971875 0.43446184062500004 0.6816715078125 0.43222705 0.6614183328125 0.43150541093749994
0 0.6020819562499999 0.3907574734375 0.64812258125 0.3792438265625 0.6587409046875 0.35787126874999997 0.6383955734375 0.3599428921875 0.614347125 0.3695471703125 0.59879881875 0.381007953125 0.5986553078125 0.3899103484375 0.6020819562499999 0.3907574734375
0 0.6108297359375 0.3304773828125 0.6204448921875 0.3304056765625 0.64845181875 0.3237389859375 0.6546916828125 0.3167110171875 0.65461008125 0.310079265625 0.64446309375 0.308060509375 0.6458032234375 0.30386165468750004 0.64250953125 0.303537146875 0.609111840625 0.31425836406249996 0.604038346875 0.31324898437500004 0.595844921875 0.3157535921875 0.591344059375 0.3201505515625 0.5912927031249999 0.3262596875 0.59525118125 0.32919727499999996 0.6108297359375 0.3304773828125
0 0.6500093375 0.2446626484375 0.651973453125 0.239760996875 0.6466340453125 0.2377063875 0.6048283671875 0.2437778421875 0.5713898765625001 0.2511831828125 0.5659991125 0.25523771093750003 0.5650170546875 0.257688534375 0.57013135 0.262013790625 0.5885125640625 0.2648438171875 0.6194143078125001 0.2569337875 0.6449766453125 0.24696914531249997 0.6500093375 0.2446626484375
0 0.6213299 0.1761094234375 0.597690878125 0.1778565359375 0.5696839515625001 0.184523228125 0.5564986328125 0.1926502078125 0.556355121875 0.20155260312499998 0.559914728125 0.2029223421875 0.5874714265625001 0.200796940625 0.6065279828125 0.196815034375 0.618782596875 0.1850297453125 0.6294719703125 0.179713953125 0.6213299 0.1761094234375
0 0.6180481765625 0.12534397656250001 0.5997999187499999 0.1230365640625 0.561952721875 0.13204560781250002 0.55718594375 0.1353973359375 0.5577585734375 0.140803675 0.5615840953125 0.1432186484375 0.584241059375 0.143922359375 0.6170555640625001 0.1372198140625 0.6224463296875 0.1331652890625 0.62138266875 0.12898436093750001 0.6180481765625 0.12534397656250001
0 0.534255340625 0.0610415578125 0.5376306328125 0.0679978171875 0.544974959375 0.06846665156250001 0.60477353125 0.0542323640625 0.61311046875 0.042825364062499996 0.5932153671875 0.040355696875 0.547041784375 0.0513467296875 0.5378663015625 0.0563021609375 0.534255340625 0.0610415578125
0 0.5201104875 0.011753409375 0.5244270359375001 0.0129429703125 0.5500695703125 0.0064006390625000005 0.4990187171875 0.0058066078125 0.49767863749999997 0.0087790546875 0.500880171875 0.011896825 0.506976525 0.013771254687500002 0.5201104875 0.011753409375
0 0.4921632921875 0.3626042671875 0.4766768953125 0.3585309 0.45472552187500004 0.3637561453125 0.43833866875 0.3687653546875 0.4350857796875 0.37175672187500003 0.4338786078125 0.3764781921875 0.44215363593749996 0.380605340625 0.4494979625 0.381074175 0.47523405625 0.374948025 0.49371798125 0.3655597796875 0.4921632921875 0.3626042671875
0 0.4278455796875 0.3180536890625 0.43679594843749997 0.3153689046875 0.472586875 0.3140547703125 0.473794046875 0.3093333015625 0.468188721875 0.30623346093750003 0.48720447812499995 0.298935678125 0.48979257968749995 0.29333123125 0.495582215625 0.2908445515625 0.4899768921875 0.2877447125 0.4722604640625 0.2875277625 0.42697678437500003 0.2988612296875 0.41793425781250004 0.30433927656250004 0.41534615781250006 0.3099437234375 0.4211252390625 0.31688205625 0.4278455796875 0.3180536890625
0 0.471884115625 0.226093965625 0.4736336703125 0.214037946875 0.47777646249999994 0.21138901406250002 0.444470928125 0.21931697187500002 0.42269331093750007 0.22838070937500002 0.41637184375 0.22877692343749997 0.41075596562500005 0.23510209531249998 0.4026954984375 0.23812931406249999 0.3961897203125 0.24411204999999997 0.39613836406249997 0.2502211875 0.4040145203125 0.252780484375 0.45183494687500003 0.24195170937500002 0.471884115625 0.226093965625
0 0.44818601406249997 0.161343378125 0.4203225984375 0.1591076734375 0.3884282421875 0.1788935421875 0.3859730984375 0.185020603125 0.389215434375 0.19145425 0.43449911406249997 0.1801207828125 0.44818601406249997 0.161343378125
0 0.4264928296875 0.095007015625 0.4157218546875 0.0936910578125 0.383081109375 0.1042320921875 0.3657938015625 0.11832388125 0.37019195312500003 0.1261451921875 0.4202832109375 0.114775871875 0.43649630625 0.105928171875 0.437662675 0.097890825 0.43134120937500003 0.098287040625 0.4264928296875 0.095007015625
0 0.42339541875000003 0.03865505 0.420193884375 0.035537281250000004 0.40385838749999997 0.03443735625 0.3703277390625 0.0446359578125 0.3552704640625 0.0548713265625 0.35673299687500004 0.060620099999999996 0.3661230390625 0.0628190390625 0.379164846875 0.06359445625 0.3958176140625 0.059630478125 0.42018333124999996 0.0449622953125 0.42339541875000003 0.03865505
0 0.35770721875 0.581951290625 0.363936528125 0.5843483359375 0.383085240625 0.5775731703125 0.38972397812500004 0.57211305 0.398541390625 0.5689056484374999 0.4013954078125 0.5643464328125 0.39556497031250004 0.5635172359375 0.39374436562500004 0.559516490625 0.3998920734375 0.5552817828125 0.36280181875 0.5641106453125 0.3420470625 0.57403943125 0.3390600875 0.5780760296875 0.3444402984375 0.583446515625 0.35770721875 0.581951290625
0 0.3422327890625 0.5274369859375 0.35224681874999997 0.5289331265625 0.3812358046875 0.5198156109375 0.3972343375 0.5038135406250001 0.395546690625 0.5003354109375 0.3884274796875 0.4975959296875 0.374536571875 0.499793953125 0.36171988125 0.49674789218750004 0.3446576875 0.508569034375 0.33508333125 0.51195661875 0.325099546875 0.5232013640625001 0.32442420625 0.5300132984375 0.332034446875 0.5315273640625 0.3422327890625 0.5274369859375
0 0.37780143125 0.44636164687499996 0.37989850468749997 0.44198261250000004 0.3712654046875 0.43960349687500005 0.37082573124999996 0.43471977187500005 0.35337521875 0.4355480546875 0.33706996875 0.4471890171875 0.3125304921875 0.458018709375 0.31043341875 0.46239774375 0.314166784375 0.467605975 0.3365170296875 0.463948578125 0.3639921265625 0.4551914234375 0.37780143125 0.44636164687499996
0 0.3130334890625 0.406352359375 0.33547589218749996 0.399901703125 0.3585014828125 0.389432371875 0.3650072609375 0.38344963593750003 0.35539210468750004 0.38352134375 0.35067668125 0.3807639375 0.33750191875 0.379465903125 0.311806625 0.38890792812499997 0.28704203281249996 0.40200826406249995 0.287614665625 0.407414603125 0.2929948765625 0.4127850890625 0.306752825 0.41006444999999997 0.3130334890625 0.406352359375
0 0.295412046875 0.3213103 0.2761711796875 0.3308787265625 0.2765186953125 0.338555709375 0.2822569765625 0.34217816874999996 0.3043821109375 0.340791415625 0.31319952500000003 0.3375840140625 0.331141065625 0.33553031718750004 0.3487350890625 0.3257996359375 0.3425163328125 0.3139775796875 0.295412046875 0.3213103
0 0.3310925375 0.259607603125 0.328249075 0.25474180625 0.3347548546875 0.2487590703125 0.2942787546875 0.26005668437499996 0.2781578171875 0.266111125 0.26849130312499997 0.27229196875 0.26857290625 0.2789237203125 0.27417823124999996 0.2820235625 0.3014690140625 0.27885292968750003 0.3135801171875 0.2759700359375 0.32610064843750003 0.2652299765625 0.3310925375 0.259607603125
0 0.31995576875 0.1874328328125 0.297165846875 0.18620650625 0.25837739375 0.2009822515625 0.249866696875 0.2085507609375 0.251196271875 0.2137769171875 0.256177609375 0.21757955624999997 0.2632560203125 0.2170031609375 0.2891250734375 0.21139962968749998 0.30195231875 0.205020678125 0.3200373703125 0.1940645859375 0.31995576875 0.1874328328125
0 0.2635550125 0.14875743125000002 0.278693890625 0.1451538140625 0.30412327031249997 0.1346665578125 0.307468315625 0.1288819296875 0.295091296875 0.13071959375 0.28138470312499997 0.1273310953125 0.235968065625 0.1381419453125 0.22745736875000003 0.14571045625 0.22589212656250002 0.1521799546875 0.22708874375 0.1568834953125 0.23367612656249998 0.1575325125 0.253755540625 0.1544156578125 0.2635550125 0.14875743125000002
0 0.22098466718749998 0.082402228125 0.21385490156250003 0.08908776093750001 0.21264772812500002 0.0938092296875 0.215225278125 0.0976297953125 0.21927591249999998 0.0977741234375 0.25899506875 0.0866566890625 0.27142344375 0.07870989218749999 0.27423665937499997 0.07083480156250001 0.265603559375 0.0684556828125 0.22098466718749998 0.082402228125
0 0.334316484375 0.7992482734374999 0.3068519421875 0.798580415625 0.294914596875 0.8053018015625 0.275991 0.8098063234374999 0.25572727031250003 0.8185096984375001 0.25851937812500003 0.82948463125 0.27623580468750003 0.829701578125 0.3123440015625 0.8233235421874999 0.3215708421875 0.8122589765624999 0.32162219531249997 0.8061498390624999 0.334316484375 0.7992482734374999
0 0.25351976249999997 0.762500165625 0.29969334375 0.751509134375 0.310434071875 0.7400842078125 0.29316787187500004 0.7353259703125 0.2556787453125 0.7425869828125 0.24124545468749997 0.75211955625 0.2435978890625 0.758210765625 0.25351976249999997 0.762500165625
0 0.3000542453125 0.66772925625 0.2818981421875 0.6626285859375 0.2665855046875 0.6623937109375 0.2514466265625 0.665997328125 0.2222733296875 0.6807013640624999 0.22297891875000003 0.6866303171875 0.228451284375 0.68920754375 0.23566265312499998 0.689153765625 0.2726199484375 0.6798022859375 0.28077257499999997 0.67398180625 0.3000542453125 0.66772925625
0 0.284539015625 0.609899075 0.28561322968749997 0.604654990625 0.2782281015625 0.6008702796875001 0.2629154640625 0.6006354046875 0.2598468875 0.5980402515625001 0.25592920937499997 0.5984185390625 0.2486664859375 0.6045814546875 0.226397840625 0.6148706046875 0.21900216249999999 0.62051090625 0.21128921093750003 0.631215109375 0.2204133375 0.632368815625 0.27086266875 0.61925146875 0.284539015625 0.609899075
0 0.2674902046875 0.5302633578125 0.2400256625 0.5295955 0.196869303125 0.5492908187500001 0.192368440625 0.5536877812500001 0.192941071875 0.5590941203125 0.1976564953125 0.5618515281249999 0.2298470125 0.555851778125 0.2489035703125 0.5518698750000001 0.2616492125 0.538859171875 0.2722056265625 0.5330207640625 0.2674902046875 0.5302633578125
0 0.2033054484375 0.4862353953125 0.189854215625 0.49331714218749995 0.184013225 0.5019129578125 0.187971703125 0.5048505453125001 0.19656400000000002 0.5039137859375 0.2245709265625 0.49724709375 0.2412342484375 0.4838581046875 0.2430654078125 0.4784338390625 0.23634506718749998 0.47726220625 0.2033054484375 0.4862353953125
0 0.222957159375 0.42779387968749993 0.23716533437499998 0.4205319515625 0.23859762031249998 0.4135398375 0.2153166703125 0.41353892343750004 0.1748813703125 0.42815241249999997 0.1662377171875 0.4351983078125 0.16578748906250002 0.43973959531249995 0.1722827140625 0.4431818734375 0.1810079703125 0.44276773125 0.194274890625 0.4412725046875 0.2165843375 0.43429923125 0.222957159375 0.42779387968749993
0 0.1937050890625 0.3538343140625 0.1823509296875 0.35653702656249997 0.16004148437500001 0.3635103 0.15086599843749998 0.3684657296875 0.1473879953125 0.373727740625 0.1490756421875 0.377205871875 0.15984661718749998 0.37852183125 0.1941750109375 0.3714589265625 0.21951223125000002 0.36376492968749996 0.22338910781250002 0.360070765625 0.1937050890625 0.3538343140625
0 0.1606063890625 0.2963098015625 0.144301140625 0.3079507640625 0.14549775781250002 0.31265430625 0.150080221875 0.314889096875 0.16094335312500002 0.3134117984375 0.1897072234375 0.306564925 0.205746559375 0.29387873125 0.203925953125 0.289877984375 0.186567596875 0.2879130078125 0.1606063890625 0.2963098015625
0 0.18735761875 0.218441865625 0.16451634375 0.22332467500000003 0.144610684375 0.23028002343749998 0.13343028437499999 0.2368212265625 0.13235607031250002 0.2420653109375 0.13644750625 0.24552551562499997 0.1595955 0.24500381249999997 0.1873773109375 0.2406077671875 0.20248594375 0.2242632625 0.2014222828125 0.22008233281249998 0.18735761875 0.218441865625
0 0.169468846875 0.1733705015625 0.178337615625 0.16405396249999998 0.1661041078125 0.1569892265625 0.14842848125000002 0.16008815468749998 0.12254887656249999 0.1751167 0.1157258265625 0.186163340625 0.1185692890625 0.1910291375 0.1221288953125 0.192398878125 0.1327261109375 0.189876346875 0.1573985453125 0.17956926875 0.169468846875 0.1733705015625
0 0.1553964578125 0.09912319375 0.127880559375 0.1045644734375 0.10975470624999999 0.1122046890625 0.106675575 0.11903454843750001 0.11152395468750001 0.12231457187500001 0.11851020937500001 0.1245314359375 0.1286163953125 0.1232343171875 0.159518140625 0.11532428593749999 0.1708315 0.1093056984375 0.1740435859375 0.102998453125 0.1553964578125 0.09912319375
0 0.5792252296875 0.25042660781250003 0.5706737328125 0.25467924062499997 0.5744479 0.263203346875 0.595417215625 0.26042892812499996 0.6037027984375001 0.2551310640625 0.6022810671875 0.2526981640625 0.5976064453125 0.25325663593750003 0.5883085578125 0.2482644359375 0.5792252296875 0.25042660781250003
0 0.38346159218750003 0.6390069671874999 0.410098140625 0.623798240625 0.3984780671875 0.6254557203125 0.376670203125 0.6217785703125001 0.3463924453125 0.6289858046875 0.3353042 0.6327337484375 0.3256376875 0.638914590625 0.323673571875 0.6438162421875 0.327008065625 0.6474566265624999 0.3398247578125 0.6505026875000001 0.371616403125 0.6429350921875 0.38346159218750003 0.6390069671874999
0 0.5091628140625 0.685019659375 0.538499315625 0.683579128125 0.5641538078125 0.670821228125 0.551510875 0.67161365625 0.539052253125 0.666819565625 0.532025196875 0.6612868265625 0.5296727640625 0.6551956171875 0.52588804375 0.656096521875 0.5119457828125 0.66440368125 0.4892374640625 0.66980910625 0.47858889375 0.678440775 0.480092228125 0.687505425 0.501992246875 0.6883893171875 0.5091628140625 0.685019659375
0 0.4772712875 0.622773678125 0.4868969984375 0.613276959375 0.5033246515625 0.611583625 0.523414621875 0.599041759375 0.5250206656249999 0.5958881359375 0.5218191296875 0.59277036875 0.49813930781250004 0.5912016078125 0.4715541140625 0.6003011953125 0.45475783437499995 0.613167571875 0.46449539531250006 0.6230434921875 0.46778908750000003 0.6233679999999999 0.47371168125 0.6214039375 0.4772712875 0.622773678125
0 0.6856531593749999 0.6529851515625 0.7044438015625001 0.6479580140625 0.715572846875 0.647525946875 0.72947430625 0.635902909375 0.7246259265624999 0.6326228890625 0.7137219953125 0.6307843109375 0.7134152796875 0.6264232046875 0.7205450453125 0.6197376718750001 0.71373255 0.6213593000000001 0.706735740625 0.628567446875 0.6610939890624999 0.6416489421875 0.6578411 0.6446403109375 0.65903771875 0.649343853125 0.6656659 0.653308746875 0.6856531593749999 0.6529851515625
0 0.5939736140625 0.59554844375 0.601768165625 0.591475990625 0.6088465765625 0.5908995953125 0.619126521875 0.5934409671875 0.63324254375 0.5889723 0.6530968453125 0.5881260890625 0.6652079484375 0.5852431953125 0.698738596875 0.575044596875 0.7064001921874999 0.5704495265625 0.69367565625 0.5646102046875 0.66888081875 0.5649696515625 0.655388784375 0.5687355234375 0.6519621359375 0.5678883984375 0.6369562140625 0.5720146328125 0.6324961546875 0.57972746875 0.6023105515625 0.5841414421875 0.5917949390625 0.593295725 0.5939736140625 0.59554844375
0 0.843005346875 0.6183007953125 0.8709201171875 0.6144273640625 0.8969326796875 0.5999214359375 0.89047825625 0.599795034375 0.8835841578125001 0.5947849109375001 0.8600372937499999 0.5937387640625 0.831805253125 0.6026760999999999 0.8144876968749999 0.6040269984375 0.8089639765625 0.607558909375 0.80499494375 0.614046334375 0.8133107734375 0.62148935625 0.8244398187499999 0.6210572890625 0.8299121859374999 0.6236345140624999 0.843005346875 0.6183007953125
0 0.868068928125 0.5369547296875 0.8610418734374999 0.5314219890625 0.8694196125 0.5233308625 0.86888778125 0.5212404 0.8557538203125 0.52325824375 0.8416891546875 0.521617775 0.8207198375000001 0.52439219375 0.8027269406249999 0.5325550265625 0.7917202999999999 0.542934721875 0.79100415625 0.546430778125 0.8067051125000001 0.5576585140625 0.8795968468750001 0.538090509375 0.868068928125 0.5369547296875
0 0.8256012937499999 0.4583812546875 0.80128693125 0.4669403015625 0.78317163125 0.46515550625 0.778312696875 0.4713004953125 0.7633475765625 0.47874260468749996 0.76293815 0.48659976875 0.7676535734375001 0.48935717500000003 0.7944941296875 0.49072783124999997 0.8101648375 0.4892146765625 0.8307352828125 0.484872409375 0.8552853125000001 0.46461770468749997 0.8256012937499999 0.4583812546875
0 0.7918469453125 0.429834575 0.8057892078125001 0.42152741562499996 0.8200381859375 0.4175813640625 0.829623096875 0.40476876875 0.827004746875 0.397632328125 0.83034979375 0.3918477 0.805861671875 0.3965682546875 0.7857717015625 0.40911012187500007 0.7695178078125 0.41464194687499994 0.765282859375 0.42008414062500005 0.7652315046875 0.42619327812499996 0.7693229406250001 0.42965348125 0.7792040140625 0.43062700625000006 0.7918469453125 0.429834575
0 0.7963583640625 0.4160126015625 0.7951617453125001 0.411309059375 0.7890653921874999 0.4094346296875 0.7818026703125 0.41559754531250004 0.7898525843749999 0.42199533906250003 0.7946601624999999 0.421959484375 0.7963583640625 0.4160126015625
0 0.7544422515625 0.361695490625 0.764149565625 0.358830525 0.774163596875 0.3603266671875 0.7752786109375001 0.3583984546875 0.8049323828125001 0.3518940203125 0.82167730625 0.34513678125 0.8237743796875 0.340757746875 0.82124466875 0.333969715625 0.8242351609374999 0.326791446875 0.7893749375 0.3317638875 0.7509445546875 0.344791603125 0.746934721875 0.3479631515625 0.7447454921875 0.355135446875 0.7475889546875 0.36000124218749996 0.7544422515625 0.361695490625
0 0.4508444015625 0.49049808281249996 0.4645509953125 0.49388658124999996 0.47399239375 0.48997638125 0.49157586249999996 0.48967071406249996 0.5072571265625 0.47873255 0.5235110203125 0.47320072187499995 0.527387896875 0.46950655937499997 0.526723109375 0.4668934796875 0.5133337859375 0.458441078125 0.4919247953125 0.45633177343750003 0.4875160890625 0.4579354765625 0.4804784796875 0.46182774687499994 0.4755273890625 0.47076599531249996 0.454639675 0.4801721671875 0.44915675468750005 0.487019953125 0.4508444015625 0.49049808281249996
0 0.5137446265625 0.4095679875 0.5059092734374999 0.410324565625 0.5001709921875 0.40670210781250005 0.5041808249999999 0.40353055937500004 0.5013781625 0.4019806375 0.4815238609375 0.40282684687500003 0.465893953125 0.40765587812500004 0.45155281875000003 0.41439519062499997 0.432485709375 0.42780210781249994 0.43332425468749997 0.434253678125 0.4398194796875 0.4376959546875 0.45130659843750004 0.43551585781249996 0.5137446265625 0.4095679875
0 0.52281315625 0.5398786046875 0.494151996875 0.5345072046875 0.4744306515625 0.53587603125 0.45492386875 0.544399225 0.44828513125 0.54985934375 0.4475689890625 0.5533554015625 0.45268328437500005 0.55768065625 0.4770792484375 0.5557533609374999 0.487891025 0.560385196875 0.494836478125 0.559286184375 0.5090960109375 0.545915121875 0.52281315625 0.5398786046875
0 0.6593592312500001 0.521232171875 0.6655205390625001 0.5181027593749999 0.6984136015625 0.5075016625 0.6950791093750001 0.5038612765625 0.6830601609375 0.5039509109375 0.6685966234375 0.50074259375 0.626750146875 0.5034981734375 0.6084913359375 0.5106157734375001 0.6159172625 0.5177163609375001 0.6431566921874999 0.5206548640625 0.6550321265625 0.5294676265625 0.6593592312500001 0.521232171875
0 0.361048671875 0.9769009000000001 0.36791252343749997 0.9691701374999999 0.38866727968750003 0.9592413499999999 0.38760361875 0.955060421875 0.382530125 0.95405104375 0.33707268749999997 0.9615460203125 0.31400629687500003 0.968699471875 0.30304045625 0.982395046875 0.3020992 0.9881617468749999 0.3054336921875 0.99180213125 0.313800875 0.9931360171874999 0.32315011875 0.9920190796874999 0.361048671875 0.9769009000000001
0 0.3073900828125 0.9142936421875 0.32153635 0.9225658625 0.32301999062500003 0.9094646125000001 0.3518246625 0.9059336171875 0.3617162875 0.8974821296875 0.3746764921875 0.8916257953125 0.36034591250000003 0.8889400953125 0.3563466328125 0.8826866328125 0.350117321875 0.8802895859375001 0.3246063421875 0.8841450906249999 0.29520793125 0.9011197718749999 0.2926198296875 0.9067242203125 0.2948393046875 0.9122928109374999 0.3073900828125 0.9142936421875
0 0.4970537765625 0.9245730921875 0.47911223593749996 0.9266267875 0.466827375 0.9256711890625 0.42251519687499994 0.9439788437500001 0.41676636250000004 0.9497813984375 0.41773786562500004 0.956755584375 0.4275267828125 0.9605223703125001 0.45557451093749995 0.9571715562499999 0.48056421406250005 0.941800575 0.49584660625000004 0.9292945609375 0.4970537765625 0.9245730921875
0 0.58359019375 0.92392773125 0.603403696875 0.9197656468750001 0.62162170625 0.90933216875 0.6369856984375 0.9034579078125 0.6295597703125 0.8963573203124999 0.6175816249999999 0.8997628296875 0.5988423390625 0.8986808296875 0.56718365 0.906771040625 0.545354678125 0.9219439140624999 0.547482 0.93030576875 0.55411018125 0.9342706609375 0.5628354375 0.9338565187500001 0.58359019375 0.92392773125
0 0.7147047046874999 0.9060199515624999 0.7269079640625 0.9003437968749999 0.744317675 0.8961996375 0.76101124375 0.8955515343749999 0.7722429984375 0.8829011921875001 0.780794496875 0.878648559375 0.7763963453125 0.8708272484374999 0.7521333359375 0.873277159375 0.7412807609375001 0.8653294468749999 0.7235945796875 0.8778533859375001 0.709345603125 0.8817994406249999 0.7007019484375 0.8888453328124999 0.68951099375 0.90481155 0.7068285484375 0.9034606500000001 0.7147047046874999 0.9060199515624999
0 0.8528174375 0.83988809375 0.8643756015624999 0.8537647640625 0.8820920296875 0.8539817109375001 0.9069382234375001 0.8475131265625 0.9245216921875 0.847207459375 0.9232177953124999 0.83892673125 0.933533971875 0.8289885234375 0.9339841984374999 0.8244472359374999 0.9292687765625001 0.8216898296874999 0.9139561390625 0.8214549546875001 0.9041672234375 0.8176881687499999 0.8952168531250001 0.8203729546874999 0.8835862234375 0.8314554484375 0.8732141234374999 0.8317073359375 0.8711276046875 0.8266613578124999 0.86907133125 0.8343562671875 0.8528174375 0.83988809375
0 0.87647898125 0.77827503125 0.8960673671875 0.7763835890624999 0.8979906828124999 0.7681660625 0.9104190546875 0.7602192640625 0.9179068921875 0.7517857046875001 0.9293532093750001 0.74628973125 0.9246377875 0.743532325 0.904783484375 0.744378534375 0.8701891765624999 0.7503962078125 0.8513985343750001 0.7554233453125 0.8406170078124999 0.7635323984375 0.8434604703125 0.7683981953125001 0.84109748125 0.771731996875 0.85017025625 0.778994840625 0.87647898125 0.77827503125
0 0.8804508421874999 0.6897557546875001 0.901951990625 0.6890718015624999 0.9112196296875 0.681323109375 0.9304604984375 0.671754684375 0.9053589437499999 0.667753025 0.8928489687500001 0.6690680687499999 0.8779865578124999 0.66429190625 0.8671642296875 0.6690850828125 0.8570172421875 0.667066325 0.8371931874999999 0.6806534234375 0.83473804375 0.6867804875 0.8427879562499999 0.693178278125 0.8711424015624999 0.6941885703125 0.8804508421874999 0.6897557546875001
0 0.7513518046875001 0.6966527515625 0.7334510640625 0.702022325 0.6995728984375 0.704543940625 0.6873801937499999 0.7007950828125 0.66808796875 0.7164726453125 0.6756468546875001 0.7240958484375 0.696524015625 0.7241146890625 0.7085021609375 0.7207091812499999 0.7350360015625 0.717718725 0.7631864390625 0.7021496390624999 0.7513518046875001 0.6966527515625
0 0.7043867875000001 0.81813085 0.7091943671875 0.8180949984374999 0.7133885125 0.809336928125 0.739922353125 0.806346475 0.75889730625 0.79573281875 0.7537830125 0.7914075625 0.735401796875 0.7885775359375 0.7357190671875 0.7835136312500001 0.7329164046875001 0.7819637109375 0.7217360046875 0.788504915625 0.6881645546875 0.7953876390625 0.678631 0.8020911 0.6772908703125 0.8062899531250001 0.7029650562499999 0.815697953125 0.7043867875000001 0.81813085
0 0.5125943578125 0.8405054734374999 0.5173913828125001 0.84989463125 0.5311901328124999 0.8504898671875001 0.5510957890625 0.8435345218749999 0.560618790625 0.846256075 0.5692110890625 0.84531931875 0.5930857781250001 0.831876546875 0.5824477609375001 0.831083203125 0.583521975 0.8258391187499999 0.5898947984375 0.8193337671875 0.58807419375 0.81533301875 0.5673707921875 0.819152671875 0.5577148328125 0.815908503125 0.5522832671875 0.816647153125 0.5425245999999999 0.8256212546875 0.5166963484375 0.8345406640625 0.5125943578125 0.8405054734374999
0 0.47322271718750003 0.8592998890624999 0.47349918750000003 0.8509201093750001 0.4602322671875 0.852415334375 0.45248906875 0.8503786515625 0.4268859328125 0.8570274171875001 0.407951778125 0.8709569484375 0.4066116484375 0.875155803125 0.41021205624999996 0.8798414203125 0.44083733281250004 0.8803111703125 0.4576230578125 0.87686980625 0.46039547187499996 0.865678840625 0.47322271718750003 0.8592998890624999
0 0.40451740625 0.7975029874999999 0.421794159375 0.7928362124999999 0.43595097968749996 0.79168341875 0.446159878125 0.7781680296875 0.45631742031250005 0.770761775 0.4553867171875 0.7671034640625 0.4500473078125 0.7650488515625 0.4522365375 0.7578765578125 0.4448000546875 0.76020098125 0.44296889687499996 0.7656252484375 0.43695414687499995 0.770382571875 0.39038169218749996 0.7798057546875 0.3888058953125 0.7957002656250001 0.3941453046875 0.7977548750000001 0.40451740625 0.7975029874999999
0 0.52866676875 0.7585283171875 0.5532062453125 0.7476986250000001 0.561583984375 0.7396074984375 0.5754340890625 0.7340936 0.574237471875 0.72939005625 0.5693890921875 0.726110034375 0.556122171875 0.7276052609375 0.5469466890625 0.7325606921875 0.5272661453125 0.7372453937500001 0.500946865625 0.7473902156250001 0.4944818875 0.7566888265625 0.49656840625000004 0.7617348046875 0.50368761875 0.764474284375 0.52866676875 0.7585283171875
0 0.4037935375 0.7283922078125 0.42201154843750005 0.7179587296875 0.4332841046875 0.7086242671874999 0.4404652265625 0.695829596875 0.43628163437499995 0.6951626531249999 0.4071596921875 0.7037575546875 0.39166274218749997 0.7091091984375 0.38426706093749996 0.7147495 0.3742938328125 0.7165692359375 0.3684120390625 0.7218491734375 0.3668467953125 0.728318671875 0.373474978125 0.7322835640625 0.3815762484375 0.7325722203125 0.4037935375 0.7283922078125