0 0.022966634375 0.07767910156249999 0.0235494671875 0.0923281171875 0.0198996234375 0.1137261546875 0.028648718750000003 0.1251561234375 0.0331437734375 0.1440693296875 0.035647662499999996 0.14471536093749998 0.048580684375 0.11639193125 0.048331996875 0.10759899531249999 0.044192446875 0.093807653125 0.0442642109375 0.0740015015625 0.04052289375 0.06386359375 0.035116884375000004 0.058918096875000006 0.030023651562499996 0.06056289375 0.026338753124999996 0.06582585156250001 0.022966634375 0.07767910156249999
0 0.1009991203125 0.11822878125 0.1016033171875 0.13214358125 0.11060877031250001 0.134762978125 0.115894275 0.12651025 0.1167838671875 0.11327675625 0.1207464890625 0.098469009375 0.113840671875 0.058369407812499996 0.108434659375 0.053423909375 0.10287910468749999 0.05361791406250001 0.0996992578125 0.0588632359375 0.0962416859375 0.07365334375 0.09547260156250001 0.1000850625 0.1009991203125 0.11822878125
0 0.1710746140625 0.068106246875 0.1690894671875 0.08431187500000001 0.17448780625 0.106860878125 0.178314575 0.114061928125 0.182838665625 0.11463741406250001 0.187071340625 0.1078883890625 0.1884232578125 0.096105684375 0.197265478125 0.08699528906250001 0.19911477187499999 0.09279845625000001 0.2031551765625 0.09265736249999999 0.19937113281250002 0.0839878828125 0.1968672453125 0.083341853125 0.18766349843750002 0.052857582812500005 0.179056278125 0.053891621875 0.1710746140625 0.068106246875
0 0.247692746875 0.0705649625 0.24504533125 0.10953123437500001 0.25114099218749997 0.1254546734375 0.255053215625 0.12971886562499998 0.25820402656249997 0.14281126718749998 0.2602669546875 0.14127229218749998 0.259996903125 0.1332135703125 0.2656669484375 0.1117449859375 0.26830669218750003 0.090382221875 0.264060325 0.0802619515625 0.2640466328125 0.06339265625 0.260241228125 0.055457390625000005 0.256791328125 0.0526439921875 0.2515485515625 0.059428289062499993 0.247692746875 0.0705649625
0 0.3319353828125 0.10576350000000001 0.3392197234375 0.0981744390625 0.3398529546875 0.0937515171875 0.33468194218749997 0.0807296625 0.3293904203125 0.05450958593750001 0.3214805203125 0.0489180578125 0.31783835 0.0527125875 0.315901946875 0.10192258750000001 0.3159506921875 0.1349269625 0.3179281671875 0.13632484375 0.3319353828125 0.10576350000000001
0 0.3902785703125 0.129397503125 0.394824025 0.129238771875 0.39915584375 0.136422184375 0.401304228125 0.1319463515625 0.400892303125 0.11142362187499999 0.40262108906250005 0.10402856875 0.398347340625 0.060169707812499994 0.3929199671875 0.0559584265625 0.3883317859375 0.057585585937499996 0.3840563828125 0.0658030390625 0.3816516390625 0.07908944375 0.3807193203125 0.0937913703125 0.3902785703125 0.129397503125
0 0.46400992499999993 0.092349734375 0.4566905296875 0.0838037125 0.45238774531250003 0.0582825765625 0.445843453125 0.0577776390625 0.44319001875 0.062271109375 0.44129032500000004 0.0755398796875 0.44367972499999997 0.09746049062499999 0.4510555375 0.1214073765625 0.46386038125000006 0.0974892359375 0.46400992499999993 0.092349734375
0 0.509124309375 0.05043354531250001 0.501569915625 0.049963881249999995 0.5004529984375 0.0536702265625 0.49862341250000003 0.09920915625 0.5061701328125 0.11728232812499999 0.5111351859375 0.12004281718750001 0.515624221875 0.104483221875 0.5149849718749999 0.0744333421875 0.509124309375 0.05043354531250001
0 0.56160518125 0.10214406250000001 0.5668830109375 0.111494846875 0.5672171546875 0.1173509234375 0.5759602296875 0.094308090625 0.5709250703125 0.059277440625 0.569118503125 0.05200584375 0.566173653125 0.04917480625 0.561101784375 0.0500853890625 0.5578364828125 0.0582675671875 0.556570021875 0.0671134140625 0.5593790171874999 0.0919532453125 0.56160518125 0.10214406250000001
0 0.623384578125 0.111722171875 0.6328173015624999 0.09965728125 0.6251150171875001 0.052250806250000004 0.6180443109375 0.052497721875 0.613662090625 0.064386246875 0.6135399296874999 0.1032643359375 0.623384578125 0.111722171875
0 0.68373593125 0.06634002343749999 0.6805484125000001 0.089188853125 0.6830796828125 0.12357347187500001 0.6870132703125 0.12710345 0.6892898328125 0.11822233124999999 0.69918488125 0.10760823125 0.7052317953125 0.0905272953125 0.7054027031250001 0.08465357968750001 0.7007153765624999 0.0723483046875 0.69544521875 0.045394012500000004 0.6889863796875 0.04195221875 0.6854083 0.043544103125 0.682690775 0.050240217187500005 0.68373593125 0.06634002343749999
0 0.7512401375 0.12192672499999999 0.7609505859375 0.10031704687500001 0.7638894171875 0.06867527968750001 0.757780065625 0.0358825484375 0.7559444625 0.0469486734375 0.7507230500000001 0.0529987578125 0.7485105765625 0.059677234375 0.7443480109375 0.0986964171875 0.7478192734375 0.10077560156250001 0.747349278125 0.11692831875000001 0.7512401375 0.12192672499999999
0 0.8182058921875001 0.109319671875 0.8201483125 0.094582475 0.8199927515625 0.0652491734375 0.8172401734375001 0.05581020625000001 0.814757646875 0.0544299609375 0.8086543140625 0.056110031250000005 0.8053676484375 0.065026425 0.8054163953125 0.0980307984375 0.8105874078124999 0.11105265312499998 0.8155738234375001 0.1130789296875 0.8182058921875001 0.109319671875
0 0.87041069375 0.11849866718749999 0.8765567531249999 0.11535016875 0.8788333156249999 0.1064690484375 0.8800006328125001 0.083690765625 0.8773975999999999 0.0691122984375 0.877533453125 0.047103503125 0.874567240625 0.04500668125 0.865412240625 0.047526784375 0.8615350718749999 0.0593976734375 0.8599191218750001 0.09759445781250001 0.867124028125 0.127415059375 0.87041069375 0.11849866718749999
0 0.9269336218750001 0.11799177812499999 0.9344102359375 0.10379479062500001 0.937100378125 0.063360090625 0.9339068390625 0.051736115625 0.9295109281249999 0.046755346875 0.9249654734374999 0.046914078125 0.9182502734375 0.052282854687500005 0.916263471875 0.12056479375 0.9195851906250001 0.12778348125 0.926784078125 0.1231312796875 0.9269336218750001 0.11799177812499999
0 0.0094962171875 0.22851051406249998 0.0121206140625 0.24235476718750001 0.018216275 0.25827820468749996 0.02835399375 0.22198423906250003 0.0303040875 0.1896435328125 0.027046459374999998 0.18022220312499998 0.0206303453125 0.175311978125 0.0140356546875 0.19387898125 0.007654596875 0.2051038375 0.0030160140625 0.22580293437500001 0.0055839953125 0.22424632031249997 0.0094962171875 0.22851051406249998
0 0.032313309375 0.311329115625 0.0292052234375 0.2967682859375 0.024368353125 0.289602509375 0.0162661828125 0.29061891093750003 0.012410378125 0.30175558593749996 0.0147493765625 0.3427481328125 0.018469328125 0.35362025468749997 0.019642664062500002 0.3653147765625 0.032049275 0.3377431984375 0.032313309375 0.311329115625
0 0.0050997109375 0.46630779375 0.012817339062499999 0.47850724843750003 0.014893959374999998 0.49383756874999996 0.0192257796875 0.50102098125 0.03123415625 0.46979596875 0.0352044515625 0.4373847140625 0.0379219734375 0.43068860156250005 0.03391060625 0.41249197187500003 0.02846186875 0.409014903125 0.0218748484375 0.409978396875 0.014099146875 0.4344543859375 0.0083940484375 0.439787890625 0.0060961203125 0.449403225 0.0050997109375 0.46630779375
0 0 0.61823490625 0.0065595 0.6415557546875 0.0119655125 0.64650125 0.0156427359375 0.6588418015624999 0.0177911203125 0.65436596875 0.020772678125 0.6212557734375 0.016854435937500002 0.5825187781250001 0.0139736765625 0.577485096875 0.007934434375 0.5769625234375 0.0038299390625 0.5793062625000001 0 0.5860434718749999 0 0.61823490625
0 0 0.7841594749999999 0.0008784749999999999 0.7847804703125 0.0027064046875 0.791317853125 0.0077569109375 0.7911414859375 0.0167700375 0.776157371875 0.018968820312500002 0.752609603125 0.016031643749999998 0.73217505625 0.0122262375 0.7242397921875 0.0056392171875 0.725203284375 0 0.7307102359375001 0 0.7841594749999999
0 0.09357713437500001 0.87616078125 0.0891171328125 0.8733826546874999 0.087061878125 0.8573181203125 0.08220364375 0.8508865578125 0.0781418765625 0.85176186875 0.07136258437500001 0.8593332890625 0.0660770828125 0.8675860156249999 0.0654224859375 0.872743153125 0.0666812765625 0.881500815625 0.06440471406250001 0.8903819359374999 0.067512796875 0.904942765625 0.067441034375 0.9247489171875 0.0760192203125 0.9420526 0.078074478125 0.9581171328125 0.08241396875 0.9476970375 0.0864543734375 0.94755594375 0.089861546875 0.9518377734374999 0.091483515625 0.948113790625 0.0887095734375 0.9394090390625 0.09029046874999999 0.8850771734375 0.093448953125 0.8805660671875 0.09357713437500001 0.87616078125
0 0.16464738437499998 0.861209990625 0.1544609203125 0.8644995828125 0.15022824375 0.8712486078125 0.143577134375 0.8744147421875 0.14609471406250002 0.8919300671875 0.1504478984375 0.8983792656249999 0.148120934375 0.9263323234374999 0.153754271875 0.9408049703125 0.154443921875 0.9517829125 0.16058998124999999 0.9486344125 0.1660600828125 0.9513772671874999 0.166949675 0.9381437703125 0.1731034078125 0.9173917640625 0.170585828125 0.8998764390625 0.17087122500000002 0.8727281437500001 0.16464738437499998 0.861209990625
0 0.2225616484375 0.95160459375 0.2283094765625 0.9448026609375001 0.234939221875 0.9423707390624999 0.24620755 0.9192397218749999 0.2468621453125 0.9140825828124999 0.23604410312500002 0.8697187874999999 0.22743688125 0.8707528281249999 0.22160359999999998 0.88049161875 0.2193270375 0.8893727390624999 0.21663689531250002 0.9298074390625001 0.221807909375 0.94282929375 0.2225616484375 0.95160459375
0 0.3049659703125 0.85924383125 0.30143061718749997 0.8593672890624999 0.29366258749999996 0.8662397687500001 0.2927089046875 0.8816759078124999 0.2989174015625 0.9284010781250001 0.306976846875 0.9288531046875 0.310776234375 0.9023155656249999 0.31068476093749997 0.8707796203125 0.3049659703125 0.85924383125
0 0.354381484375 0.894925090625 0.35189128593749996 0.911148353125 0.354181540625 0.919136528125 0.3609104328125 0.93063704375 0.3617496265625 0.9364754859375 0.3730453359375 0.94708305625 0.3748091765625 0.9558230812499999 0.3831967453125 0.9276583828125 0.38343174375 0.9195820250000001 0.376362690625 0.867752628125 0.370913953125 0.8642755609374999 0.3668308203125 0.8658850843750001 0.3641773890625 0.870378553125 0.3606343625 0.8881055203124999 0.354381484375 0.894925090625
0 0.4444070015625 0.939456771875 0.44784320937500005 0.925400878125 0.44921047031250005 0.8784111578125 0.441599659375 0.8625406296874999 0.43060905624999996 0.8761268609374999 0.4281188578125 0.8923501249999999 0.4293776484375 0.9011077859375 0.427157503125 0.925389771875 0.43903604375 0.9506463578125001 0.4444070015625 0.939456771875
0 0.5004265343750001 0.8868912109375 0.5022544640625 0.89342859375 0.5030432593749999 0.918338971875 0.5077946765625 0.92844160625 0.51534906875 0.92891126875 0.5198167437500001 0.9140858875 0.51778285 0.897287140625 0.5186297171875001 0.8855220734374999 0.5131459234375 0.8659099265625001 0.509169609375 0.8638483765625 0.5033576937500001 0.8728529546875 0.5006828953125 0.8780806374999999 0.5004265343750001 0.8868912109375
0 0.5800382625 0.9251853375 0.5832608359375 0.9184715875 0.584634115625 0.90595466875 0.5787170359375 0.86655400625 0.57249319375 0.8550358546875 0.5689792031249999 0.8544250953124999 0.565842084375 0.8582019875 0.5633946125 0.8729568234375 0.5678179046875 0.9116761828125 0.5735366953125001 0.9232119703125001 0.5800382625 0.9251853375
0 0.6352810375 0.9166550015625001 0.6377071453125 0.9026343812500001 0.6381848140625 0.8688781546875 0.6334333984375 0.8587755203125 0.6294357203125001 0.8574481875 0.6262985999999999 0.8612250796875 0.6234956234375 0.87085805 0.6223847234375001 0.9090371968750001 0.628146240625 0.9191045578124999 0.63216528125 0.9196976796874999 0.6352810375 0.9166550015625001
0 0.7063863421875001 0.917839290625 0.708598815625 0.9111608140625 0.7090901749999999 0.8942738828125 0.70319445625 0.8541390078125 0.7013024359375 0.8498042671875 0.6942958203125 0.8478485390625 0.6895153671875 0.8560836281249999 0.6883480484375 0.8788619093750001 0.6929636125 0.9109733390624999 0.7002616453125 0.9202535749999999 0.7063863421875001 0.917839290625
0 0.7683015921874999 0.90540860625 0.7651447609375001 0.8578433999999999 0.760286528125 0.8514118390625001 0.756224759375 0.8522871484375001 0.7530449124999999 0.85753246875 0.750704259375 0.8686162312500001 0.7521399765625 0.90597298125 0.7563863421875 0.9160932531249999 0.7603412921875 0.9188890171875 0.7683015921874999 0.90540860625
0 0.8204209390624999 0.91752445625 0.826930178125 0.9018943125 0.825978146875 0.8652541406250001 0.822570975 0.8609723125000001 0.8165317328125001 0.8604497390624999 0.8084432515625 0.8783354359375 0.805576184375 0.89017105 0.8047934078125 0.8997334734375 0.8089115937500001 0.9142590296875 0.8142748796875001 0.92067295625 0.8204209390624999 0.91752445625
0 0.8755782609375 0.9119309796874999 0.8807355828125001 0.9080835390625 0.8768387046875 0.8686123296874999 0.8740006734374999 0.862110221875 0.8694979453125 0.860800521875 0.8664035515625 0.8631089875000001 0.8606053265625 0.8889828578125 0.8595020999999999 0.909558496875 0.8680161937499999 0.929064825 0.8721847796875 0.92451844375 0.8755782609375 0.9119309796874999
0 0.9325635140624999 0.912874884375 0.9372798765624999 0.9068424374999999 0.9395991671875 0.8964928890625 0.9390880984375001 0.862037721875 0.934422134375 0.8489982312500001 0.92840425625 0.84774144375 0.9247834484374999 0.8508017593750001 0.9233170421875 0.8838590421875001 0.9252868453125 0.9028604343750001 0.9285658375000001 0.9115475484375001 0.9325635140624999 0.912874884375
0 0.6270907015625 0.781982834375 0.63163615625 0.7818241046875001 0.6316438296875 0.7642205953125 0.632739384375 0.7612484640625 0.6404219578125 0.757312840625 0.642086653125 0.75212043125 0.632960690625 0.7363028125 0.6330538171875 0.7157624453125 0.6297748249999999 0.70707533125 0.6191046734375 0.7096483453125 0.6132423578124999 0.737724859375 0.6104317078125 0.7649613390625001 0.6270907015625 0.781982834375
0 0.6880309046875001 0.7857225031249999 0.6931104453125 0.7672084140625001 0.690891953125 0.7394140874999999 0.691760184375 0.7269148046875 0.6861268468749999 0.7124421578125 0.6805285640625 0.714104590625 0.6762317999999999 0.7230562578125 0.6775179703124999 0.765552509375 0.682817165625 0.7741690765625 0.6841186828125 0.7814583109375 0.6880309046875001 0.7857225031249999
0 0.7387145359375 0.7604816046875 0.7396956 0.778784053125 0.7425977234375 0.7830835203125 0.7485942390625 0.785074521875 0.7571450421875 0.7686396171875 0.7648276171874999 0.7647039953125 0.7609794859375001 0.7582371593749999 0.7539668484375001 0.7218086265625 0.7460355859375001 0.7169513140625 0.741909728125 0.7200292671875 0.7363678625000001 0.7370925640625 0.7351227640625 0.745204196875 0.7387145359375 0.7604816046875
0 0.8197362515625001 0.7503175796875 0.8138755890624999 0.7263177828125 0.8099420015625001 0.7227878046875 0.8062784671875001 0.7273165484375 0.80505473125 0.734693965625 0.8024500437500001 0.772191809375 0.806041815625 0.78746921875 0.8119742406249999 0.7916628640625001 0.8204823187500001 0.7766963890625 0.8197362515625001 0.7503175796875
0 0.8764361078125 0.7784097812499999 0.8791322671874999 0.77244788125 0.8802568578125 0.751138028125 0.8779101859375 0.7277489874999999 0.8739552343750001 0.7249532234375 0.8688620031250001 0.7265980203125 0.8631705953125 0.74880081875 0.8617759515625 0.7620519515625 0.863013378125 0.7715438296875 0.8718692890625 0.779302725 0.8764361078125 0.7784097812499999
0 0.9402877593750001 0.7167690953125 0.9385239171875 0.7080290687499999 0.9330751812500001 0.704552 0.9259617453125 0.70626734375 0.922234121875 0.7129987296875 0.9209676578125 0.7218445765625 0.922403375 0.759201328125 0.9287340328125 0.7670484078124999 0.9365234265625 0.7594417124999999 0.9402877593750001 0.7167690953125
0 0.512812378125 0.6172757984375 0.5172526687500001 0.568711828125 0.514350546875 0.5644123624999999 0.50835403125 0.5624213609375001 0.5020157000000001 0.5721777890624999 0.4968430328125 0.6112322453125001 0.50022116875 0.6338517968749999 0.5040906656249999 0.6395844187499999 0.5072277859375001 0.6358075265625 0.512812378125 0.6172757984375
0 0.5641155484375 0.5707426828125 0.563317428125 0.6155121234375 0.580061875 0.6295967625000001 0.583142578125 0.6104190046875 0.5803122203125 0.5863133875 0.573732871875 0.5696733703125 0.565716153125 0.5677529140625001 0.5641155484375 0.5707426828125
0 0.6165049484375 0.5909172546875 0.6142283843749999 0.599798375 0.6134379375 0.6269643078125 0.6182748078125 0.634130084375 0.6242926859375 0.635386871875 0.6285894515625 0.62643520625 0.632060715625 0.628514390625 0.63315626875 0.625542259375 0.6315923734375 0.5925907953125 0.6337407546875 0.5881149625 0.633470703125 0.580056240625 0.6305899453125 0.5750225609374999 0.625077115625 0.5737481375 0.6214563078124999 0.5768084499999999 0.6165049484375 0.5909172546875
0 0.6845782953125 0.6442836765625 0.6885332453124999 0.647079440625 0.691691728125 0.642568334375 0.6963807078124999 0.6027973 0.6978257515624999 0.5704742296875 0.69547140625 0.5646886984374999 0.69349393125 0.563290815625 0.6883366093750001 0.56713825625 0.68130095625 0.5835202500000001 0.6809301062500001 0.613605403125 0.6837177375 0.63917945 0.6845782953125 0.6442836765625
0 0.753564253125 0.6316060765625 0.757740509375 0.6094561890625 0.7585309578125 0.5822902562500001 0.7543914078125 0.5684989125000001 0.746374690625 0.566578459375 0.744269034375 0.5695858640625 0.739480909375 0.5954244609375 0.7384417734375 0.61379745625 0.746116675 0.6274653421874999 0.748321475 0.6383903734375 0.753564253125 0.6316060765625
0 0.8002775874999999 0.6387764328125 0.8068081890625001 0.6224120734375 0.8078763609375 0.5857013546875 0.8060057046875 0.5806324015625 0.8009765625 0.5800745546875 0.79786080625 0.5831172328124999 0.7917070734375 0.603869240625 0.78977834375 0.6354757328125 0.7921326875 0.6412612640625001 0.7961730921875 0.6411201703125 0.8002775874999999 0.6387764328125
0 0.8788397953124999 0.5744216359375 0.8717263609374999 0.57613698125 0.8695138874999999 0.5828154578125 0.867826175 0.6408183937499999 0.8761129437499999 0.6507975703125 0.883191325 0.6329471468750001 0.8844944953124999 0.5881600687499999 0.8822469671875 0.5787034656250001 0.8788397953124999 0.5744216359375
0 0.932715309375 0.6128810234375 0.941159296875 0.6001171890625 0.9423479765625 0.5766046921875 0.940442265625 0.5554006578124999 0.935014890625 0.5511893765625 0.9314154468750001 0.553515478125 0.9282355984375 0.5587607984375 0.9268623187499999 0.5712777171875 0.9247353 0.5750193359375 0.9243217218750001 0.6065729171875 0.9276648046875 0.6130573906250001 0.932715309375 0.6128810234375
0 0.6163450203124999 0.4750348390625 0.6238002687499999 0.46157206406249995 0.624419809375 0.44027984687500005 0.62387970625 0.4241624046875 0.6219663203125 0.42056188125 0.6179900078125 0.41850033125 0.6122421796874999 0.4253022640625 0.6100297078125 0.4319807421875 0.60930335 0.45694403125000005 0.6132933546875 0.47587487343749996 0.6163450203124999 0.4750348390625
0 0.6723004640625 0.42467191875 0.6725491515625001 0.43346485625 0.665022140625 0.46673378125 0.6689984531250001 0.46879532968750004 0.6731670390625 0.46424895 0.6751368421875 0.483250340625 0.6795754781250001 0.48676268125 0.680414671875 0.4926011234375 0.6845832578125 0.48805474374999996 0.6890936562500001 0.4717609328125 0.6898704140625 0.42772570468750004 0.6871178359375001 0.41828673906249997 0.6826791984375 0.4147743984375 0.6749966234375 0.41871002187500006 0.6723004640625 0.42467191875
0 0.74474835625 0.4837533265625 0.7552262375 0.48778824062500004 0.7566132078125001 0.492140615625 0.7575532 0.45983518281249997 0.75465875 0.437932209375 0.7558397578125 0.4320232203125 0.751486575 0.425574021875 0.7507114734375 0.4175329375 0.746884703125 0.41033188750000005 0.741371875 0.4090574625 0.7371391984375 0.4158064859375 0.7352882515625 0.46207962968749994 0.74474835625 0.4837533265625
0 0.8090820421875 0.47490552968750005 0.8178892078125 0.44966005156250005 0.8077608156249999 0.41627419843749996 0.802817128125 0.41277949375 0.7962087453125 0.41447720156249995 0.7954319875 0.45851242656249996 0.8090820421875 0.47490552968750005
0 0.8743617390624999 0.46822510156249997 0.8781748171875 0.4585568578125 0.8765895562500001 0.4263396078125 0.868054096875 0.40756749531249997 0.8599092 0.4100523265625 0.857994159375 0.4585281125 0.8620482546874999 0.4752563140625 0.8690335093750001 0.47794625625 0.8702145171875 0.47203726718750005 0.8743617390624999 0.46822510156249997
0 0.9260828515625 0.47668751875000004 0.9296822953125 0.47436141718749997 0.93465501875 0.4595183984375 0.9335961734374999 0.42654929687500004 0.9280055624999999 0.41060822343750003 0.9224500078125001 0.41080222656250004 0.9181746046875 0.419019678125 0.9142974374999999 0.4308905671875 0.913827440625 0.44704328281250005 0.9211605281249999 0.47245859843750004 0.9260828515625 0.47668751875000004
0 0.45070108906249995 0.30698725 0.44701619062500003 0.31225020937500003 0.4484809421875 0.3312692359375 0.4518026625 0.338487921875 0.4525564015625 0.34726322187499997 0.4559849390625 0.3508108359375 0.458154684375 0.3456007890625 0.46221645312500004 0.3447254796875 0.46454943281250005 0.351245225 0.46559624218750006 0.31526872031250003 0.46167032812500003 0.294135234375 0.4587468421875 0.2905699828125 0.45257941874999996 0.2944526953125 0.45070108906249995 0.30698725
0 0.50377411875 0.3036669625 0.49998240312500003 0.31260099218750004 0.50116943125 0.34116480781249997 0.51174645625 0.3591321578125 0.5153031734375 0.3582744875 0.5195144843749999 0.3522596765625 0.520909128125 0.33900854375 0.5267851359375 0.327801325 0.5202485140625 0.3096928796875 0.5195161374999999 0.30018336562500003 0.5117771453125 0.2887181234375 0.5057806296875 0.286727121875 0.5025580546875 0.293440871875 0.50377411875 0.3036669625
0 0.5684402937499999 0.35275155625 0.5718901921875 0.35556495625 0.5761442328124999 0.34808171718750003 0.5806683234375 0.3486572015625 0.5841686203124999 0.33239866406249996 0.5776106375000001 0.315024434375 0.573791540625 0.290219875 0.5703416406249999 0.287406475 0.5647219953125 0.2898031234375 0.562587303125 0.31114825 0.5638170578125 0.338243634375 0.5684402937499999 0.35275155625
0 0.620398059375 0.3010613015625 0.62076725625 0.3230524609375 0.6246290812499999 0.3463885890625 0.6284558484375 0.353589640625 0.6307324140625 0.3447085203125 0.6343745843749999 0.340913990625 0.6387568031249999 0.32902546718750003 0.6364742203125 0.3034337828125 0.6306562859375 0.2779655578125 0.62562714375 0.2774077109375 0.6194597203125001 0.2812904234375 0.618570128125 0.29452392031249996 0.620398059375 0.3010613015625
0 0.7016043734374999 0.30189285625 0.69763573125 0.2822277984375 0.6906077515625 0.28100628437499997 0.6859341171875 0.2855703015625 0.6818005859375 0.3062517609375 0.682554325 0.3150270609375 0.6800427640625 0.3319845390625 0.6845591828125001 0.35016353125 0.6967658484375 0.346803390625 0.7016043734374999 0.30189285625
0 0.748721959375 0.34718945 0.7538151921875 0.345544653125 0.7576419609375 0.352745703125 0.7572804359374999 0.3131510359375 0.75573023125 0.29706886718750003 0.752493965625 0.2869133234375 0.7464760874999999 0.285656534375 0.7423075015625 0.290202915625 0.738529478125 0.31600623906249997 0.7381876625 0.32775366875 0.7448524640625 0.341456828125 0.748721959375 0.34718945
0 0.8167115078125 0.3514164171875 0.823370290625 0.3306467734375 0.819452046875 0.291909778125 0.8146792671875 0.282541359375 0.8096287625 0.2827177265625 0.8049764906249999 0.286547528125 0.80377411875 0.29319073125 0.8025427109375001 0.3181716578125 0.805188471875 0.331281696875 0.810693628125 0.3501596296875 0.8167115078125 0.3514164171875
0 0.865425334375 0.307174128125 0.8649980656249999 0.321858415625 0.8682907500000001 0.347414825 0.8727080234375 0.3516613796875 0.8740599390625 0.33987867656250004 0.8804623609375 0.32791960625 0.8817441671875 0.28386674218749997 0.8769713875 0.274498321875 0.8715012859375 0.27175547031249997 0.86695583125 0.2719142015625 0.8647647218750001 0.2778584625 0.8626941203125 0.297000946875 0.865425334375 0.307174128125
0 0.9358059359374999 0.2812453953125 0.9314954796875 0.27332776875000003 0.9275191640625 0.27126621875 0.923436034375 0.27287574062500003 0.9223191156249999 0.2765820859375 0.9227020046875 0.315442540625 0.9268629171875 0.3284996671875 0.9333003921874999 0.33267567656249997 0.93755443125 0.32519243750000004 0.9358059359374999 0.2812453953125
0 0.259865415625 0.24177147968749998 0.267157428125 0.2165789125 0.2639852546875 0.20422072500000002 0.26451934062500004 0.185865365625 0.2615821640625 0.1654308203125 0.250976103125 0.1658011921875 0.246465703125 0.182095003125 0.24344141874999997 0.216673625 0.251201775 0.2274046546875 0.2567146046875 0.22867907812500002 0.259865415625 0.24177147968749998
0 0.3127768640625 0.1746450859375 0.31147369375 0.21943216406250002 0.319191321875 0.231631621875 0.32769940000000003 0.2166651453125 0.33026136093749997 0.1806357296875 0.3251544359375 0.1654112328125 0.31907246875 0.1663570875 0.3127768640625 0.1746450859375
0 0.3871595046875 0.23659280468750002 0.396193996875 0.2208744765625 0.40013525625 0.2068009453125 0.40056252499999995 0.1921166578125 0.3943677203125 0.1622607828125 0.388833528125 0.161720571875 0.38516999375 0.166249315625 0.3834625703125 0.17291015468749998 0.3829208109375 0.20886902499999999 0.386199803125 0.2175561390625 0.3871595046875 0.23659280468750002
0 0.44324147500000005 0.23390090937500002 0.4477228390625 0.235944821875 0.4529442515625 0.2298947390625 0.45688551093749996 0.2158212078125 0.4599799046875 0.2135127453125 0.460591771875 0.2098240375 0.456786365625 0.20188877187499998 0.45290317812499997 0.1792868578125 0.4496028234375 0.17133395625 0.44179974062499994 0.16207135781249998 0.4385344390625 0.17025353593749998 0.4381131890625 0.2194106265625 0.44324147500000005 0.23390090937500002
0 0.519418646875 0.23417461718750002 0.5267106609375001 0.20898205 0.5194066109375 0.1652290109375 0.5165258515625 0.16019533125000002 0.5114967109374999 0.1596374859375 0.5078545390625 0.16343201406250002 0.505442121875 0.1943219296875 0.5044029859375 0.212694925 0.513066625 0.22706175156250002 0.5157764765625 0.23796914687499998 0.519418646875 0.23417461718750002
0 0.574869040625 0.183829334375 0.571739590625 0.17000271875 0.5653875703125 0.16288985312499998 0.5617667625 0.1659501671875 0.5605216625 0.1740617984375 0.5597312156250001 0.20122773125 0.5677829875 0.21928326718750002 0.5722429890625 0.22206139375 0.5749391484374999 0.2160994953125 0.574869040625 0.183829334375
0 0.622940309375 0.21368978906249997 0.62604839375 0.2282506203125 0.632023546875 0.23097583593749998 0.637693590625 0.2095072515625 0.6343231281249999 0.169284190625 0.6300553984375 0.159898134375 0.6260577203125 0.15857079999999998 0.621362721875 0.16386903125000002 0.6196125718750001 0.1719982984375 0.6177342421875001 0.1845328546875 0.618608490625 0.20650637500000002 0.622940309375 0.21368978906249997
0 0.6969554078125 0.20157003750000002 0.6972758609375 0.190556821875 0.6964016125 0.1685832984375 0.6941540859375 0.1591266953125 0.6902418625 0.154862503125 0.6866851453125 0.155720175 0.6828720671874999 0.16538841875000002 0.680900609375 0.19846334062499998 0.6816894046875001 0.2233737203125 0.6840864765625 0.227690821875 0.6969554078125 0.20157003750000002
0 0.7570427265624999 0.18260196875 0.75048474375 0.1652277375 0.7459392890625 0.16538646875000002 0.74280216875 0.1691633609375 0.7414929796874999 0.1794776359375 0.7406811671875 0.2073777828125 0.7482492546875 0.224716740625 0.7523110203125001 0.22384143281250002 0.758315209375 0.208228925 0.7570427265624999 0.18260196875
0 0.8209551625 0.22291126249999998 0.822101115625 0.20086719375 0.820657728125 0.18111395156250001 0.8174641906250001 0.1694899796875 0.812982825 0.1674460671875 0.8088569671875 0.17052401875 0.803691971875 0.1919749671875 0.8009026859375 0.21847723281250003 0.8120061265625 0.23569273281249997 0.8160465296874999 0.2355516390625 0.8209551625 0.22291126249999998
0 0.866075565625 0.215467875 0.8723421328125 0.2255176 0.8817107671875 0.21565535156250001 0.8832122281249999 0.19873314687500002 0.8759218671875001 0.17184940312500002 0.8675923703124999 0.163338653125 0.8624991390625001 0.1649834515625 0.8603934828125 0.16799085625000001 0.8600943937500001 0.1782698578125 0.863408440625 0.203092053125 0.866075565625 0.215467875
0 0.9366544546875 0.21740401718750002 0.938433640625 0.190937025 0.935937425 0.1726874859375 0.9305100484375 0.1684762046875 0.926362828125 0.1722883703125 0.9226565656249999 0.17828554218749998 0.921368740625 0.187865603125 0.9209978890625001 0.2179507578125 0.9236863765625 0.229592365625 0.9286087015625 0.233821284375 0.9366544546875 0.21740401718750002
0 0.696602015625 0.577851646875 0.6948381765625 0.5691116218750001 0.6862095890625 0.5708798749999999 0.683612575 0.5907742109375 0.686386515625 0.5994789625 0.6889331328125 0.5986565640625 0.6895663640625 0.594233640625 0.6963456546875 0.5866622203125 0.696602015625 0.577851646875
0 0.39282624374999997 0.319276840625 0.40009524062499996 0.3468948 0.4014257921875 0.3358463109375 0.4100620515625 0.31647455 0.41091658906250006 0.2871059734375 0.41022693906249996 0.27612803124999996 0.406990675 0.2659724859375 0.40303572499999996 0.2631767234375 0.39893123125 0.26552046093750004 0.39305522187499997 0.2767276796875 0.39215795781249996 0.307564684375 0.39282624374999997 0.319276840625
0 0.3206007125 0.4259515203125 0.314759759375 0.4532938203125 0.32005128125 0.479513896875 0.3224132984375 0.46769592031249996 0.3297830953125 0.457170003125 0.33649829531250003 0.4518012265625 0.342580265625 0.4508553703125 0.34268708281250004 0.447184296875 0.33856889687499997 0.432658740625 0.3392098 0.41063230937500006 0.333996059375 0.399078884375 0.32543156562500003 0.39864449375 0.3192991953125 0.41866228593750004 0.3206007125 0.4259515203125
0 0.3846643453125 0.40904500156249995 0.39090955 0.41982893906249996 0.388440715625 0.4353179890625 0.39489188125 0.45636329218749994 0.3973530453125 0.45847775156250004 0.4009524875 0.4561516515625 0.4081376859375 0.43463015625 0.40638151718750004 0.40828662187500003 0.398834796875 0.39021344999999996 0.3875314140625 0.39720938906250003 0.386435859375 0.40018151875 0.3867700015625 0.40603759687499996 0.3846643453125 0.40904500156249995
0 0.306596209375 0.595138290625 0.3065671734375 0.613476015625 0.30424788281250004 0.6238255640625 0.31137500625 0.6389795140625 0.31552222812499997 0.6351673484375 0.31984035781250003 0.6254814671875 0.3238593984375 0.6260745859375 0.3281698546875 0.633992215625 0.32836212656249997 0.6273842859375 0.32354661875 0.6194842953124999 0.32282958906250003 0.5747677640625 0.320916203125 0.5711672390625 0.3163707484375 0.5713259703125 0.3111706984375 0.5766418375 0.306596209375 0.595138290625
0 0.3808693234375 0.5221316546875 0.3826545265625 0.5301374671875 0.3814521546875 0.53678066875 0.3766503375 0.5457499718750001 0.377254534375 0.559664771875 0.37318509375 0.5781435890625 0.3728432796875 0.5898910203125001 0.373902125 0.6228601203124999 0.3761923796875 0.63084829375 0.38457227656250004 0.6202871046875 0.3902850484375 0.5973500921875 0.390164540625 0.58415186875 0.3917651453125 0.5811621015624999 0.3916873640625 0.56649545 0.38579766718749997 0.560833375 0.3891560921875 0.53211083125 0.3834373015625 0.5205750421875 0.3808693234375 0.5221316546875
0 0.2996487203125 0.7472088546875 0.29635438281250004 0.7737287546875 0.30313969375 0.8006301375 0.304825753125 0.7947035125 0.31103590312499996 0.7893523703125 0.31771604999999997 0.7678485125 0.316507659375 0.7400189125 0.31950290625 0.7237780109374999 0.3176536125 0.71797484375 0.312752653125 0.713011709375 0.3039958859375 0.71918525 0.3016765953125 0.7295347984375 0.2980130609375 0.7340635421874999 0.2996487203125 0.7472088546875
0 0.367117871875 0.7866604765625 0.3738330734375 0.781291696875 0.37911090468749997 0.7906424796875 0.38113110625 0.7905719328124999 0.3825043859375 0.778055015625 0.38741301875 0.765414640625 0.39001003437500004 0.745520303125 0.387008765625 0.7272884015625001 0.3803012390625 0.715053671875 0.3773136625 0.7136910640624999 0.3633354828125 0.7259146859375 0.36328343125 0.7970629359375 0.367117871875 0.7866604765625
0 0.44852413125 0.7632805921875 0.44670387187499994 0.7391397015625001 0.4527294234375 0.7227929796875 0.44835487656249995 0.717077996875 0.4452681546875 0.7017829515625 0.43826153906250004 0.6998272234375 0.43461936874999996 0.703621753125 0.42684366718750005 0.7280977421875 0.4243961953125 0.7428525765625 0.42331433125 0.762694003125 0.435655196875 0.789401378125 0.44852413125 0.7632805921875
0 0.48256245781249996 0.7378874921875 0.48668064375000003 0.7524130484375 0.4867797875 0.7663454859375001 0.49603393125000006 0.7777578187499999 0.503126003125 0.7767766890625001 0.5075432765625 0.7810232453125 0.5092370078124999 0.7574931109375 0.502785840625 0.7364478078125 0.5017406859375 0.7203480015625 0.497849825 0.7153495953125 0.49233699687500004 0.7140751703125 0.4882111390625 0.717153121875 0.484924475 0.726069515625 0.48256245781249996 0.7378874921875
0 0.49396498437499997 0.744823990625 0.4985104390625 0.7446652593749999 0.5016902859375 0.7394199390625 0.49788488124999997 0.7314846734375 0.49013821562500004 0.737622940625 0.4889999328125 0.7420635 0.49396498437499997 0.744823990625
0 0.5532985640625 0.717080625 0.5535258890625 0.726607775 0.549734175 0.7355418046875 0.5512066 0.7369573218750001 0.549868375 0.765609321875 0.5519022671875 0.78240806875 0.555352165625 0.7852214671875 0.5621075375 0.784252096875 0.5678716125000001 0.7884516203125 0.5718632703125001 0.755306153125 0.5694388171875 0.7172504625 0.5675467953125 0.7129157234375 0.5615930062500001 0.7094562921875001 0.556499775 0.7111010875 0.5532985640625 0.717080625
0 0.5107347015625 0.41124374374999995 0.5043322796874999 0.42320281406250004 0.50556970625 0.432694690625 0.5015643578125 0.44897086562500005 0.507638653125 0.4656285171875 0.508683809375 0.481728325 0.5110808796875 0.4860454265625 0.5136061328125 0.48595724375 0.5245112828125 0.47530787031250005 0.5316323890625 0.45598901875 0.53125551875 0.45160136875 0.5294489515625 0.444329771875 0.522570515625 0.4379687578125 0.5191496515625 0.41681763437499997 0.5142914171874999 0.410386071875 0.5107347015625 0.41124374374999995
0 0.5686139109374999 0.4855032671875 0.569837646875 0.47812584999999996 0.5745112828125001 0.47356183124999995 0.576403303125 0.477896571875 0.5784875953124999 0.47562338125 0.5825570359375 0.4571445640625 0.5819955671875 0.44176133437500004 0.5793925328125 0.42718286718750004 0.571909903125 0.40690705312500003 0.565870659375 0.4063844796875 0.5611756609375 0.41168271093750003 0.560350159375 0.4227135640625 0.5686139109374999 0.4855032671875
0 0.44854774375 0.46769201718750003 0.46038521250000003 0.44234072031249994 0.463949603125 0.42387954062500005 0.46099106250000005 0.4041792078125 0.45766934375 0.39696052187499997 0.4546817671875 0.3955979140625 0.44952444375 0.399445353125 0.44532682343749996 0.42232945624999996 0.43850480625 0.43136930781249994 0.4378074859375 0.4379948734375 0.446428396875 0.453830128125 0.44854774375 0.46769201718750003
0 0.43216151406250003 0.59735466875 0.433491515625 0.6036649515625 0.4350696546875 0.6361269375 0.4391741484375 0.6337832015625 0.442019853125 0.6226818015625 0.44844363906250007 0.609988515625 0.4561415578125 0.5708458750000001 0.454150390625 0.5525787 0.4459200390625 0.5580003875 0.4366291875 0.5825292875 0.425766765625 0.5917102328125 0.43216151406250003 0.59735466875
0 0.09268000781249999 0.23073994999999997 0.09800056406249999 0.2386223046875 0.101926478125 0.259755790625 0.1059668828125 0.259614696875 0.108115265625 0.25513886406249997 0.1124060125 0.21171439374999998 0.111553128125 0.18900665781249998 0.10183666093749999 0.1761435328125 0.0968502453125 0.174117259375 0.0927457515625 0.17646099531249998 0.08950181406249999 0.1839089609375 0.08823535 0.19275480625000002 0.09268000781249999 0.23073994999999997
0 0.1623709578125 0.193833275 0.1514444453125 0.2052168625 0.1629324265625 0.2092165046875 0.159111675 0.23648825625 0.1643467796875 0.24730746875 0.16648749062499998 0.26043514375 0.1724062234375 0.24775949531250002 0.17903597031250001 0.245327575 0.18272086875 0.2400646171875 0.1854460640625 0.21576499531249999 0.1772524203125 0.1852454515625 0.17281378281249998 0.1817331109375 0.167236865625 0.18266132968749998 0.1623709578125 0.193833275
0 0.106888221875 0.3666689046875 0.109399784375 0.349711425 0.1132555890625 0.33857475312499996 0.1074880515625 0.2940345890625 0.1036399203125 0.287567753125 0.09709562656250001 0.2870628171875 0.0913050734375 0.2953331796875 0.0875056859375 0.32187071875 0.09532246093749999 0.34800261250000003 0.10291190937500001 0.3646073546875 0.106888221875 0.3666689046875
0 0.0863991515625 0.44659898125 0.08533865 0.4657061921875 0.09033875625 0.4846017625 0.091910325 0.49994971718750003 0.1001406765625 0.4945280296875 0.0999774421875 0.48279823437499997 0.10551930624999999 0.4657349359375 0.105911521875 0.43491556875 0.0975042421875 0.4117381703125 0.089423434375 0.4120203578125 0.08422338593749999 0.417336225 0.0824732359375 0.4254654953125 0.0863991515625 0.44659898125
0 0.0706675140625 0.5711044953125 0.0728295890625 0.58349795625 0.0723382296875 0.6003848875 0.06885929375 0.615909209375 0.077565659375 0.6288076078125 0.0793295 0.6375476328125 0.0874743984375 0.6350628015625001 0.09116696875 0.612196334375 0.10099792656249999 0.603784878125 0.09397761875 0.5849598546875 0.09387847499999999 0.57102741875 0.08961074375 0.5616413625 0.0778954375 0.548114571875 0.074900190625 0.564355471875 0.0706675140625 0.5711044953125
0 0.096847396875 0.71174966875 0.0814822484375 0.7196209140625001 0.076971846875 0.7359147234375001 0.076771903125 0.7601261625 0.0727665546875 0.7764023359375 0.0805734734375 0.77686318125 0.0870498390625 0.788372515625 0.09104751718750001 0.78969985 0.0946896875 0.785905321875 0.0986309484375 0.7718317906250001 0.10442149999999999 0.7635614281249999 0.10417281249999999 0.7547684921875 0.09698159687499999 0.7418171828125 0.09927952343749999 0.73220185 0.10435139062500001 0.7312912671875 0.0978925515625 0.7278494734375001 0.096847396875 0.71174966875
0 0.1468106890625 0.7459448609375 0.14375135 0.764388403125 0.150715240625 0.7678125609374999 0.154876153125 0.7808696890625 0.160680396875 0.789468621875 0.1628638328125 0.8011278687500001 0.16650600468750001 0.7973333390625 0.1705754453125 0.778854521875 0.1735570015625 0.7457443265625 0.1735860390625 0.7274066046875001 0.1688773484375 0.7158355421875 0.163784115625 0.7174803375 0.16134431875 0.7146316640625 0.1525661875 0.72153941875 0.1468106890625 0.7459448609375
0 0.225903675 0.767387328125 0.22128645625 0.7873522125 0.226037875 0.7974548453125 0.23000651562500002 0.8171199031249999 0.2397383265625 0.794776009375 0.24159529375000002 0.7829756703124999 0.24953423125000002 0.7702294734375 0.24783448125000002 0.7592868046875 0.252131246875 0.7503351375 0.244669978125 0.7293251078125 0.239726290625 0.725830403125 0.231979625 0.7319686703125 0.2241611984375 0.7579130890625 0.225903675 0.767387328125
0 0.25110309062499997 0.646952003125 0.2506057109375 0.6293661312500001 0.256574846875 0.5976185453125 0.26293453906250003 0.5871279031250001 0.25345307031250003 0.5661884203125 0.2447176671875 0.5716277453124999 0.2396167640625 0.5908760515625 0.23977999843750003 0.6026058437499999 0.23602333749999999 0.627674953125 0.2432496078125 0.6567613406249999 0.25110309062499997 0.646952003125
0 0.1526702953125 0.5792429203125 0.15153201249999998 0.58368348125 0.1584318109375 0.58931028125 0.154675153125 0.614379390625 0.15965389375 0.634009175 0.164811215625 0.6301617359375 0.1718468703125 0.613779740625 0.1763495953125 0.6150894390625 0.1784338890625 0.6128162484375 0.17524035 0.6011922765625 0.17719044374999998 0.5688515703125 0.173449128125 0.5587136625 0.16997786406249998 0.5566344765625 0.1552169109375 0.578420521875 0.1526702953125 0.5792429203125
0 0.1791378265625 0.3978854375 0.16947777656250002 0.40042317812499995 0.16557924375 0.4130282796875 0.16702263281250002 0.43278152187499996 0.16224217968750002 0.4410166109375 0.16099708125 0.44912824218749997 0.16734143125 0.47384461718750004 0.17064945781250002 0.46419401093749996 0.1751308234375 0.466237921875 0.17946264375 0.47342133437499995 0.183524409375 0.4725460265625 0.185111325 0.4526869640625 0.1903968265625 0.44443423906249996 0.19105142343749998 0.4392771015625 0.18531126874999998 0.428475528125 0.1835337359375 0.40286620624999997 0.1791378265625 0.3978854375
0 0.1717269578125 0.35780347031250004 0.179238625 0.3597415625 0.18111695625 0.34720700625 0.1848445796875 0.3404756203125 0.1850658859375 0.3155299671875 0.1770782046875 0.29527178906249996 0.1736069421875 0.2931926046875 0.16849234531249999 0.2955716140625 0.160609828125 0.32371867499999996 0.15963478281250001 0.3398890296875 0.169081196875 0.34469343124999996 0.1717269578125 0.35780347031250004
0 0.2443490671875 0.30685853750000003 0.24436275937500002 0.3237278328125 0.2419580140625 0.3370142390625 0.2516958453125 0.34914314687500003 0.2559208484375 0.359997634375 0.25945620156250004 0.3598741765625 0.2626146859375 0.35536306875 0.26856847500000003 0.3588225 0.2682770578125 0.3514979921875 0.2638170578125 0.348719865625 0.2609790265625 0.34221775781249997 0.26379734843749997 0.29737776875 0.24980547656250002 0.292732096875 0.24664699531249998 0.2972432046875 0.2443490671875 0.30685853750000003
0 0.24936722812499998 0.42917251562500003 0.2531863265625 0.45397707656249997 0.25846415624999997 0.4633278578125 0.260078453125 0.47720738437500004 0.26462390625 0.47704865312500006 0.268771128125 0.4732364875 0.2706494578125 0.46070193281250005 0.2684019296875 0.4512453296875 0.2689573796875 0.4321557546875 0.26619111093750003 0.4058474953125 0.259355403125 0.3980180515625 0.254283534375 0.3989286328125 0.2500722234375 0.404943440625 0.24936722812499998 0.42917251562500003
0 0.3070317484375 0.32007244687499997 0.31203185312500004 0.338968015625 0.31772927968750003 0.3512380203125 0.32755256718750003 0.360430071875 0.3291745359375 0.3567060890625 0.32849255781250003 0.3281246390625 0.3274260390625 0.312759046875 0.3241256828125 0.30480614687499996 0.324908459375 0.29524372187500003 0.3215653765625 0.28875924999999997 0.316095275 0.28601639687499997 0.3108952265625 0.29133226562500003 0.30866138906249996 0.29874495625 0.3070317484375 0.32007244687499997