0 0.01886944375 0.8520446078124999 0.0148613515625 0.851406296875 0.015327093750000001 0.878088609375 0.02295061875 0.8744656078125 0.044070051562500004 0.87355660625 0.045400553125 0.8710868843749999 0.01886944375 0.8520446078124999
0 0.0469897390625 0.7842103359375 0.0332582 0.7806599750000001 0.018662140625 0.7736085593750001 0.0135017625 0.77351541875 0.013966453125 0.8001375859375001 0.0343921125 0.7980210484375 0.04922959375 0.8001567515625 0.05432704687499999 0.7913329296875 0.0469897390625 0.7842103359375
0 0.051812442187499995 0.712393075 0.0457887765625 0.7066614109375 0.0337077171875 0.7029193890625 0.026387271875 0.6919361421875 0.032989203125 0.691169496875 0.033887446875 0.6869492484374999 0.023759990624999998 0.6891542796875 0.0224294875 0.691624 0.0120906109375 0.6926706265625 0.012558257812500001 0.71946213125 0.0162540625 0.7206382109375 0.041443562499999996 0.71951381875 0.0500328171875 0.71697291875 0.051812442187499995 0.712393075
0 0.0809264 0.6436716734375 0.0864392515625 0.640459034375 0.10106903281249999 0.639789146875 0.09997995312499999 0.6373431515625 0.0914075609375 0.636023396875 0.07022643281249999 0.6258779750000001 0.048371621875 0.6188977375 0.0365936828125 0.621294428125 0.018792078125 0.6179594546875 0.0108217984375 0.61998045 0.01099139375 0.6296965015625 0.011370459375 0.6301401234374999 0.0221210140625 0.6363518640625 0.06254652968749999 0.6468350078125 0.0809264 0.6436716734375
0 0.0810896640625 0.555931725 0.07497057968750001 0.546866940625 0.070468253125 0.5453317984375 0.0553893484375 0.5481118125 0.0263543421875 0.5483965265624999 0.018405046875 0.555493546875 0.0214645890625 0.560025940625 0.0728820828125 0.571805109375 0.10771619531250001 0.5783071203125 0.1097035171875 0.5765328656250001 0.0810896640625 0.555931725
0 0.12114501250000001 0.5000883078125 0.12215553750000001 0.495340528125 0.130857071875 0.4922720984375 0.1266915875 0.4891543625 0.1049321953125 0.485507246875 0.097578025 0.48224530468750004 0.050196876562500006 0.4779720515625 0.044347184375 0.48276728437500005 0.0448748625 0.48785093437500004 0.0524367296875 0.4939184671875 0.06583142812500001 0.49905141875 0.0811011703125 0.50293765 0.12114501250000001 0.5000883078125
0 0.10116564218749999 0.4162308859375 0.0902522234375 0.4221286328125 0.06221088125 0.4215262234375 0.0599821359375 0.42821619218749996 0.0640353390625 0.43186145781249996 0.0775423171875 0.43646687812499996 0.10128903281249999 0.43833974062500003 0.12846585625 0.435441096875 0.1065493515625 0.41740642968749997 0.10116564218749999 0.4162308859375
0 0.06863348124999999 0.361099259375 0.0661801734375 0.368844290625 0.06980111875 0.370739028125 0.1173731046875 0.381678525 0.1383971203125 0.3774364 0.142596328125 0.372832828125 0.12734345 0.36508594687499996 0.0954734625 0.3597832078125 0.06863348124999999 0.361099259375
0 0.1367918671875 0.31691268125 0.1480252671875 0.3132929921875 0.15429035625 0.314108940625 0.132244709375 0.3004624609375 0.093980490625 0.2987319578125 0.085840359375 0.29916273125 0.0820902703125 0.3016561796875 0.08173656875 0.3070994265625 0.08952299687500001 0.31211189687499996 0.09852765 0.315182178125 0.12546305 0.317199246875 0.1367918671875 0.31691268125
0 0.162907978125 0.25471331406250003 0.1526234078125 0.2425307953125 0.10061078906250001 0.2411105859375 0.0990388640625 0.2484960203125 0.1104462375 0.2554032296875 0.15143315625 0.2632487171875 0.162907978125 0.25471331406250003
0 0.1306678234375 0.1830840140625 0.1539485546875 0.1909276515625 0.190882271875 0.1951278765625 0.1956260203125 0.1917473015625 0.186845928125 0.1876219578125 0.178211840625 0.175247778125 0.1617576 0.1655824328125 0.155604790625 0.1642389546875 0.1414072703125 0.1666593703125 0.1116031640625 0.1667761515625 0.1062980125 0.1727943796875 0.1070502515625 0.17682296875 0.113410759375 0.18097203906249998 0.1306678234375 0.1830840140625
0 0.20680923125 0.1240791125 0.186526346875 0.1097134375 0.153904121875 0.1003821125 0.11772264531250001 0.100210475 0.1289223203125 0.10431209374999999 0.133952325 0.11093088437500001 0.1404251125 0.11455242343750001 0.18051378906249999 0.1266181609375 0.1836070546875 0.1234292484375 0.2005272796875 0.12712381718750002 0.20680923125 0.1240791125
0 0.21086283125 0.052093917187500005 0.19581765 0.047152625 0.164829046875 0.041490289062500005 0.15415705 0.0424723234375 0.1520574453125 0.044774109374999996 0.1522482828125 0.0514403515625 0.1608038125 0.0566207578125 0.1956379234375 0.063122765625 0.21071682812499998 0.060342753125 0.21414693593749998 0.055571246875 0.21086283125 0.052093917187500005
0 0.18137205625 0 0.2093024109375 0.0064852781250000005 0.24263204374999997 0.0049301109375 0.23448988124999998 0 0.18137205625 0
0 0.1270317984375 0.9148574921874999 0.1423184 0.91488306875 0.1606982703125 0.911719734375 0.125033365625 0.8939953609375 0.09141747812499999 0.8855511640625 0.0806332 0.8870607265625001 0.0737898453125 0.8927430859375001 0.0916700078125 0.9032718328125 0.1018591609375 0.9121212296874999 0.1224957484375 0.9210436578125 0.121518946875 0.91807013125 0.1270317984375 0.9148574921874999
0 0.22032334531250003 0.90762551875 0.20415535937499998 0.9079595390625 0.1953415453125 0.9115555015625001 0.19431415937500002 0.9201639328125 0.20506471249999997 0.9263756750000001 0.24892033750000003 0.9320873125 0.26135509687499997 0.9303860890625 0.27399755625 0.9314904531250001 0.248123265625 0.9131436468749999 0.22032334531250003 0.90762551875
0 0.37678195468750003 0.9666307562500001 0.39165316250000004 0.96104515 0.4083656875 0.9619341296874999 0.417067221875 0.9588656984374999 0.3872351453125 0.9402067468749999 0.35406838125 0.9296524234374999 0.347707871875 0.9255033515625 0.3274698203125 0.926052759375 0.3223892296875 0.9310159265625 0.3216986859375 0.9380417671875 0.3455070953125 0.9509690546874999 0.34965571875 0.9579474421875 0.3592049109375 0.9622407203125001 0.37678195468750003 0.9666307562500001
0 0.4963800546875 0.97949611875 0.4942635875 0.98565855625 0.49567264843750003 0.9903826078125 0.5002773578124999 0.9943818546875001 0.5819995734375001 0.9934309296875 0.5784830359375001 0.9907989125000001 0.54432260625 0.981131715625 0.50243744375 0.977506475 0.4963800546875 0.97949611875
0 0.905609684375 0.97776443125 0.9110102546875 0.9750793218749999 0.907501590625 0.9726570546875 0.8975986953125 0.973807021875 0.8406852125000001 0.9613798375 0.8367442890625 0.9572070406250001 0.8321296828125 0.9561994296874999 0.8280427546875 0.9602754703124999 0.810561128125 0.9592185593749999 0.8025164124999999 0.9629824546875 0.802387271875 0.9673706375 0.8086186359375 0.9759078921875 0.81595594375 0.9830304890624999 0.821227371875 0.9847335625 0.8307934265625001 0.9851661890625 0.83957351875 0.9892915312499999 0.8557415031250001 0.9889575140625 0.8620699796875 0.990172015625 0.8882231468749999 0.9898676953125 0.8970989859375 0.987499103125 0.9145806125 0.9885560171875 0.904711440625 0.9819846796875 0.905609684375 0.97776443125
0 0.834774225 0.8794901828125001 0.8356050203125 0.8907125453125 0.8416286875000001 0.89644420625 0.8432454453125 0.9039738515625 0.8623775546875001 0.904839103125 0.8703099875 0.9016027375 0.8991989874999999 0.9095668578125 0.915928375 0.906595184375 0.9276894531250001 0.9080591468750001 0.9259604124999999 0.9010570328125 0.930271903125 0.8959259296875001 0.9165403640625 0.8923755703125 0.8962406171874999 0.8818705484375 0.8771085078124999 0.8810052984375 0.8485394875000001 0.8753192375 0.834774225 0.8794901828125001
0 0.945154615625 0.8373462515625001 0.9394677890625 0.8300319953124999 0.9386201312500001 0.8226702859374999 0.9171358875 0.8063861484375 0.911864459375 0.804683075 0.8622545625000001 0.8070997890625 0.8611148953125 0.8162357531250001 0.869878125 0.8242217500000001 0.878658215625 0.82834709375 0.920621934375 0.8391661078125001 0.9357008406249999 0.8363860937500001 0.945154615625 0.8373462515625001
0 0.8690645890625 0.7335082749999999 0.868278625 0.7372009921875 0.8735163281249999 0.746625375 0.8895551734374999 0.7506795375 0.9404618484375 0.7535144078125 0.9430274375 0.74524184375 0.9160134796875001 0.7360310015625 0.882717571875 0.7298648609375 0.8690645890625 0.7335082749999999
0 0.8961574999999999 0.67428243125 0.9139422453125 0.6814780578125 0.9195167890624999 0.6893198468749999 0.935987890625 0.6951245375 0.94500940625 0.6943341671875001 0.9588869499999999 0.6896356906250001 0.9652643187500001 0.6899241078125 0.979383284375 0.680309915625 0.9809963406250001 0.6802940984375 0.9818138203125001 0.676453303125 0.961519984375 0.6659205171875 0.9530598703125 0.6640732328125 0.8965449265625001 0.6611178828125001 0.8914643359375001 0.6660810500000001 0.8921042953124999 0.67063716875 0.8961574999999999 0.67428243125
0 0.9359097328124999 0.6123003046875 0.945475784375 0.6127329296874999 0.97051928125 0.6198573765625001 0.9951490234374999 0.6138000578125 0.9960793453125 0.6094290875 0.9898311171874999 0.6047524859375 0.9758918796874999 0.5983965359375001 0.9266694093750001 0.5876487 0.9079526984375 0.592394628125 0.9194386281250001 0.6064956125000001 0.9359097328124999 0.6123003046875
0 0.9488894296874999 0.5361916156250001 0.9562604609375001 0.5355929078125 0.9827467390625 0.5397201015624999 0.9946369578124999 0.536795878125 0.9970902671875 0.5290508484374999 0.9826064890625 0.5214718984375 0.9643557609375 0.5202470515625001 0.952162421875 0.5170325625000001 0.9300493281250001 0.51882869375 0.9268437828125 0.5225451375 0.9348379109374999 0.5303631984375 0.9396602156249999 0.534176396875 0.9488894296874999 0.5361916156250001
0 1 0.45539596875 0.990825575 0.45260444062499994 0.9477221874999999 0.4509213890625 0.9339569265625001 0.4550923328125 0.9324018625000001 0.45861711562499996 0.935573684375 0.46262197812499994 0.9505065859374999 0.4680908 0.992504028125 0.471188509375 1 0.4691881453125 1 0.45539596875
0 1 0.3966594265625 0.9655858859374999 0.3896803265625 0.95369566875 0.3926045484375 0.9512592218749999 0.3964889265625 0.9544310453125 0.40049378906250005 0.9638679578125 0.4053145984375 1 0.4132041109375 1 0.3966594265625
0 1 0.320698659375 0.9668830625 0.31930145312499997 0.9618193343750001 0.320403965625 0.95794010625 0.3272855984375 0.96538969375 0.3338806609375 0.9891195484375 0.339614175 1 0.3401062453125 1 0.320698659375
0 1 0.257349353125 0.9868463640625 0.2557586046875 0.9788016515625 0.259522503125 0.978672509375 0.2639106859375 0.983382534375 0.2682514171875 0.9944699281249999 0.272880565625 1 0.2737044046875 1 0.257349353125
0 0.871031284375 0.38393940937500004 0.8720418078125001 0.37919162812499996 0.8534711015625 0.37568872343750004 0.8506192562500001 0.373961921875 0.848457959375 0.3652092796875 0.8434110921875 0.36245114375 0.8243575406250001 0.3687796625 0.8027104296875001 0.36460501875 0.792695253125 0.36628251562499997 0.7926446671875 0.37786447343749996 0.8207477046875 0.38952131093750003 0.8487553234374999 0.39784503125000004 0.871031284375 0.38393940937500004
0 0.8907700249999999 0.3214516265625 0.8725530218750001 0.3125054703125 0.8426534968749999 0.30928913125 0.8296910593750001 0.30590670625 0.812961671875 0.3088783796875 0.813264790625 0.3150170921875 0.8215957578124999 0.3212525609375 0.866765025 0.32835513125000004 0.8772293234375 0.324567509375 0.8852571765624999 0.32466426406250004 0.8907700249999999 0.3214516265625
0 0.8772745531249999 0.2638521296875 0.8968389218749999 0.266467909375 0.9021272109374999 0.2643103296875 0.9057818796875001 0.2584837625 0.8906581421875 0.246348696875 0.8884968421874999 0.2375960546875 0.8806766890625 0.240304890625 0.8404251468749999 0.2403486421875 0.8332449531250001 0.24761359375 0.835423115625 0.2525055828125 0.8519896359375 0.261643396875 0.8602251875 0.26454574218750004 0.8772745531249999 0.2638521296875
0 0.8875484109375 0.177767803125 0.8607084296874999 0.17908385468750002 0.8559646796875 0.18246442812500002 0.8597933234375 0.18716475625 0.8672597734374999 0.1898991671875 0.9061470890625 0.20004644218749998 0.92319645625 0.1993528265625 0.9291584281249999 0.1940300640625 0.9155728921874999 0.18223086718749998 0.8875484109375 0.177767803125
0 0.931881525 0.12451458906249999 0.9262901187500001 0.120533453125 0.90409846875 0.11513580781249999 0.8788135499999999 0.1129270796875 0.8748389015625 0.1164755859375 0.8752542999999999 0.12208676874999999 0.8972045296875001 0.1324001265625 0.9108237875 0.1364780171875 0.9211589421875 0.137078578125 0.9316401031250001 0.1294303046875 0.931881525 0.12451458906249999
0 0.66763985 0.46981171718750003 0.617552859375 0.455562825 0.61226456875 0.4577204015625 0.6086099015624999 0.4635469703125 0.61726085 0.472060496875 0.657124965625 0.485181296875 0.6818653421875001 0.4861670328125 0.6889163953125 0.4832902625 0.685744571875 0.4792854015625 0.66763985 0.46981171718750003
0 0.6318404453124999 0.40734210624999995 0.6788678921875 0.41705860625 0.6980674484375 0.40248124687500003 0.6786322218749999 0.39547728437499996 0.652465921875 0.3936281484375 0.633204671875 0.3971510796875 0.6291008812500001 0.40508777343749997 0.6318404453124999 0.40734210624999995
0 0.6667029234374999 0.3569893875 0.675483015625 0.3611147328125 0.7039397562499999 0.367328325 0.7127535703125 0.3637323640625 0.7156391390625 0.35773785937499997 0.7073081671875 0.351502390625 0.7104014359375 0.348313478125 0.707549590625 0.346586675 0.6723786406250001 0.341667259375 0.6682131546875001 0.3385495265625 0.6596407609375 0.33722977187500003 0.653583371875 0.3392194140625 0.6508100859375 0.3446863875 0.6531005249999999 0.34905084531249997 0.6667029234374999 0.3569893875
0 0.74064930625 0.2969531515625 0.7446239546875 0.2934046421875 0.74068303125 0.2892318453125 0.699937534375 0.2764706421875 0.6662093671875 0.2685539734375 0.65949515625 0.26984815 0.65750783125 0.2716224046875 0.6602305328125 0.2777373890625 0.675691109375 0.2882898640625 0.7073365359375 0.29464766249999996 0.7350410375 0.29683266875 0.74064930625 0.2969531515625
0 0.7451520296874999 0.2228578328125 0.7228649609375 0.214127065625 0.69440821875 0.20791347343750002 0.678784775 0.20947048750000002 0.674680984375 0.21740718281250002 0.6773082671874999 0.22018904843749998 0.7033285625000001 0.2302870171875 0.722443809375 0.23501292343750002 0.7388532156250001 0.2297631875 0.7509511359375 0.22964455625000002 0.7451520296874999 0.2228578328125
0 0.7648233234374999 0.1758126578125 0.7492504640625001 0.165787715625 0.710795409375 0.1573909703125 0.7049625796875 0.15832554999999998 0.703070675 0.1634329265625 0.705473396875 0.16726985156250002 0.7257731421875 0.17777487187500002 0.758619928125 0.1860511359375 0.7653341390625 0.1847569609375 0.7662323828125001 0.18053671093749998 0.7648233234374999 0.1758126578125
0 0.7172854578125001 0.0815213953125 0.71725173125 0.0892427 0.7237245203125 0.09286423906249999 0.7844835078125 0.10613109999999999 0.797159690625 0.0995141578125 0.7801609093749999 0.0886258171875 0.73324574375 0.0783817859375 0.7226860265624999 0.0788362875 0.7172854578125001 0.0815213953125
0 0.5443989859375 0.33414838593749996 0.5321270921875 0.323740121875 0.5098231625 0.318870009375 0.492678375 0.316230503125 0.48838374843750004 0.31750095312500004 0.485178203125 0.321217396875 0.4908650265625 0.328531653125 0.4973378140625 0.33215319375 0.5234872515625 0.33786298124999997 0.5444944046875 0.3374815078125 0.5443989859375 0.33414838593749996
0 0.5057646 0.266091321875 0.5151060937499999 0.2675790109375 0.548255996875 0.28199398593749997 0.55146154375 0.2782775421875 0.54774518125 0.273049684375 0.5683032109374999 0.2747783359375 0.5731592421875 0.27087023125 0.5795366109375 0.27115864843750004 0.5758202484375 0.265930790625 0.5597982671875 0.2580159734375 0.5135399203125 0.24846740781249999 0.5028679234375 0.249449440625 0.4980118953125 0.253357546875 0.5001731953124999 0.2621101875 0.5057646 0.266091321875
0 0.586874315625 0.202650784375 0.5938468109375 0.192580240625 0.5987982609375 0.19200525625 0.5649578109375 0.18461611875 0.5410988156250001 0.183270790625 0.5351705671875 0.180872246875 0.5272381328125 0.1841086125 0.518553459375 0.183316390625 0.50996420625 0.185857290625 0.50719091875 0.1913242640625 0.5132145859375 0.19705592656249998 0.5615556734375 0.2081633578125 0.586874315625 0.202650784375
0 0.5942120203125001 0.13414291875 0.5698590718750001 0.119992634375 0.53201025 0.1238733125 0.5270419421875 0.12830894843750001 0.5271204968750001 0.135502721875 0.57337884375 0.14505128750000001 0.5942120203125001 0.13414291875
0 0.604081590625 0.065083796875 0.594869240625 0.059207924999999995 0.5604673874999999 0.054456445312500004 0.5384497125000001 0.0595856953125 0.5389605296875 0.06852999843749999 0.5896089203125 0.08014123437500001 0.6083087703125 0.07925595937499999 0.6129571 0.0725422625 0.607028853125 0.0701437203125 0.604081590625 0.065083796875
0 0.5567659265625 0 0.5559597078125 0.0037878812499999998 0.5635215765625 0.0098554140625 0.5750412296875 0.016235090625 0.5919614546874999 0.0199296578125 0.6206764812500001 0.0173668828125 0.6264138906250001 0.013099182812499999 0.62489255 0.008902659375 0.6232957171875 0.008001939062500001 0.5866487859375 0 0.5567659265625 0
0 0.3241712375 0.47265332187500003 0.3287689828125 0.477521584375 0.349214734375 0.4797777671875 0.35769170625 0.4777644 0.36714548125 0.47872455625 0.3717769515625 0.47587151250000004 0.3668423640625 0.47258584531250003 0.3669715078125 0.4681976609375 0.37445481875 0.46707141874999997 0.33676886562499997 0.45884260781249997 0.313454409375 0.458720275 0.308935221875 0.46104578749999997 0.3114333625 0.46821583437500003 0.3241712375 0.47265332187500003
0 0.33442248124999996 0.4169266875 0.3428657328125 0.42263462343749997 0.373309796875 0.4270739609375 0.3950074953125 0.41966665000000003 0.39502435468749997 0.4158059984375 0.389769790625 0.41024226874999997 0.3761505328125 0.406164378125 0.36584910000000004 0.39784251249999997 0.345049646875 0.4010295734375 0.33482677031249997 0.3999014828125 0.320724665625 0.405655021875 0.3170699984375 0.4114815890625 0.3233182265625 0.41615819062500004 0.33442248124999996 0.4169266875
0 0.402968296875 0.35957555625 0.4068306625 0.356554578125 0.40003789687499997 0.3506549796875 0.40181752031249995 0.3460751359375 0.38557097812499996 0.33921538125 0.36554062656249997 0.342570378125 0.338380665625 0.34160836875 0.3345183 0.344629346875 0.3355905171875 0.3509359953125 0.35755760625 0.3573887 0.3864634703125 0.36149216875 0.402968296875 0.35957555625
0 0.3618974640625 0.2954028703125 0.385195059375 0.2993858546875 0.41081681875 0.30001199375 0.419406071875 0.29747109374999997 0.41062598125000005 0.2933457515625 0.4075664375 0.2888133578125 0.3961590640625 0.2819061515625 0.3685668421875 0.279193615625 0.3401886578125 0.2801737953125 0.33829675312499996 0.285281171875 0.34079489375 0.2924512203125 0.3545264328125 0.2960015796875 0.3618974640625 0.2954028703125
0 0.3838201203125 0.21131003750000002 0.362043865625 0.2115235734375 0.3589337390625 0.2185731390625 0.362537821875 0.2243285296875 0.3832866890625 0.2327234265625 0.3927404625 0.23368358281249998 0.409980665625 0.2396562109375 0.430330996875 0.238579271875 0.42994932343750003 0.22524678437499998 0.3838201203125 0.21131003750000002
0 0.4438215125 0.1714148859375 0.44340611250000006 0.16580370625000002 0.45199536875 0.1632628078125 0.41012706562499995 0.1557769140625 0.392757721875 0.15419246874999998 0.38120434375 0.1555340984375 0.378318775 0.16152860156249998 0.3820351390625 0.16675646093750002 0.4082799953125 0.17579936875 0.42058561250000004 0.178486328125 0.43677045937500003 0.17429165625 0.4438215125 0.1714148859375
0 0.46590127968750006 0.1017096015625 0.4457138140625 0.0906770515625 0.4038286515625 0.087051809375 0.3927075328125 0.0901439671875 0.3915847296875 0.0954192796875 0.39441970937500004 0.101006734375 0.40111705937500003 0.103573209375 0.427154215625 0.109810528125 0.44167171875 0.109668171875 0.4630157125 0.1077041046875 0.46590127968750006 0.1017096015625
0 0.43184777499999993 0.042381453125 0.44722979843750005 0.04574015 0.47504657968749997 0.0473976234375 0.48067171093749994 0.0436574546875 0.46859065468749994 0.0399154328125 0.45763240156249996 0.0308981 0.41148633593749995 0.0208220046875 0.40036521875000003 0.0239141609375 0.396053728125 0.0290452640625 0.3950432046875 0.0337930453125 0.40074689062499996 0.0372466484375 0.420406678125 0.04319555 0.43184777499999993 0.042381453125
0 0.20590820468749998 0.65771258125 0.1812184140625 0.6451448890625 0.1673577328125 0.6459827125000001 0.148130203125 0.6417843390625 0.1258094109375 0.6407748796875 0.123451521875 0.6518530328125001 0.139473503125 0.6597678499999999 0.1751721328125 0.669770915625 0.1885051359375 0.6638494421875001 0.191278421875 0.6583824703125 0.20590820468749998 0.65771258125
0 0.1487985328125 0.5894857328125 0.1957136984375 0.5997297625 0.2105849046875 0.5941441578125 0.1969993703125 0.5823449609375 0.15965025625 0.57253355625 0.1422640484375 0.5748097640625 0.14168578437499998 0.581308071875 0.1487985328125 0.5894857328125
0 0.233433775 0.5246068078125 0.21919141718750002 0.5121121453125 0.205364459375 0.5052286640625 0.1899824375 0.501869965625 0.15687736562500001 0.50237006875 0.1548731828125 0.508004975 0.15870182500000002 0.512705303125 0.16528689375 0.5157993109375 0.203085128125 0.5235005921875 0.21310030468750002 0.5218230921875 0.233433775 0.5246068078125
0 0.24512779999999998 0.4658829203125 0.24844562812499998 0.46163894687499996 0.243415625 0.4550201546875 0.2295886640625 0.4481366734375 0.22795504375000003 0.44446768125 0.22422182031250001 0.44310047499999994 0.2148634640625 0.445473440625 0.19001080625 0.4450152375 0.1807647296875 0.44686067031250004 0.16896993124999998 0.45311801406249996 0.176756359375 0.458130484375 0.22851069375000002 0.4683270640625 0.24512779999999998 0.4658829203125
0 0.26515855 0.3868974625 0.2404687578125 0.374329771875 0.192413925 0.37322170468750004 0.186356534375 0.3752113453125 0.1844646296875 0.38031872031249997 0.18752417187499998 0.3848511140625 0.219489578125 0.39348697499999996 0.238604825 0.3982128796875 0.25600789375 0.39207601875 0.26821809375 0.39142985625 0.26515855 0.3868974625
0 0.22641188437499998 0.31936792812500003 0.21101299999999998 0.31986988437499997 0.20186234375 0.3250484375 0.204152784375 0.3294128953125 0.2123883359375 0.3323152421875 0.2408450765625 0.33852883437500003 0.26198137187500004 0.3337591796875 0.26606830000000004 0.3296831390625 0.2604768921875 0.32570200312500003 0.22641188437499998 0.31936792812500003
0 0.2703744328125 0.2754186140625 0.28654241874999997 0.27508459531249996 0.2909661875 0.2694259609375 0.269785059375 0.2592805375 0.22647397656249998 0.2547918953125 0.2154651375 0.257356521875 0.213028690625 0.2612409 0.2174018765625 0.26716422500000003 0.225525146875 0.270594103125 0.23826302500000002 0.2750315890625 0.26167289843749997 0.27848704375 0.2703744328125 0.2754186140625
0 0.2767690625 0.19621591875 0.265232546875 0.19369689375000002 0.241822671875 0.19024144062499998 0.23126295468750002 0.1906959421875 0.22575010468749998 0.19390858125 0.22573324375 0.1977692328125 0.23494559375000001 0.2036451046875 0.2693305828125 0.2122572390625 0.2958168609375 0.21638443437500002 0.3009928703125 0.21475438750000003 0.2767690625 0.19621591875
0 0.272328828125 0.1301047453125 0.2522984765625 0.133459740625 0.2512879515625 0.13820752187500002 0.254459775 0.14221238281249998 0.2650026296875 0.14561853281249998 0.2942284703125 0.15200006093750001 0.314483384375 0.14759000312499998 0.3146125265625 0.14320181875 0.2996964890625 0.13387234374999998 0.272328828125 0.1301047453125
0 0.33142086875 0.07179345781249999 0.30846011562500003 0.066227878125 0.287245265625 0.0638037609375 0.274153684375 0.06480951874999999 0.2708358546875 0.06905349375 0.2730140171875 0.07394548125 0.294307425 0.0835633765625 0.3215459421875 0.0917191578125 0.3425868203125 0.08361638125000001 0.3434850640625 0.07939613125 0.33142086875 0.07179345781249999
0 0.33526101875 0.023499709375 0.3474880796875 0.0189928953125 0.33951081250000004 0.00731418125 0.322046046875 0.002396615625 0.2917928203125 0.00462351875 0.2806548390625 0.011576328125 0.2810702375 0.0171875109375 0.2836975203125 0.019969375 0.294464934375 0.0223204640625 0.321512615625 0.0238100015625 0.33526101875 0.023499709375
0 0.6736758140625 0.27128838437499997 0.6639974828125 0.2713832890625 0.663626915625 0.2806871890625 0.683943525 0.2873315578125 0.6938464203125 0.2861815890625 0.6936387203125001 0.2833759984375 0.6891363953125 0.28184085625 0.6829050296875 0.27330360468750003 0.6736758140625 0.27128838437499997
0 0.322138684375 0.53514295625 0.3531610125 0.5330839875 0.34184905625 0.5295099 0.32364891562500003 0.51670309375 0.29288487343749997 0.5099856968750001 0.2811237953125 0.5085217359375 0.269570415625 0.509863365625 0.26559576875 0.5134118734374999 0.2670048296875 0.5181359265625 0.2773062609375 0.52645779375 0.30960850624999997 0.533511059375 0.322138684375 0.53514295625
0 0.415968621875 0.631261478125 0.4433025609375 0.6427503812500001 0.4723375640625 0.642465665625 0.46048106874999994 0.637668584375 0.451285578125 0.627932059375 0.44736151562500004 0.6198986093750001 0.44793977968750004 0.6134003015625 0.444094275 0.612560628125 0.4277017296875 0.6139497078125 0.40462869531249995 0.6089116609375 0.39108799375 0.61202754375 0.388410125 0.6208276374999999 0.4079407703125 0.6311647234375 0.415968621875 0.631261478125
0 0.41473393437499995 0.561433859375 0.42773009687499997 0.55709498125 0.4434320984375 0.5627317390625 0.4673079578125 0.560216415625 0.4701766625 0.5580825640625 0.46865532187500003 0.5538860421875 0.4478110359375 0.542158025 0.41956199375000003 0.5387500234375 0.39853797968750004 0.5429921484375 0.4029897203125 0.5561092484375 0.40584156250000003 0.557836046875 0.41210665312500006 0.558651996875 0.41473393437499995 0.561433859375
0 0.5908408281249999 0.679382071875 0.610180634375 0.683052915625 0.6204989296875 0.687514128125 0.638334259375 0.6831277953125 0.635386996875 0.678067871875 0.6262869249999999 0.6716644671875 0.6279542703125001 0.6676121546875 0.6374249062499999 0.6647116578125 0.630502996875 0.66320024375 0.62092008125 0.666628271875 0.5735557921875001 0.658494365625 0.5692611640624999 0.659764815625 0.568250640625 0.6645125953125001 0.57251154375 0.67096345 0.5908408281249999 0.679382071875
0 0.5330632234375 0.587823371875 0.5419724578125 0.5875605296875 0.5486698062500001 0.59012700625 0.5568884953125 0.5968900078125 0.5717259765625 0.5990257078125001 0.5901675421875 0.6069168 0.602473159375 0.609603759375 0.63753183125 0.61505070625 0.6465533453125001 0.614260334375 0.6375824171875 0.603468746875 0.6148630859375 0.5929874546875 0.6009069874999999 0.5904921562500001 0.5981674234375001 0.5882378234375001 0.582673121875 0.5854066546875 0.5751729484375 0.5903935484375 0.54573940625 0.5812064328125001 0.5320864249999999 0.5848498453125 0.5330632234375 0.587823371875
0 0.749483353125 0.7167822578124999 0.7766095921875 0.7254655734375001 0.8067505390624999 0.7237662 0.800934571875 0.7208401234374999 0.796898228125 0.7133342078125 0.7759416609375 0.702133721875 0.746266696875 0.6978623171875 0.7299078765625 0.6915300953125 0.7233059453124999 0.692296740625 0.7167994328125 0.6963965062499999 0.721043475 0.7067080140625001 0.7313617671875 0.7111692265625 0.7351904109375 0.71586955625 0.749483353125 0.7167822578124999
0 0.8085922546875001 0.65461031875 0.8046681937500001 0.6465768703125 0.815901590625 0.6429571828125 0.8163507140625 0.6408470578125 0.8035005546875 0.6369371015625 0.7914363609375 0.6293344296875001 0.7711197515625 0.6226900625 0.7511062625 0.6221844062499999 0.73645961875 0.626714946875 0.734247734375 0.6295442625 0.7435217781250001 0.6464745625 0.8185737078124999 0.660654125 0.8085922546875001 0.65461031875
0 0.8050222937499999 0.5655031640625 0.7790805546875 0.5625989671875 0.7633954140625 0.5531015578125 0.7562320828125 0.55650585625 0.739294996875 0.5566719421874999 0.735415765625 0.563553571875 0.7384753093749999 0.5680859640625 0.7622837203125 0.5810132515624999 0.7772166203124999 0.5864820765625 0.7978700703125 0.5915438515625 0.8292461 0.584041634375 0.8050222937499999 0.5655031640625
0 0.7870524671875 0.525144259375 0.8034450109375 0.5237551781249999 0.8181702124999999 0.5264184109375 0.832609159375 0.519082278125 0.8334119828125001 0.5115289078125 0.8390371140624999 0.5077887375000001 0.8146504406249999 0.5013597578125 0.79077458125 0.50387508125 0.7735175171875001 0.5017631046875 0.767235565625 0.504807809375 0.7644622796875 0.5102747796875 0.7666404375 0.5151667703125 0.7751959687500001 0.520347175 0.7870524671875 0.525144259375
0 0.7973259265625 0.51469039375 0.7983364500000001 0.5099426140625 0.7936264265624999 0.5056018812499999 0.78426806875 0.5079748453125 0.7887366734375 0.51723129375 0.7931267171874999 0.5192939640625001 0.7973259265625 0.51469039375
0 0.7834319171875 0.4476190625 0.7935425140625 0.449274684375 0.8019857640625 0.454982621875 0.80386080625 0.45373589843750006 0.8337434671875 0.4608128921875 0.851994196875 0.4620377390625 0.8558565640625 0.4590167625 0.8565845359375001 0.4518150796875 0.8625090796875 0.44666815781249997 0.8285732140625001 0.4359459015625 0.7877939921875 0.4309060015625 0.7827302640625 0.4320085171875 0.7775373953125 0.43749921562500005 0.7779527921875 0.443110396875 0.7834319171875 0.4476190625
0 0.449725953125 0.4310625 0.46068420625 0.44007983125 0.47101935937499995 0.44068039218750005 0.487153621875 0.448067678125 0.50630259375 0.4450722765625 0.5235596578124999 0.4471842515625 0.5287356671875 0.44555420625000003 0.5292970703125001 0.4429165515625 0.52088754375 0.42948730937499996 0.5023505609375001 0.4182630953125 0.4976236734375 0.4177830171875 0.48948353906250003 0.41821379218750004 0.480989703125 0.4240878140625 0.457787528125 0.42343795 0.4497428140625 0.4272018453125 0.449725953125 0.4310625
0 0.5430738390625 0.3857515296875 0.5356073890624999 0.38301711875 0.53200330625 0.3772617296875 0.5370670359374999 0.37615921406249997 0.535208853125 0.373545284375 0.5167672875 0.36565419375 0.5003916046875 0.3631826234375 0.48433589843749997 0.362989109375 0.46100458125 0.36672743125 0.45888811562500004 0.37288986875 0.4632613 0.3788131921875 0.4746855359375 0.38185974843750004 0.5430738390625 0.3857515296875
0 0.4931657828125 0.506793415625 0.46948651406249997 0.48947794375000003 0.45093267031249995 0.482114384375 0.4293809765625 0.48127285937500003 0.420904003125 0.4832862265625 0.41869211718750005 0.48611554375 0.4214148203125 0.4922305296875 0.444470990625 0.5011292296875001 0.45224055781250005 0.510002353125 0.45905018750000004 0.5120413 0.4779914578125 0.5062403078125 0.4931657828125 0.506793415625
0 0.625720565625 0.5495382421875 0.63272295 0.549411084375 0.6673811671875 0.55421854375 0.6659721078125 0.5494944890625 0.65499699375 0.5443378125 0.6432696375 0.53515254375 0.6039669265625001 0.5193940890625 0.5841779953125 0.517833371875 0.58776521875 0.5274494125 0.6112367875 0.54195929375 0.6181081093749999 0.5550526671875 0.625720565625 0.5495382421875
0 0.15094177656250002 0.82899040625 0.1606369734375 0.825034846875 0.183951428125 0.8251571796875 0.184849671875 0.82093693125 0.18068418749999998 0.8178191984375 0.13598090625 0.8047458484375 0.11180193125 0.8011224609375001 0.0957125015625 0.8086502531249999 0.0922823953125 0.8134217593749999 0.0936914546875 0.8181458125000001 0.10070878125 0.8229903500000001 0.1097134359375 0.8260606312500001 0.15094177656250002 0.82899040625
0 0.13006416406250002 0.7493532328125 0.139242790625 0.7629504093749999 0.1464398484375 0.751824803125 0.17422290625 0.7612035828125 0.1869945078125 0.7579197640625 0.2013997296875 0.7583049390625 0.1895600953125 0.749647203125 0.1887124375 0.7422854921875001 0.1841146921875 0.73741723125 0.159183478125 0.729765253125 0.12486018437499999 0.732207546875 0.1200041546875 0.7361156515625 0.119538171875 0.7420864296875 0.13006416406250002 0.7493532328125
0 0.298036678125 0.8412351828125001 0.2807964734375 0.835262553125 0.27004592031249997 0.8290508125 0.2215588265625 0.8261922171875 0.21373867343750003 0.8289010515624999 0.211509928125 0.8355910203124999 0.2187349546875 0.8432411484375001 0.2457489109375 0.8524519921874999 0.27534531875 0.8495296218749999 0.29483113125 0.8449516265625 0.298036678125 0.8412351828125001
0 0.3770575 0.8783632750000001 0.39694184843749997 0.8832571124999999 0.4181735609375 0.8818205796875 0.4347738078125 0.8832370890625001 0.4311865859375 0.8736210468750001 0.41876868749999996 0.87146161875 0.40220216718749996 0.8623238046875 0.36978764062499997 0.8557980671875001 0.3431553578125 0.8599197109375 0.34135887187499997 0.868360209375 0.3456197734375 0.8748110625000001 0.35374304375 0.878240940625 0.3770575 0.8783632750000001
0 0.50434085625 0.9194050234375 0.5179769765625 0.9196222625000001 0.5356663015625001 0.9234847671875 0.5511437421875 0.9301765859375 0.5670086109375 0.9237038546875 0.5766869453125001 0.92360895 0.5761761296875 0.9146646468749999 0.553007678125 0.9062934765625 0.54668089375 0.8944231015625 0.525000059375 0.8979697609375 0.5102748578125 0.895306528125 0.49926601875000004 0.8978711546874999 0.48195836718749996 0.9073411374999999 0.4983171890625 0.9136733609375 0.50434085625 0.9194050234375
0 0.65951419375 0.9201645984375 0.66383679375 0.9376698828125001 0.679858771875 0.9455847000000001 0.705351390625 0.9505990203125 0.7214856515625 0.9579863062499999 0.7239951 0.9499775093749999 0.737816503125 0.9455427999999999 0.7402529484375 0.9416584203125 0.7371934046875 0.9371260265625001 0.7233664484375 0.930242546875 0.716141421875 0.9225924203125 0.7067999281249999 0.9211047328124999 0.6912719 0.9259948687499999 0.681722709375 0.9217015906249999 0.6820764109375 0.9162583453125 0.6767712609375 0.922276575 0.65951419375 0.9201645984375
0 0.708540471875 0.87511276875 0.7272065984375 0.8819487984375 0.7326240296875 0.8754030374999999 0.7474783734375 0.8736780859375 0.7580549515625 0.8693629328125001 0.7709219703125 0.8694122359374999 0.767862428125 0.86487984375 0.7494208640625 0.8569887515625 0.7152604359375 0.84732155625 0.6959206296875 0.8436507140625 0.68249220625 0.8462390671875 0.682907603125 0.851850246875 0.679269796875 0.8538161625 0.684282940625 0.86429560625 0.708540471875 0.87511276875
0 0.7516611171875 0.7973047078125 0.7715286031249999 0.8060592 0.7834188234374999 0.803134978125 0.805195075 0.802921440625 0.7841430921875 0.7883878328125 0.7721743140624999 0.7841182796874999 0.760783803125 0.7733504203125 0.7487981640625 0.7729415203125 0.74046719375 0.7667060515624999 0.7163667765625 0.7702764375 0.7113984656250001 0.7747120734374999 0.7158670671875 0.7839685203125 0.7412136796875 0.797231678125 0.7516611171875 0.7973047078125
0 0.6311256968750001 0.7472474765625 0.612442709375 0.7442721015625 0.5804941640625 0.7317755859374999 0.571074115625 0.723094125 0.5465245750000001 0.7287746328125 0.5499995156249999 0.7389182062499999 0.5689856203125 0.7480322953125 0.5814035171875 0.7501917234375 0.6068792734375 0.759066696875 0.6394398046875 0.7573435984375 0.6311256968750001 0.7472474765625
0 0.5341790828125 0.8359364781249999 0.5385691296874999 0.8379991499999999 0.5462938640624999 0.8319571937499999 0.57176961875 0.8408321687500001 0.5937704328125 0.83956356875 0.5910477328125 0.833448584375 0.5755871515625001 0.8228961109374999 0.5781358796875 0.8184842 0.5762776984375 0.8158702703125 0.5631861171875 0.816876028125 0.5295702296875 0.8084318312500001 0.5179045703125 0.8103009906249999 0.5148113046875 0.813489903125 0.533971384375 0.8331308875 0.5341790828125 0.8359364781249999
0 0.349695990625 0.7724681796875 0.349869965625 0.782995075 0.362158721875 0.7895426859375 0.3833735734375 0.7919668046874999 0.3908231609375 0.79856186875 0.39905871249999997 0.801464215625 0.42678007500000004 0.7997885671875 0.41745544375000004 0.794440225 0.4207732703125 0.7901962515625 0.42947480625 0.7871278203125 0.4296039484375 0.7827396359375001 0.40906277968750004 0.7771503328125 0.401725471875 0.7700277359375 0.3964540453125 0.7683246609375 0.3835701625 0.7721360109375001 0.356090221875 0.76889594375 0.349695990625 0.7724681796875
0 0.3054866625 0.7721997859374999 0.3094781734375 0.7647906250000001 0.2967402953125 0.7603531359375 0.2906043484375 0.75514900625 0.26434263125 0.7499667484375 0.24089903124999998 0.7542325984375 0.23780576406249998 0.7574215125 0.23899026406249999 0.763200628125 0.26664418125 0.776967590625 0.283452125 0.781189690625 0.29096916093749997 0.77234214375 0.3054866625 0.7721997859374999
0 0.27055753125000004 0.6867341953125 0.2883591375 0.6900691671875 0.3017538359375 0.695202121875 0.3170741625 0.6875063921875 0.3296212015625 0.6852776359375 0.33040716406250004 0.6815849187499999 0.32646624218750003 0.677412121875 0.3316591125 0.6719214234375 0.32385582031250004 0.6707696046875 0.31976889375 0.6748456453125 0.3121733015625 0.67649941875 0.265594975 0.66467279375 0.2570674140625 0.6782681187499999 0.2610083390625 0.682440915625 0.27055753125000004 0.6867341953125
0 0.40090618125 0.7058112984375 0.42806614375 0.7067733078125 0.4392995421875 0.7031536203125001 0.4543615859375 0.7042342578125 0.455372109375 0.6994864781250001 0.45242484687499995 0.6944265546875 0.4396869703125 0.6899890671875 0.429127253125 0.69044356875 0.40913062343749995 0.6860772609375 0.380657021875 0.683724321875 0.370624984375 0.6892624734374999 0.3702712796875 0.69470571875 0.3755258453125 0.7002694468749999 0.40090618125 0.7058112984375
0 0.30074370625 0.624319440625 0.3219754203125 0.6228829078125 0.33639750625 0.619407425 0.348641428125 0.6110399578125 0.34513276406250004 0.608617690625 0.3148009796875 0.603650821875 0.298313015625 0.6017067796875 0.2890669390625 0.6035522156249999 0.27918090625 0.6008415296875 0.2714730328125 0.6030228328125 0.26716154375 0.6081539359375 0.271422446875 0.6146047921875 0.2786643375 0.618394265625 0.30074370625 0.624319440625