0 0.0445040234375 0.0900056703125 0.08063795 0.0880645578125 0.0952577140625 0.0818819625 0.097292925 0.0743514484375 0.08789265156250001 0.0672103640625 0.0820740515625 0.06649489374999999 0.06265028125 0.07248579375 0.051147556250000004 0.0722684328125 0.032805615625 0.079389890625 0.032328923437500004 0.0837204265625 0.0445040234375 0.0900056703125
0 0.041662835937499997 0.163776303125 0.10283139375000001 0.1633174515625 0.10344255937499999 0.16020049218750002 0.0976239609375 0.15948502343749998 0.0951913515625 0.15479675312500002 0.10927321406249998 0.14375985 0.09215360624999999 0.1446473875 0.07354873906250001 0.14076363593750002 0.05967461875 0.14504285 0.0491864875 0.1453492609375 0.03409003125 0.15586239375 0.036657115625 0.161764240625 0.041662835937499997 0.163776303125
0 0.0690674234375 0.2339870328125 0.0890290953125 0.2328504421875 0.1190142640625 0.21858186562499998 0.10128951562499999 0.2140083078125 0.059605940625 0.21766110468750002 0.044173296875000004 0.22514029687499998 0.053573571875 0.23228138125000003 0.0690674234375 0.2339870328125
0 0.0956204765625 0.292334653125 0.1124039 0.2884131734375 0.1172872 0.2720555484375 0.0978694578125 0.26946839375 0.09272926249999999 0.2662427546875 0.0844047890625 0.26881028281249997 0.0570599703125 0.28100943749999996 0.059828765625 0.28873165156249997 0.0956204765625 0.292334653125
0 0.0436447796875 0.3498574859375 0.052641629687500004 0.35335784062500003 0.11543594374999999 0.3503057984375 0.118956409375 0.3475465734375 0.11760562968749999 0.3439888625 0.10854154375 0.33988171718750004 0.088989325 0.336080984375 0.061179870312499995 0.33545456875 0.052788160937499995 0.3374153078125 0.0444636875 0.3399828359375 0.041144934375 0.34456242812500004 0.0436447796875 0.3498574859375
0 0.074382546875 0.4200728640625 0.1042211828125 0.4217468203125 0.1108526625 0.42116569375 0.1168790015625 0.415123471875 0.131566003125 0.40954766249999996 0.1273059234375 0.405632215625 0.132586621875 0.4014933796875 0.1115431203125 0.4014994109375 0.07473079218749999 0.40595069375000004 0.0628858515625 0.41127744843749997 0.0653856984375 0.4165725078125 0.074382546875 0.4200728640625
0 0.09172891093749999 0.48165886406249997 0.123871709375 0.4782294578125 0.133418515625 0.4694280109375 0.141810225 0.4674672703125 0.11454470000000001 0.46311710625 0.08355096875 0.4682838578125 0.0764428015625 0.47319552031249995 0.07799529375 0.4785735984375 0.09172891093749999 0.48165886406249997
0 0.1269344984375 0.5490319953125 0.14534970625000002 0.533939271875 0.1335107953125 0.530687971875 0.12925071562499998 0.5267725249999999 0.11456371406250002 0.5323483328124999 0.09466928125 0.5340917125 0.0975725515625 0.543027503125 0.11597570312500001 0.5450908890624999 0.1269344984375 0.5490319953125
0 0.10192490937500001 0.608202909375 0.11741876250000001 0.6099085609375 0.12783362812500002 0.617573415625 0.1359563875 0.6131855234375 0.1555146328125 0.6084082015625001 0.1485529953125 0.5973773312499999 0.1404362640625 0.59318716875 0.12155642343749999 0.5954543203125 0.0990216390625 0.5992671203125 0.09678471562499999 0.6049772703125 0.10192490937500001 0.608202909375
0 0.11500516875 0.6744515171875001 0.14200174062499998 0.676374528125 0.17312994843750001 0.6724213531250001 0.1510778828125 0.6633255625000001 0.11284753750000001 0.66361234375 0.10743236406250001 0.6665376078125 0.10790302656249999 0.6707851265625 0.11500516875 0.6744515171875001
0 0.1272090375 0.7325152765625 0.157995028125 0.7341062140625 0.16936327499999998 0.733109996875 0.16821420781250002 0.73137265 0.1860854890625 0.7200036734374999 0.16991323281249998 0.72080819375 0.1426477078125 0.7164580296875 0.12755728125000002 0.718393109375 0.11950175781250001 0.7233877890625 0.11827942656249998 0.7296217078125 0.1272090375 0.7325152765625
0 0.2147193859375 0.4175778140625 0.22270767187499999 0.41197634375 0.2429443203125 0.40468885156249995 0.24484505625000003 0.395944759375 0.248567234375 0.3950058984375 0.22359984375000003 0.39413042656249997 0.1895623359375 0.39772586875 0.1813051015625 0.400900184375 0.1832610171875 0.40991899218750005 0.2147193859375 0.4175778140625
0 0.23259756718750002 0.4711523625 0.2443752671875 0.4652188203125 0.24647771718749997 0.45829509531249996 0.2333492359375 0.46067092499999995 0.202563246875 0.4590799875 0.19173289843750002 0.4649305109375 0.1895632109375 0.4712474484375 0.1936215796875 0.473342528125 0.23259756718750002 0.4711523625
0 0.2043667125 0.53550700625 0.22601535312499998 0.540962065625 0.2323106421875 0.5373469984375 0.24009118749999997 0.538503215625 0.27216674687500003 0.534467025 0.2726434390625 0.5301364875 0.2667576015625 0.5288142312499999 0.26635417499999997 0.5251735015625 0.2717693484375 0.522248240625 0.25966148906250003 0.516569784375 0.2395653421875 0.5164928015625 0.205656284375 0.529879871875 0.2021358171875 0.5326390984375 0.2043667125 0.53550700625
0 0.21451953124999998 0.60568823125 0.2281859140625 0.6081667078125 0.25396618593750003 0.6077455828125 0.271428009375 0.6013139328125 0.26601886406249997 0.5956611390625 0.24802516406250003 0.5886604296875 0.214054896875 0.5928626578125 0.2057976609375 0.5960369734375 0.2052537328125 0.5997607234375 0.21451953124999998 0.60568823125
0 0.2403188171875 0.6744983328124999 0.268336009375 0.668367059375 0.268812703125 0.6640365234375001 0.25765219375 0.6582750515625 0.2243603296875 0.6599671093749999 0.217050446875 0.6630584078124999 0.21670823125 0.6686025203125 0.2403188171875 0.6744983328124999
0 0.246046121875 0.7303630453125 0.294770628125 0.7211917953125 0.2624993828125 0.71482956875 0.23028934687499997 0.7176521859375 0.22318117656249997 0.7225638484375 0.22453195781250002 0.726121559375 0.246046121875 0.7303630453125
0 0.1403708859375 0.7825111640625 0.1561336875 0.78664396875 0.17549022187500002 0.7800462828125 0.1807709203125 0.7759074421875 0.17840555 0.7718259609375 0.16250827031249998 0.766479578125 0.12847076562499998 0.77007501875 0.12136259687499999 0.7749866828124999 0.123049565625 0.7815783374999999 0.1403708859375 0.7825111640625
0 0.22455091562499999 0.773908975 0.2281998296875 0.78094138125 0.244775509375 0.7837775921875 0.261821853125 0.79086131875 0.2964765546875 0.7755708640625001 0.28159386875000003 0.7707482546875 0.29898845625 0.7637098124999999 0.2762519609375 0.7657022484375 0.26549487968749996 0.7635815078125 0.25426110625 0.7657913015625 0.23862675000000003 0.7714501265625 0.22813861875 0.7717565359375 0.22455091562499999 0.773908975
0 0.329466540625 0.529445753125 0.34746626406250003 0.5278684109375 0.362960115625 0.5295740624999999 0.3786677375 0.51594396875 0.3792789046875 0.5128270109375 0.363650578125 0.50990778125 0.3446362578125 0.5109613546875 0.32893466718750003 0.5160133921875001 0.3218937359375 0.52153184375 0.329466540625 0.529445753125
0 0.3267779671875 0.6001396109375 0.3637247734375 0.5969019046875 0.384639825 0.587104240625 0.3613654296875 0.58424236875 0.3312518140625 0.5887193140625 0.32286010468750004 0.590680053125 0.3212343453125 0.5932732421875 0.3267779671875 0.6001396109375
0 0.348317171875 0.66503426875 0.37179930781250004 0.6611384515625 0.3977200828125 0.6533528484375 0.3730949078125 0.6469332640625 0.342779578125 0.6495898453125 0.32998728593750004 0.6549996171875 0.32754865 0.6588894 0.348317171875 0.66503426875
0 0.36147069374999996 0.7233116109375 0.40125956250000006 0.71982485 0.3963883171875 0.7190263640625 0.39571594062500004 0.71295848125 0.39937088125 0.71141283125 0.384555434375 0.7071970078125001 0.376304225 0.7017932703125 0.3528220890625 0.7056890859375 0.3325182015625 0.7123697921875001 0.330415753125 0.71929351875 0.36147069374999996 0.7233116109375
0 0.35527371093750004 0.7796085859375 0.384843396875 0.7788553890625 0.41211495 0.7746274984375 0.407787634375 0.7701052625 0.38512440468750003 0.7641264328124999 0.3469612953125 0.7650200046875 0.3368093515625 0.7683603546875 0.33450518906250004 0.7734637171875 0.35527371093750004 0.7796085859375
0 0.1380245296875 0.8476609078124999 0.149796203125 0.8503054203125 0.18024600625 0.8488624187499999 0.192769346875 0.8410254921875 0.178094403125 0.829445190625 0.15190467968750002 0.8348036390625 0.13444285312499998 0.841235290625 0.133898925 0.8449590390624999 0.1380245296875 0.8476609078124999
0 0.44164046562500003 0.212366121875 0.45110797812500003 0.2201139984375 0.46931544374999995 0.2117789625 0.4919847 0.209179740625 0.5043735703125 0.20012923749999997 0.493683725 0.198615284375 0.486379871875 0.19312852656249999 0.47657014374999995 0.1909247671875 0.45890660624999996 0.1955360515625 0.449164115625 0.1939390796875 0.43021100937499995 0.2041774984375 0.4328453296875 0.21068613281249998 0.44164046562500003 0.212366121875
0 0.45678247031249997 0.27995615625000003 0.47511838281249996 0.2814127546875 0.48195760312499997 0.2740739390625 0.5050363140624999 0.26653739062500004 0.4851479078125 0.25970271562499997 0.4706014109375 0.25791404687499997 0.452534446875 0.25888460156250004 0.435274334375 0.26713661875 0.43486488124999995 0.2720739421875 0.43993783906250006 0.27469279375 0.45678247031249997 0.27995615625000003
0 0.45787330312499996 0.3460491953125 0.49691652968750005 0.3444658171875 0.492253025 0.3369096421875 0.5078873796875001 0.331250815625 0.4976742265625 0.325406325 0.47480325624999997 0.326185184375 0.46567193281249997 0.32147125 0.45423644531249996 0.3218606796875 0.4501780796875 0.31976559843749996 0.445508546875 0.320787478125 0.44245874531249996 0.32779422187499996 0.43311968125 0.32983798124999997 0.431762871875 0.3348583234375 0.4360229515625 0.33877376875 0.45787330312499996 0.3460491953125
0 0.44776244062500004 0.40573341406249996 0.477943290625 0.40186325624999997 0.48593157812500004 0.39626178749999996 0.5072500546875001 0.39010485156249997 0.5050863984375 0.38784373437499997 0.47707523125 0.385396953125 0.4544059734375 0.3879961765625 0.43214014062499995 0.3942361296875 0.43017216718749995 0.40237343281250004 0.44776244062500004 0.40573341406249996
0 0.44308537656249997 0.46711451562499995 0.4526933921875 0.4674979125 0.4834181734375 0.45990400625000005 0.4831492234375 0.457476853125 0.4596058765625 0.452187828125 0.4531821390625 0.446011265625 0.41914463125 0.44960670468749997 0.4121709390625 0.455731946875 0.4156181390625 0.4609439875 0.44308537656249997 0.46711451562499995
0 0.4465962171875 0.5246956218750001 0.49483800625 0.5284329640625 0.498425709375 0.5262805265625 0.49267434843749996 0.5261718453124999 0.48645232343749994 0.52181565 0.49335878125 0.5150836203125 0.480505278125 0.5113085500000001 0.46122201093750004 0.5099349703125 0.4347633359375 0.512866265625 0.4300205375 0.5218594109375 0.43624256250000004 0.526215609375 0.4465962171875 0.5246956218750001
0 0.4301067890625 0.5916974265625 0.45561208124999997 0.597427203125 0.46988962812499996 0.5967887203125 0.4913425828125 0.5918453625 0.49838954218750003 0.57774885625 0.4960241703125 0.5736673718749999 0.472407559375 0.576349615625 0.4377588859375 0.5830620140625 0.43058348124999996 0.587366890625 0.4301067890625 0.5916974265625
0 0.44122510000000004 0.65750528125 0.45157875625 0.6559852953124999 0.4795226859375 0.6578252875 0.4836543171875 0.651949103125 0.494753615625 0.64852573125 0.49577423437499996 0.640471446875 0.479131315625 0.637028446875 0.46783030625000005 0.638631453125 0.4370382859375 0.6456185703124999 0.43520478906250004 0.6549694500000001 0.44122510000000004 0.65750528125
0 0.482994928125 0.7236905 0.5041849593750001 0.707741934375 0.5017523500000001 0.7030536640625 0.4822001328125 0.6992529296875001 0.4551302921875 0.705301184375 0.4441654703125 0.7099381328125001 0.443890490625 0.7160890359375001 0.482994928125 0.7236905
0 0.4836311359375 0.7812267125 0.5157066953125 0.7771905203125 0.5274843984375 0.771256978125 0.5215985609375 0.769934721875 0.5159877015625 0.7624615625 0.5175462203125 0.759261584375 0.4992103078125 0.7578049874999999 0.4577284453125 0.76327815 0.44588350625000006 0.7686049046875 0.4466231203125 0.7752795765625 0.4836311359375 0.7812267125
0 0.563793134375 0.520552278125 0.5744829796875 0.5220662296875 0.5807050046875 0.526422428125 0.5842927078125 0.5242699921875 0.610072978125 0.5238488671875 0.637686746875 0.5140768640625 0.6372160828125 0.5098293453125 0.6290321140625 0.505032396875 0.5815299390625001 0.5079697249999999 0.565761109375 0.512414975 0.55953305625 0.51663683125 0.563793134375 0.520552278125
0 0.609688565625 0.5894393640625 0.622749809375 0.5864567453125 0.638047975 0.577763978125 0.6067913234375 0.5719255203125 0.6002331109375 0.56453538125 0.5944145125 0.5638199125 0.5703151796875 0.5794107453125 0.5720693859375 0.5866091890625 0.609688565625 0.5894393640625
0 0.57040143125 0.649248759375 0.5917811203125 0.65227666875 0.6133013109375 0.6479401 0.6293451203125 0.6373439484375 0.6434209546874999 0.6348851 0.6296873359374999 0.631799834375 0.6302985 0.6286828734375 0.6244799015625 0.6279674078124999 0.6018106453125001 0.6305666296875 0.5712875765625001 0.6399809000000001 0.5680360609374999 0.645167278125 0.57040143125 0.649248759375
0 0.585926353125 0.7030295296875 0.6108265078125 0.7032982109375 0.6418874765625 0.69873825 0.6201043625 0.6920696109375 0.5838359609375 0.6927971453125 0.58031549375 0.6955563734375 0.5808533953125 0.700410678125 0.585926353125 0.7030295296875
0 0.595424934375 0.7628525203125001 0.6112549734375 0.7675921156250001 0.6335147796875 0.769930215625 0.65056715 0.768435890625 0.6243282734375 0.7474533859375 0.58474111875 0.7527605109375 0.5775657109375001 0.7570653859375 0.5831093328125 0.76393175625 0.595424934375 0.7628525203125001
0 0.75603273125 0.5116708671875 0.77139210625 0.5121629421875 0.7936579390625 0.5059229875 0.8068596859375001 0.4955758921875 0.7735066109375001 0.48808310468749994 0.7361503515625001 0.4962581359375 0.730936890625 0.5010037625 0.7324893828125 0.5063818421875 0.75603273125 0.5116708671875
0 0.735821121875 0.57961153125 0.751926140625 0.5782002234375 0.7676217046875 0.581726240625 0.7780425984375 0.580813040625 0.8141153156250001 0.5696870859375001 0.78793161875 0.56646748125 0.777718465625 0.5606229890625001 0.7381313109375001 0.565930115625 0.7299413140625 0.5697112203125 0.7308154015625 0.57759946875 0.735821121875 0.57961153125
0 0.7491763578125 0.6397092390625 0.7605446046875 0.6387130203125 0.7810441765625 0.642430734375 0.8142688046875 0.640131890625 0.8072339015625 0.6370722859375 0.8120439375 0.6286859312499999 0.8096785640625 0.624604446875 0.7881644031249999 0.6203629625 0.7505391921875 0.6261108390625 0.7416035546875 0.631795328125 0.7420742171875 0.636042846875 0.7491763578125 0.6397092390625
0 0.776735875 0.707139728125 0.7897971171875 0.704157109375 0.81652474375 0.7036529671875 0.8292497984375 0.6976364078125 0.81870045625 0.6887579749999999 0.8051013140625001 0.6868862874999999 0.7985431015625 0.679496146875 0.771674971875 0.68736476875 0.761590265625 0.691311909375 0.7583387515625 0.6964982875 0.776735875 0.707139728125
0 0.8000413406250001 0.7620767171875 0.818041065625 0.7604993734375001 0.8447747187499999 0.7514171765625 0.8039772875000001 0.7458021125000001 0.7688579515625 0.7482669953125 0.7685829734375 0.7544178953125 0.7737231687499999 0.7576435359375 0.8000413406250001 0.7620767171875
0 0.869190503125 0.18620509375 0.8733161062500001 0.1889069625 0.8983507359375 0.1903892234375 0.9163504609374999 0.188811878125 0.9423384734375 0.1816330640625 0.9476864078125 0.17810101250000002 0.9444409234375 0.1747093390625 0.9289470703125 0.1730036875 0.9189356296875 0.1689795609375 0.895184540625 0.1704482265625 0.8748134171874999 0.1765221421875 0.86953271875 0.1806609796875 0.869190503125 0.18620509375
0 0.8728219359375 0.27077185 0.8834445437499999 0.271679015625 0.9165346953125001 0.2681665921875 0.9320345765625 0.26129419062500003 0.9398883859374999 0.25447914374999997 0.9325172937499999 0.2483855984375 0.9180380328125001 0.24720371718749998 0.8966523171875 0.2527538640625 0.884269478125 0.25322631093750003 0.8699859015625 0.26244285 0.8686963328124999 0.26806998125 0.8728219359375 0.27077185
0 0.8907387671875 0.3375060421875 0.9093436296874999 0.3413897921875 0.9377702781249999 0.3303211921875 0.9492790281250001 0.3219604984375 0.938387471875 0.3186261796875 0.9230280953125 0.31813410468750003 0.8967711328125001 0.32288576406249997 0.8709908640625 0.3233068890625 0.869157365625 0.33265776874999997 0.87950499375 0.339715834375 0.8907387671875 0.3375060421875
0 0.8842055953125 0.3907690734375 0.8997666843750001 0.3930815140625 0.92270489375 0.39290944375 0.9400322421875 0.385264215625 0.9562044984375 0.3844596984375 0.9304974937500001 0.376909553125 0.9249538734374999 0.3700431859375 0.9055973406250001 0.376640871875 0.8931472625 0.37650653125 0.8804222078124999 0.382523090625 0.880012753125 0.387460415625 0.8842055953125 0.3907690734375
0 0.92203251875 0.3868415609375 0.9206817390625 0.38328385 0.9137140734375 0.380831034375 0.9062697156249999 0.3827087546875 0.9040327921875001 0.3884189046875 0.9185792890625001 0.390207575 0.92203251875 0.3868415609375
0 0.88552020625 0.44579511250000003 0.8987831640625 0.44463285937499997 0.9239522671874999 0.4473286953125 0.9485895 0.436592171875 0.926402959375 0.4262828015625 0.89886245625 0.42808353906249996 0.8795731609375 0.435288015625 0.8764561203125 0.44168797031249996 0.88552020625 0.44579511250000003
0 0.879592175 0.5045192421875 0.89610061875 0.5067486625 0.9413718953125001 0.5009434296874999 0.951187653125 0.4945691359375 0.9208783515625001 0.48864765937500004 0.8744580078125 0.49271554687499997 0.8709375421875001 0.4954747734375 0.8715426796875001 0.50093586875 0.879592175 0.5045192421875
0 0.919057840625 0.575807821875 0.9293442593749999 0.5736810453125 0.9478267031250001 0.5591951093749999 0.9271254171875001 0.5536570296875001 0.9113565906250001 0.5581022796874999 0.9007339828125 0.5571951140625 0.8832049203125001 0.5630199765625 0.88381005625 0.5684810703125 0.919057840625 0.575807821875
0 0.9141444 0.63505571875 0.9303838921875001 0.6348579859375 0.950755015625 0.6287840703125 0.9492025249999999 0.6234059921874999 0.9574597609375 0.6202316765625 0.9242411593750001 0.6139524671875 0.9138875046875 0.61547245625 0.8860720234375 0.62342409375 0.8849841656249999 0.630871590625 0.9141444 0.63505571875
0 0.9357508421875 0.7005571640625 0.9637007984375 0.6938191015624999 0.96810138125 0.6903700703125 0.9657360109375001 0.6862885875 0.9441546093750001 0.6814403140625 0.9396928171875001 0.6757045046875 0.9229766343750001 0.6802327703125 0.9038890500000001 0.6892576109374999 0.9055760171875 0.6958492656249999 0.9357508421875 0.7005571640625
0 0.9238024984375001 0.7567454578125 0.9516791890625 0.7579786640624999 0.97259424375 0.7481809968750001 0.9698254468749999 0.7404587859375 0.957986534375 0.7372074859375 0.9201596140625 0.741134996875 0.9082474359375 0.7458549640625 0.907837984375 0.7507922859375 0.9238024984375001 0.7567454578125
0 0.8743969828125 0 0.8670210562499999 0.0026102046875 0.861123165625 0.01844405625 0.8662633609375 0.021669696874999998 0.9055082999999999 0.0219066828125 0.9178971671875 0.0128561828125 0.9389466953125 0.0042720921875 0.92769946875 0 0.8743969828125 0
0 0.8909015218749999 0.1058985625 0.9447050140625001 0.0907681078125 0.9409888640625 0.083128915625 0.9349013140625001 0.07998629375 0.909799446875 0.0778972453125 0.9003259078125 0.078727428125 0.8781945500000001 0.08618095625 0.8684460328125001 0.09316203906250001 0.869118409375 0.0992299234375 0.8909015218749999 0.1058985625
0 0.7170967125 0.0221718515625 0.7250117328125001 0.0245416484375 0.7479499406250001 0.0243695796875 0.763853246875 0.021137906249999998 0.7820607140625 0.0128028734375 0.783551996875 0.00899610625 0.7781428515625 0.0033433140625000004 0.74958775625 0.00462028125 0.7189974484375 0.0134277609375 0.715544221875 0.016793775 0.7170967125 0.0221718515625
0 0.562920425 0.029259017187500003 0.5637945140625 0.037147265624999995 0.5765807796875 0.0403155484375 0.5870689109375 0.0400091390625 0.6243579328125 0.03122731875 0.6238260609374999 0.01779495625 0.6063702609375 0.015648553125 0.5960166046875 0.017168539062499998 0.5850517843749999 0.0218054875 0.57280341875 0.023491510937499998 0.562920425 0.029259017187500003
0 0.438466709375 0.054237604687499996 0.45369161093750004 0.053516103125000006 0.45876456875000005 0.056134953125 0.4863783375 0.0463629515625 0.49876720468749997 0.037312446875 0.494238175 0.030969848437500003 0.4747531953125 0.027775904687500002 0.4528907875 0.0376565875 0.4405079484375 0.0381290359375 0.43285585156249995 0.046764446875 0.434273865625 0.050928948437499996 0.438466709375 0.054237604687499996
0 0.2928512734375 0.0608904453125 0.2994094859375 0.0682805859375 0.3098976171875 0.067974175 0.3197745828125 0.070784725 0.3475900640625 0.0628330859375 0.3639700609375 0.055270875 0.357479084375 0.048487525 0.34367822812500004 0.044795471875 0.319859903125 0.0456573484375 0.308351153125 0.054018042187500004 0.299757728125 0.054158418750000006 0.2928512734375 0.0608904453125
0 0.440645453125 0.13432695781249998 0.44463658125 0.13581525 0.481650625 0.13318433125 0.49099571875 0.12256252031249999 0.4899199171875 0.1128539046875 0.47002548437499997 0.1145972859375 0.4384205859375 0.1228809984375 0.4361164234375 0.1279843578125 0.440645453125 0.13432695781249998
0 0.3080158953125 0.14594949375 0.3311558140625 0.14759778750000002 0.344418771875 0.146435534375 0.3589712953125 0.13964615 0.36642168124999996 0.1291903734375 0.348965884375 0.12704396874999999 0.351337284375 0.122547396875 0.3389544453125 0.12301984375 0.31953067343749997 0.12901074375 0.3126302453125 0.1271647171875 0.3051858890625 0.1290424359375 0.2996974484375 0.139938965625 0.3080158953125 0.14594949375
0 0.55821925 0.1249523390625 0.5684996421874999 0.13140361875 0.60700496875 0.124965934375 0.641115740625 0.11339922656250001 0.6405778390625 0.108544921875 0.6272476453125 0.1091003859375 0.60844106875 0.10339627031250001 0.5971400578125 0.10499927656250001 0.578865353125 0.1127275234375 0.5582925171875 0.1169810734375 0.55821925 0.1249523390625
0 0.7197726656250001 0.115380728125 0.7625380703125 0.11285848750000001 0.7803421109374999 0.10088272499999999 0.7835996546875 0.08711828906249999 0.7754096546875 0.09089939375 0.7614743234375 0.085993765625 0.75389549375 0.0866579109375 0.7182261999999999 0.10142459374999999 0.7145712609375 0.10297024375 0.7155798234375 0.11207206875 0.7197726656250001 0.115380728125
0 0.73656304375 0.1978465828125 0.7438668984375 0.20333334062500003 0.7749338953125 0.190195321875 0.7959773953125 0.19018928906250002 0.77947498125 0.17938181250000002 0.7564695343750001 0.17894709375 0.7197244406250001 0.1840051640625 0.7106483 0.1970541328125 0.7283730453125 0.20162768749999999 0.73656304375 0.1978465828125
0 0.7288627234375 0.2751064328125 0.7433419828125001 0.276288315625 0.786382365625 0.267615175 0.79620415 0.2526628265625 0.7763097171875 0.25440620625 0.759801271875 0.252176784375 0.739430146875 0.2582507015625 0.7315151281250001 0.255880903125 0.717097078125 0.2638838671875 0.7158075078125 0.269510996875 0.7288627234375 0.2751064328125
0 0.7439700625000001 0.342383628125 0.757306284375 0.3332501078125 0.7722622359375 0.330101453125 0.7903964375 0.32973768593749997 0.7832270578125 0.32546450625 0.75575981875 0.31929397656249997 0.74926884375 0.312510625 0.7288977203125 0.3185845421875 0.7143451953125 0.3253739265625 0.7131228625 0.331607846875 0.7439700625000001 0.342383628125
0 0.7598393 0.39063923906250003 0.804303728125 0.37755254374999997 0.7313695265625 0.36678882968750004 0.7278490609375 0.36954805468749996 0.7177583265624999 0.3820732515625 0.7301351375 0.3901788578125 0.7598393 0.39063923906250003
0 0.7419458390625 0.4491482765625 0.7426182156250001 0.4552161609375 0.758723234375 0.453804853125 0.7730740468749999 0.445195103125 0.8027169984375 0.4364706390625 0.7729516265624999 0.4268254171875 0.7389813578125 0.4310276453125 0.7289638890625 0.4355815734375 0.7275398453124999 0.43999512812499997 0.7419458390625 0.4491482765625
0 0.303096425 0.21377544531249998 0.311482109375 0.2203927609375 0.3261630828125 0.2233950078125 0.3517416390625 0.22115351875 0.36392879375 0.21028265 0.377870153125 0.206610225 0.380308790625 0.20272044218750002 0.365493340625 0.19850461875 0.339847546875 0.2001393203125 0.32116941718750003 0.204226834375 0.3139940109375 0.2085317109375 0.303640353125 0.210051696875 0.303096425 0.21377544531249998
0 0.3098813921875 0.283639121875 0.3470971484375 0.28282856875 0.3610385078125 0.27915614375 0.36510290156249997 0.2726731703125 0.372480021875 0.270188659375 0.3400070625 0.2620060671875 0.31449574375 0.26485434531249996 0.2965572265625 0.2756165328125 0.30101901875000003 0.28135234374999996 0.3098813921875 0.283639121875
0 0.331084409375 0.3454998375 0.3533442140625 0.3478379390625 0.3731774390625 0.336909715625 0.36797000625 0.3330772890625 0.35037973125 0.32971730625 0.3084272078125 0.33094294999999996 0.3038188859375 0.341149671875 0.3125407546875 0.3508009296875 0.331084409375 0.3454998375
0 0.319875678125 0.408362803125 0.35147454843750003 0.408657146875 0.3588516671875 0.4061726375 0.377810803125 0.3873561671875 0.366784771875 0.38280827031250003 0.3339635703125 0.3887478453125 0.330443103125 0.391507071875 0.32083508906249997 0.391123675 0.30919186249999997 0.39827079374999996 0.31087882968749997 0.404862446875 0.319875678125 0.408362803125
0 0.3299181875 0.4644620453125 0.352923634375 0.4648967625 0.3717362390625 0.462022825 0.3799262375 0.4582417203125 0.3567251078125 0.4474085828125 0.332093903125 0.449567053125 0.314497603125 0.454785128125 0.3131407953125 0.45980546875000006 0.3299181875 0.4644620453125
0 0.57834276875 0.2074229109375 0.598775103125 0.21053383750000002 0.6085236203125 0.2035527546875 0.6378303859375001 0.19179435 0.5971001921875 0.186786075 0.589521359375 0.1874502203125 0.5786910125 0.19330074218749999 0.5644807046875 0.194546015625 0.5564251796875 0.199540696875 0.56054475625 0.21082062031249998 0.57834276875 0.2074229109375
0 0.5781336296874999 0.2874055765625 0.590993159375 0.28260259374999996 0.6043233531250001 0.282047128125 0.6266564234375 0.27641396406249996 0.6362032281250001 0.2676125171875 0.6188146671875 0.26607290156249996 0.6140839265625 0.2579099375 0.5864089484375 0.258497096875 0.5720581359375 0.267106846875 0.5604881734375 0.2662826984375 0.554730784375 0.274752075 0.5562832765625 0.2801301515625 0.5781336296874999 0.2874055765625
0 0.5609431875 0.3394486046875 0.5851709640625 0.3336494015625 0.6013432187500001 0.3328448828125 0.6251675703124999 0.32340495156250004 0.6232116546875 0.31438614375 0.6089341078125 0.315024628125 0.5991243796875 0.3128208671875 0.576656834375 0.31724045625 0.55012489375 0.3281430171875 0.5537738078125 0.3351754234375 0.5609431875 0.3394486046875
0 0.5926690078125 0.40131580937500005 0.629352890625 0.3870728953125 0.6202888046874999 0.3829657515625 0.6018184140625 0.3802955765625 0.5655500140624999 0.3810231125 0.554921378125 0.3886940015625 0.555728228125 0.3959754609375 0.5667542625 0.4005233578125 0.5926690078125 0.40131580937500005
0 0.593331753125 0.46772396250000003 0.598001284375 0.46670208437499994 0.6045043156250001 0.456329325 0.622235090625 0.4523248296875 0.6208170734375 0.448160328125 0.6032268015625 0.444800346875 0.5756862984375 0.446601084375 0.56269229375 0.450190490625 0.5593063015624999 0.45416329375000003 0.593331753125 0.46772396250000003
0 0.192694671875 0.08069557499999999 0.2197645125 0.07464731875 0.22700715625 0.07094923125 0.23473251875 0.05434255624999999 0.2081393703125 0.05606027500000001 0.1982563765625 0.061827781250000005 0.18424778125000002 0.06489341562499999 0.17585003906250002 0.0754322109375 0.18213930312499998 0.08039519687499999 0.192694671875 0.08069557499999999
0 0.17756205 0.1426770375 0.1731614671875 0.1461260703125 0.17471395781250001 0.1515041453125 0.1865528703125 0.154755446875 0.2251926703125 0.1495313390625 0.2416338765625 0.151153971875 0.24413975156249998 0.14787097656249998 0.2313595140625 0.1361246390625 0.23244737031249998 0.12867714218749998 0.205854221875 0.13039486250000001 0.191845625 0.13346049843750002 0.18676664062499998 0.13941969999999998 0.17756205 0.1426770375
0 0.18115671093750002 0.22691193437499999 0.22209464531249998 0.22516252187500002 0.249977365625 0.217817671875 0.24774646875 0.21494976562499998 0.251065221875 0.210370175 0.24118825625 0.20755962656250002 0.2454543625 0.20289701875000002 0.24342518124999998 0.2018494765625 0.20194331562499998 0.20732263906249998 0.176969896875 0.2150252234375 0.17703110625000001 0.22421006562499998 0.18115671093750002 0.22691193437499999
0 0.196541128125 0.288057184375 0.22625131875 0.2799395078125 0.24947053281249998 0.26503848125 0.2003426015625 0.2705690015625 0.19540411875000002 0.26916372499999996 0.189310540625 0.2745991578125 0.17631653593750002 0.2781885671875 0.17698891249999998 0.28425645 0.18206186875000002 0.2868753 0.196541128125 0.288057184375
0 0.204077765625 0.347439421875 0.220250021875 0.3466349015625 0.2464457734375 0.3326983984375 0.2131599359375 0.3258123984375 0.193736165625 0.33180329999999997 0.1820317296875 0.32976557500000003 0.175058034375 0.335890815625 0.1756631734375 0.3413519109375 0.204077765625 0.347439421875
0 0.1617334203125 0.9062386281249999 0.172826690625 0.9113933125000001 0.18723871406249998 0.9119684046875 0.2095045453125 0.9057284515624999 0.182379521875 0.8940138093750001 0.148953184375 0.8944922890625 0.13805559843749998 0.8997360249999999 0.138459025 0.9033767546875 0.1617334203125 0.9062386281249999
0 0.17190437812499998 0.9721295031249999 0.207909859375 0.9603967593749999 0.20215849531250002 0.9602880796875001 0.1889015671875 0.952872278125 0.16873818437500002 0.9521885046874999 0.154796825 0.9558609296875 0.14755418125 0.9595590156249999 0.147279203125 0.96570991875 0.17190437812499998 0.9721295031249999
0 0.2514821125 0.9651559796875 0.29059257656250004 0.9641793906249999 0.30331160625 0.9667408843749999 0.308586275 0.9711801015624999 0.31217397812500003 0.9690276640625 0.30264525781249996 0.9520949484375001 0.2857333875 0.9462247953125 0.268815490625 0.9489326984374999 0.2486460796875 0.9568269796875001 0.247289271875 0.9618473218749999 0.2514821125 0.9651559796875
0 0.3817342453125 0.9666080718750001 0.4065671609375 0.966269965625 0.41292968906249994 0.9632616859375001 0.389801825 0.9444572828125001 0.3607028 0.9494579953125 0.354340271875 0.9524662765624999 0.3548781734375 0.9573205828125 0.3817342453125 0.9666080718750001
0 0.4730836546875 0.9622790625000001 0.4878318640625 0.9658880984374999 0.51219411875 0.9613024734375 0.49833204999999997 0.9484255765625 0.4594233 0.95122253125 0.4554933796875 0.95891908125 0.46462470624999996 0.963633015625 0.4730836546875 0.9622790625000001
0 0.6002980390625 0.9535817874999999 0.6441452734374999 0.9521901093749999 0.652940409375 0.9538700999999999 0.670872896875 0.9516859671875 0.6600485765624999 0.9489584359375 0.653423128125 0.9409615078125 0.633467484375 0.93352004375 0.60179535 0.9411969687499999 0.5946871796875 0.9461086312500001 0.59515784375 0.95035615 0.6002980390625 0.9535817874999999
0 0.7730526531249999 0.941506434375 0.8408526875 0.9404664546875001 0.8085202328125 0.924919384375 0.7736026093749999 0.92920463125 0.767509034375 0.9346400625 0.7680469343749999 0.939494371875 0.7730526531249999 0.941506434375
0 1 0.929878721875 0.9764708375 0.91265233125 0.95366710625 0.9140379765625 0.93383388125 0.9249662015625001 0.9345734953125 0.9316408718750001 0.9437048203125 0.9363548046875 1 0.9342069531250001 1 0.929878721875
0 0.9373232781249999 0.870131859375 0.9607321499999999 0.8742073078124999 0.9959247515625 0.8637711593749999 0.9984306249999999 0.8604881640625001 0.9951851375 0.8570964859375 0.9696126062499999 0.850759921875 0.9526274718750001 0.8528610359375 0.9273851015625001 0.8581364671875 0.9239991125 0.8621092671874999 0.9373232781249999 0.870131859375
0 0.9168719296875001 0.7977897046875 0.913553178125 0.802369296875 0.9161202609375 0.8082711437500001 0.9366870703125001 0.812595646875 0.9614527484375 0.8116507515625001 0.98127994375 0.8093005828125 0.99231200625 0.8052704234375 0.9702599421875 0.7961746328125 0.9762862812499999 0.7901324109375001 0.9655291984375 0.7880116687500001 0.9542281890625001 0.7896146749999999 0.941368659375 0.7944176578125 0.9279712281249999 0.794366334375 0.9168719296875001 0.7977897046875
0 0.7713156015625 0.8136084359375 0.8051453671875001 0.8167706875 0.836884740625 0.8097005515625 0.8455454015624999 0.8101669656249999 0.84608933125 0.8064432171875 0.8231571484375 0.7980372328125 0.8028592890624999 0.79613988125 0.7860086328125 0.7994545734375 0.7683450953125 0.8040658593750001 0.7669882859375 0.8090862015625 0.7713156015625 0.8136084359375
0 0.6062742937500001 0.8262332234375 0.6068121953125 0.8310875296875 0.630563284375 0.8296188656249999 0.6443701671875 0.8247328625 0.6617587281249999 0.8262724796875001 0.65621510625 0.8194061093749999 0.634028565625 0.8090967421874999 0.6008711765625 0.8120023765625 0.5907192328125 0.8153427296875 0.58760219375 0.821742684375 0.6062742937500001 0.8262332234375
0 0.4895827078125 0.8349369265625001 0.5226056203125 0.8308177171875 0.5232167875 0.82770075625 0.4991355390625 0.8175574234375 0.4573174890625 0.81999664375 0.4466888546875 0.827667534375 0.4608931375 0.8350003171875 0.4895827078125 0.8349369265625001
0 0.36355598906250003 0.837087440625 0.3856140796875 0.837605178125 0.40388878437500003 0.8298769296874999 0.3887371484375 0.822627165625 0.3703339984375 0.82056378125 0.3571382796875 0.822332821875 0.3470535734375 0.8262799640624999 0.3466441203125 0.8312172890625 0.36355598906250003 0.837087440625
0 0.27518311875 0.8423809703125 0.2925777046875 0.8353425328125 0.273098753125 0.82357053125 0.2412921421875 0.830033878125 0.2352658015625 0.8360761015625 0.24744090000000002 0.84236134375 0.27518311875 0.8423809703125
0 0.25720843437499996 0.9046114875000001 0.285623025 0.9106989984375 0.2974679640625 0.9053722453124999 0.2970645390625 0.901731515625 0.286582434375 0.893459871875 0.2706851578125 0.8881134906250001 0.26026426406250003 0.8890266890625 0.24029656406250002 0.8987413343749999 0.2468547765625 0.9061314749999999 0.25720843437499996 0.9046114875000001
0 0.363911190625 0.9093526093750001 0.368110059375 0.9040832109375 0.3794110703125 0.9024802062499999 0.394972159375 0.9047926453124999 0.41683456718749995 0.8949119624999999 0.409054021875 0.8937557437500001 0.3932972484375 0.8810448828125 0.38037048125 0.8852410781250001 0.3566193921875 0.8867097421875 0.35140593125 0.8914553703125 0.35248173125000004 0.9011639828125 0.363911190625 0.9093526093750001
0 0.46108522656249995 0.8971610140624999 0.4884179875 0.9021179671875 0.518128178125 0.894000290625 0.5177247515625 0.8903595609374999 0.5108915625 0.8891203234375 0.4973656828125 0.8792773671875 0.46705035625 0.8819339484375 0.4552726546875 0.8878674906249999 0.45587779375000004 0.8933285859375 0.46108522656249995 0.8971610140624999
0 0.64060579375 0.8857181093750001 0.6678101078124999 0.8808834296875 0.6400066843750001 0.8716789593750001 0.60400723125 0.8748336468750001 0.5979808921875 0.8808758687499999 0.6081268078125001 0.8861135703125 0.64060579375 0.8857181093750001
0 0.818769553125 0.8792955453125 0.8396113406250001 0.877469146875 0.8422516906249999 0.8753997281249999 0.8377899 0.8696639171875 0.824600209375 0.8628549046874999 0.7787910296875 0.8638058328125 0.777703171875 0.8712533296875 0.7861560921875 0.87847743125 0.818769553125 0.8792955453125