0 0.08313448383034089 0.21484375 0.06427494120271568 0.153125
0 0.12770667740790576 0.215625 0.06263055404758595 0.1515625
0 0.16570132236495164 0.21015625 0.06559177973732644 0.1484375
0 0.2041496687014785 0.1984375 0.05696040818602892 0.1328125
0 0.24193627374443266 0.20390625 0.05885045680654795 0.1390625
0 0.2796443136585244 0.19296875 0.05934177973732639 0.1484375
0 0.3152952086155702 0.1875 0.05942366689245624 0.15
0 0.349878248529662 0.1765625 0.05679663387576941 0.1296875
0 0.390956949909143 0.1703125 0.055316021030899165 0.13125
0 0.42282442559888345 0.1671875 0.053999182496288434 0.1359375
0 0.45530937697836443 0.1609375 0.056469085255250386 0.1234375
0 0.49322213478028054 0.15390625 0.05992163387576941 0.1296875
0 0.532161804047586 0.1515625 0.06345606965141819 0.1375
0 0.5723364246943723 0.14296875 0.06321040818602874 0.1328125
0 0.6069161425821966 0.146875 0.047094085255250384 0.1234375
0 0.6392373196514182 0.1375 0.056216779737326306 0.1484375
0 0.6738203595655099 0.1265625 0.047749182496288435 0.1359375
0 0.7079806755988834 0.1671875 0.05235479534115868 0.134375
0 0.7392749412027158 0.153125 0.062384892582196726 0.146875
0 0.776324561849502 0.14453125 0.05704229534115868 0.134375
0 0.8084786425821967 0.146875 0.055971118271937216 0.14375
0 0.8391963760738534 0.13671875 0.05754026232447203 0.1140625
0 0.8694128205559293 0.16171875 0.048165262324472026 0.1140625
0 0.9003905828804012 0.27578125 0.05885045680654812 0.1390625
0 0.902578281885033 0.421875 0.06280097241038014 0.125
0 0.9132778437345351 0.56640625 0.05909611827193721 0.14375
0 0.9382888890756937 0.70078125 0.06534611827193686 0.14375
0 0.9710090383301825 0.84140625 0.05798192333963499 0.16875
0 0.9428203380803255 0.846875 0.06452724672063966 0.128125
0 0.9096736454072719 0.8703125 0.06789126413349393 0.1625
0 0.8585239032091879 0.86328125 0.06566702283992143 0.1796875
0 0.8237361454072719 0.8703125 0.06657442559888338 0.1671875
0 0.7809721132950962 0.87421875 0.0671476356847915 0.178125
0 0.7364408632950962 0.87421875 0.06509381275401331 0.16875
0 0.6993912426483098 0.8828125 0.07134381275401332 0.16875
0 0.652929000450226 0.87578125 0.07109815128862387 0.1640625
0 0.6154256784239586 0.890625 0.0747144742194024 0.1734375
0 0.5772229935528209 0.90703125 0.08088258706427283 0.171875
0 0.5354449293284697 0.91484375 0.062050699909142894 0.1703125
0 0.4879524536387292 0.91796875 0.07266065128862387 0.1640625
0 0.44070563941437796 0.92578125 0.07027927973732648 0.1484375
0 0.395393139414378 0.92578125 0.06090427973732648 0.1484375
0 0.34107413161246186 0.9328125 0.06954229534115867 0.134375
0 0.28387910730220234 0.9296875 0.0683073439616777 0.140625
0 0.24559785730220235 0.9296875 0.0604948439616777 0.140625
0 0.19453000225924824 0.92421875 0.07513055404758595 0.1515625
0 0.1453112522592482 0.92421875 0.06731805404758591 0.1515625
0 0.09934033299194285 0.9265625 0.06863489258219668 0.146875
0 0.08773669040974619 0.7796875 0.07381371551297518 0.15625
0 0.09710064506858751 0.6453125 0.0678912641334942 0.1625
0 0.09125235752934498 0.50390625 0.06731805404758595 0.1515625
0 0.08663569934331608 0.37109375 0.0710162641334942 0.1625
0 0.13454093283497268 0.3609375 0.05341932835784542 0.1546875
0 0.16624463421445368 0.3546875 0.052928005427066924 0.1453125
0 0.19897524705932393 0.353125 0.05243668249628843 0.1359375
0 0.23166823835289665 0.3359375 0.05934177973732639 0.1484375
0 0.26855076266315614 0.3390625 0.054572392582196726 0.146875
0 0.3040788268875074 0.33125 0.057124182496288436 0.1359375
0 0.3533418424913396 0.3171875 0.06378361827193721 0.14375
0 0.3929399310259504 0.3125 0.06847111827193722 0.14375
0 0.43948738240543134 0.30625 0.05950555404758582 0.1515625
0 0.4727126402073475 0.29921875 0.05901423111680728 0.1421875
0 0.5085682530522178 0.29765625 0.056708102668104846 0.1578125
0 0.5436835594746527 0.296875 0.061559376978364354 0.1609375
0 0.5825003980092636 0.2921875 0.06830069990914289 0.1703125
0 0.620491720940042 0.3015625 0.06723616689245623 0.15
0 0.650673865897088 0.29609375 0.06616498982323478 0.159375
0 0.6857924943457905 0.28046875 0.06525758706427283 0.171875
0 0.7352978493887445 0.2859375 0.05876856965141819 0.1375
0 0.7692224700355309 0.27734375 0.06114994120271575 0.153125
0 0.7994046149925769 0.271875 0.05202060266810484 0.1578125
0 0.8298733649925769 0.271875 0.05654432835784533 0.1546875
0 0.863668510854134 0.290625 0.055977762324472026 0.1140625
0 0.8675481846439951 0.409375 0.05901423111680728 0.1421875
0 0.8314026447299032 0.4203125 0.06345606965141819 0.1375
0 0.7918078782215598 0.41015625 0.0522729081860291 0.1328125
0 0.7565254754625979 0.42265625 0.07266729534115868 0.134375
0 0.7113358061952926 0.425 0.0597578595655099 0.1265625
0 0.6766708791260709 0.434375 0.0526823439616777 0.140625
0 0.6332926933504222 0.4265625 0.07134381275401332 0.16875
0 0.5878540405914603 0.4390625 0.05720606965141819 0.1375
0 0.5516708791260709 0.434375 0.05367163387576941 0.1296875
0 0.5170092740831169 0.42890625 0.05309842378986111 0.11875
0 0.4710350327895442 0.44609375 0.06041295680654794 0.1390625
0 0.4286018713241549 0.44140625 0.06460248982323477 0.159375
0 0.3901944685651929 0.45390625 0.07183513568479168 0.178125
0 0.3477579850735363 0.4640625 0.0684644742194025 0.1734375
0 0.30071588873700944 0.47578125 0.0725787641334942 0.1625
0 0.259800961667788 0.48515625 0.05260045680654794 0.1390625
0 0.22279560662483383 0.4796875 0.05917800542706697 0.1453125
0 0.17949598597804745 0.48828125 0.062303005427066925 0.1453125
0 0.13726422037421523 0.50234375 0.06550989258219664 0.146875
0 0.14607373360319825 0.640625 0.0644453595655099 0.1265625
0 0.19298967718076315 0.64140625 0.0636198439616777 0.140625
0 0.22962654002563337 0.63984375 0.06279432835784542 0.1546875
0 0.2648270556294656 0.62578125 0.06756371551297517 0.15625
0 0.30874082993972507 0.62890625 0.07175989258219673 0.146875
0 0.35084644278459537 0.62734375 0.0714323439616777 0.140625
0 0.39739721619034374 0.60625 0.06863489258219672 0.146875
0 0.45257603912112215 0.615625 0.07463258706427282 0.171875
0 0.49559237675122186 0.58671875 0.06189356965141819 0.1375
0 0.5369610051999244 0.57109375 0.061313715512975264 0.15625
0 0.5698963359326189 0.5734375 0.053255554047585994 0.1515625
0 0.6043122795101838 0.57421875 0.05046474672063965 0.128125
0 0.6494576831736569 0.5859375 0.06337418249628843 0.1359375
0 0.6852756744672297 0.56875 0.06452724672063966 0.128125
0 0.7302573038204433 0.57734375 0.06041295680654794 0.1390625
0 0.7586346093383673 0.55234375 0.05219102103089916 0.13125
0 0.7999932717082677 0.58125 0.06295810266810484 0.1578125
0 0.8361421336486267 0.55546875 0.0687167797373263 0.1484375
0 0.8743005529159322 0.553125 0.05901423111680728 0.1421875
0 0.900993606963518 0.7046875 0.06016065128862387 0.1640625
0 0.8595873569635181 0.7046875 0.07381371551297526 0.15625
0 0.8174408005410829 0.70546875 0.06123182835784533 0.1546875
0 0.7861465349372507 0.71953125 0.06567366689245624 0.15
0 0.7459752363167317 0.71328125 0.053501215512975264 0.15625
0 0.7131627363167317 0.71328125 0.062466779737326304 0.1484375
0 0.6655883734718614 0.71484375 0.0788287641334943 0.1625
0 0.6195355670494264 0.715625 0.06427494120271575 0.153125
0 0.5798932129109834 0.734375 0.05901423111680746 0.1421875
0 0.542062342264197 0.74296875 0.05761550542706697 0.1453125
0 0.504889890884716 0.74921875 0.05983310266810484 0.1578125
0 0.45685850463409744 0.771875 0.06419305404758599 0.1515625
0 0.40731552803984583 0.75078125 0.06896244120271575 0.153125
0 0.35155352894435693 0.775 0.06542800542706698 0.1453125
0 0.31372265829757057 0.78359375 0.06756371551297517 0.15625
0 0.2709995697629598 0.78828125 0.07208744120271567 0.153125
0 0.22938860187513543 0.784375 0.07019739258219673 0.146875
0 0.18699638398731105 0.78046875 0.06649253844375372 0.165625
0 0.1394220211424408 0.78203125 0.06583744120271566 0.153125