0 0.9814141793443631 0.2419520496775399 0.037171641311273616 0.17053975897699045
0 0.9528362880330894 0.23822306167959245 0.07382040268936266 0.16760565651766246
0 0.9136556093650441 0.2282940706565829 0.07689085868872639 0.16293633723582168
0 0.8712862960295895 0.21291451035173256 0.06733404535327167 0.14725679508134393
0 0.830679477363135 0.21471335968780264 0.06898745202099903 0.15507838544042354
0 0.7898817546944532 0.20010595902387268 0.07065904002227175 0.16446247579950324
0 0.7515005073599533 0.1917349228213233 0.07065904002227175 0.16446247579950315
0 0.7145999440244989 0.17632354625969432 0.06729768268618094 0.14413179508134394
0 0.6707317653564535 0.1664218263139236 0.06575336401972631 0.14568520472226432
0 0.6370652900222717 0.1603672690341354 0.06578972668681722 0.1488102047222643
0 0.6010005206874537 0.14963884729296661 0.0656442760184536 0.13631020472226432
0 0.5610295013526355 0.13893315144949686 0.07354768268618095 0.1441681565176624
0 0.5187692760184538 0.13292859114464653 0.07521927068745349 0.15355224687674202
0 0.47565507535009016 0.12067857601933603 0.07358404535327186 0.14729315651766242
0 0.43815507535009013 0.12089674463724684 0.05784995735199914 0.13782725292686626
0 0.4036346246817265 0.10859673253699845 0.06753404002227156 0.16444429508134392
0 0.36596190201304485 0.09397115115490925 0.05952154535327185 0.14721134328594587
0 0.32815336668522643 0.1348188649523599 0.06422722668681721 0.14880111436318472
0 0.2959039406826811 0.11625521731349206 0.07374767735518084 0.16135565651766243
0 0.2551334900143175 0.1039915666495621 0.07047722668681722 0.14883747579950315
0 0.2207493993475448 0.1034103045493137 0.06746131468808994 0.15819429508134397
0 0.1877732673456358 0.08953870208998568 0.06867836935072646 0.12851588544042356
0 0.15368916868236293 0.11473868998973727 0.057722688017181056 0.12688975292686627
0 0.11758913136536217 0.2352693586076481 0.06896927068745358 0.15351588544042355
0 0.11162203672022482 0.3939085604030462 0.07193063868554458 0.13947156615858286
0 0.09702482940799656 0.5494727591733822 0.06902381468808991 0.15820338544042373
0 0.06588501209417749 0.6934136567140541 0.07683631468808991 0.15824883723582167
0 0.035562807447449295 0.8404750090751862 0.053744260025453384 0.18779998184962743
0 0.05755598611549469 0.8505039940480718 0.07667268268618092 0.1441863372358217
0 0.09449291211804002 0.8690403706097006 0.07685449602163537 0.1598113372358217
0 0.15070654945094913 0.8655881176828345 0.07552835335772619 0.1801147468767418
0 0.18756165945253997 0.8770932442444634 0.07692722135581716 0.16606133723582167
0 0.23291961278640358 0.8807358738311544 0.07699994668999892 0.17231133723582168
0 0.2814571101209035 0.8890478226996862 0.07382040268936256 0.1676056565176623
0 0.3214099481221762 0.8981910185431561 0.08156017735518084 0.1614011083130606
0 0.3698929014560398 0.9018154674116878 0.08319540268936265 0.16766019867214013
0 0.41140823945731253 0.910949572896078 0.0831044960216353 0.15984769867214013
0 0.4537593714592215 0.9247666332009284 0.08919086401972631 0.14582156010845893
0 0.49915368746017597 0.9315342627876195 0.06558973201781733 0.1316227047222643
0 0.548436072127585 0.9367166664766113 0.07952496268299925 0.12076701795398108
0 0.6001258414624031 0.9473541846269841 0.07614542401336308 0.09887383723582169
0 0.6485906134627213 0.9494161334955159 0.06671588001272663 0.0941317950813442
0 0.7073025421307667 0.9592314950300302 0.07429202267663584 0.0738647468767418
0 0.7690212921307668 0.9588724258463854 0.07272952267663584 0.07385565651766228
0 0.8096462921307668 0.9586360765103153 0.06647952267663584 0.07381929508134384
0 0.8635252701304484 0.9559787091220684 0.08059656667727211 0.07858860831306061
0 0.9182400421307667 0.958004296554282 0.07429202267663584 0.0738647468767418
0 0.9576014394493584 0.8491741972182119 0.03942722135581711 0.16584316861791065
0 0.9652946660964048 0.7045884050637341 0.06141130935709001 0.1753454336450254
0 0.9722948126989076 0.5521719321910972 0.05541037460218483 0.1659795240041051
0 0.9761096086887264 0.4091759111138583 0.04778078262254724 0.17998748184962743
0 0.9421544213876338 0.3945457845522294 0.06448176535645374 0.1706761143631847
0 0.9076794240531338 0.38615202245198094 0.0643544960216353 0.1597386143631848
0 0.873240789385725 0.38088326035173253 0.06426358935390794 0.1519261143631847
0 0.8386112507160887 0.3592082482514841 0.07065904002227157 0.16446247579950315
0 0.7979953413828614 0.36022584758755416 0.06593517735518084 0.16131020472226432
0 0.7603498907144978 0.347944016205465 0.06895108935390812 0.15195338544042353
0 0.706988533378407 0.32794058841417206 0.0752919960216353 0.159802246876742
0 0.665482286043907 0.3195877329297819 0.0799794960216353 0.1598295179539809
0 0.615355016709089 0.30894112442032967 0.07069540268936265 0.16758747579950323
0 0.5777186567074981 0.29744054303824047 0.07056813335454457 0.15664997579950315
0 0.5401732033736345 0.2937524616561513 0.06922380935708983 0.17539088544042353
0 0.5018283187062254 0.28850642545360194 0.0754919906906352 0.176989746876742
0 0.46112150270527097 0.281711524789672 0.08030676002545327 0.1879545179539809
0 0.41898854670590724 0.2866444644848217 0.0800522213558171 0.1660795179539809
0 0.38687548070495276 0.27979956684595386 0.07859880935708982 0.1754454275949012
0 0.350701623368862 0.25969614510478506 0.07719994135899881 0.18949883723582167
0 0.29602321403563475 0.2607955576725717 0.06895108935390812 0.15195338544042353
0 0.2607215133672712 0.24850009075186308 0.07383858402290802 0.16916815651766237
0 0.22702776603277122 0.24010178347207484 0.06451812802354437 0.1738011143631847
0 0.19418799403245304 0.2379489310127468 0.06760676535645346 0.170694295081344
0 0.15687889803468022 0.25457334963065764 0.06553518801718101 0.12693520472226433
0 0.1505572673854067 0.3827438014260557 0.07058631468808993 0.15821247579950323
0 0.18902942138763387 0.3989273376286051 0.07362040802036267 0.15041815651766247
0 0.23189817405313393 0.3900836027539156 0.06422722668681721 0.14880111436318472
0 0.2688260093889065 0.4078387293155446 0.08613858935390813 0.15205337939029934
0 0.3181174847230883 0.41380238300453664 0.07194882001909005 0.14103406615858277
0 0.35577202605822456 0.42686546438662576 0.06273745202099903 0.1550420240041051
0 0.40260157272436103 0.42268650361423726 0.08653857869190791 0.18642837939029935
0 0.4520203173933609 0.4395876573032293 0.0673885893539083 0.15194429508134402
0 0.49029247672658816 0.4385836935057787 0.06415450135263541 0.14255111436318463
0 0.5277561140594973 0.43524052488786785 0.062464732017817326 0.1316045240041051
0 0.5772384933959062 0.4576104285768599 0.07211245202099903 0.15509656615858275
0 0.6233140620623608 0.4557797629840111 0.07863517202418073 0.17857042759490122
0 0.6641481473981334 0.4735121636479411 0.08352266669318062 0.19578519867214011
0 0.7096242794000425 0.4873110432346322 0.08346812269254436 0.19109769867214013
0 0.759833364735815 0.5049889017440844 0.08488517202418074 0.17860678903121965
0 0.8053094967377239 0.5187877813307755 0.06273745202099903 0.1550420240041051
0 0.8435634747374058 0.516221317533325 0.0706044960216353 0.15977497579950323
0 0.8913742660725422 0.5292253115813965 0.07532835868872638 0.16292724687674215
0 0.9353515327418602 0.5485020315271673 0.07689085868872639 0.16293633723582168
0 0.9222350094286774 0.6970258899384236 0.07663632001909022 0.14106133723582168
0 0.8721895560948137 0.6934105314289714 0.07525563335454422 0.15667724687674198
0 0.8322912620941775 0.6889548355855016 0.07543744668999892 0.17230224687674217
0 0.794573086091632 0.6704230042034125 0.08012494668999892 0.1723295179539809
0 0.7469168360916322 0.6707002601553408 0.0831408586887262 0.16297269867214012
0 0.702321951424223 0.66549058538911 0.08150563335454457 0.1567136083130606
0 0.6527759374204051 0.6376519317001179 0.08157835868872639 0.16296360831306062
0 0.5934554814210415 0.6426848653451434 0.08968176002545328 0.18800906010845858
0 0.5477429920830417 0.6085734857584523 0.0736567706874535 0.1535431565176623
0 0.5029481127466326 0.5861763109922213 0.07545562802354447 0.17386474687674217
0 0.4670197034134054 0.5871666392510526 0.06444540268936265 0.1675511143631848
0 0.43026459074631446 0.5842552626894235 0.06102950135263541 0.1425329336450254
0 0.3803736787475872 0.5939211541799714 0.07518290802036276 0.15042724687674197
0 0.34339129941117824 0.5714785276183424 0.07663632001909004 0.14106133723582168
0 0.2942361840785873 0.5772336239293503 0.07213063335454448 0.15665906615858277
0 0.26420323874122387 0.5477188407518631 0.06262836401972631 0.14566702400410508
0 0.2184276620782691 0.5753307563447118 0.07545562802354437 0.17386474687674197
0 0.18056403540736024 0.5442989249626227 0.0800158586887263 0.16295451795398092
0 0.13985721940640575 0.5375040242986927 0.06902381468808994 0.15820338544042353
0 0.10659182809513199 0.700208557377984 0.07240335335772614 0.18009656615858277
0 0.15115944076222287 0.703074482144215 0.08639312802354437 0.17392837939029954
0 0.19652648476285922 0.7074983617309061 0.07229426535645347 0.17072156615858275
0 0.23033841076540457 0.7260529190106944 0.07692722135581712 0.16606133723582167
0 0.27406113876508637 0.7234546389564651 0.06608062802354438 0.17381020472226433
0 0.3092446607654045 0.7255938558771736 0.07536472135581711 0.16605224687674197
0 0.3608798860995863 0.7315438740275463 0.09115335335772609 0.1802056504675381
0 0.4101531801002226 0.7359450277165382 0.07698176535645337 0.17074883723582168
0 0.4526224907701771 0.7599183380213885 0.06900563335454457 0.1566408854404237
0 0.4926207821053133 0.7729677838648582 0.07062267735518084 0.16133747579950325
0 0.5333730514401315 0.7836689345287884 0.07233062802354429 0.17384656615858277
0 0.5844906561107222 0.8122797478587007 0.07696358402290801 0.1691863372358217
0 0.6389690707749496 0.793992835290914 0.08008858402290801 0.1692045179539811
0 0.6971361067790858 0.8241252420049682 0.0752919960216353 0.15980224687674216
0 0.7379156481142221 0.8371701426688982 0.08012494668999892 0.17232951795398108
0 0.7841184861154946 0.8462769770760495 0.08635676535645338 0.17080337939029916
0 0.8302031454487221 0.8452275614832008 0.08314085868872638 0.16297269867214012
0 0.8747434861154947 0.8457497362494315 0.07867153469127146 0.1816954275949012
0 0.9263696207829039 0.8509185043998041 0.07696358402290784 0.1691863372358217