0 0.203125 0.9406652868534724 0.1546875 0.05672539152687506
0 0.2046875 0.8946079044446529 0.1515625 0.055090156344514085
0 0.19921875 0.8569806178755212 0.1484375 0.05814242116215311
0 0.1890625 0.8161192285328474 0.1328125 0.05152874525034754
0 0.19375 0.779509581306389 0.140625 0.051710583206250146
0 0.18359375 0.7402106919637154 0.15 0.05192878875333342
0 0.18046875 0.7034192067813543 0.1515625 0.05196515634451408
0 0.16875 0.6679901998475002 0.1296875 0.05301851006798621
0 0.1640625 0.6264748470739585 0.1328125 0.04996624525034719
0 0.16171875 0.5943890456871876 0.1359375 0.04847648043270851
0 0.15546875 0.5606498253224654 0.1234375 0.051310539703263915
0 0.14921875 0.5230043549577432 0.1296875 0.056143510067986215
0 0.146875 0.48388730357097237 0.1375 0.057887848023889
0 0.1390625 0.44151796561506956 0.1328125 0.05777874525034736
0 0.14375 0.4072520683886112 0.125 0.041971907294444576
0 0.134375 0.3742213628415279 0.15 0.048803788753333424
0 0.125 0.3380656572944446 0.1359375 0.04222648043270851
0 0.16640625 0.3069981484607293 0.1359375 0.04847648043270851
0 0.15234375 0.2746395901401043 0.1484375 0.055017421162152934
0 0.1453125 0.23697593597979177 0.1359375 0.05160148043270842
0 0.146875 0.20576230357097236 0.1453125 0.048694685979791784
0 0.1375 0.172731598023889 0.1140625 0.05109233415618064
0 0.1640625 0.14444359707395846 0.1140625 0.04171733415618064
0 0.27890625 0.1244603650257294 0.1390625 0.051674215615069574
0 0.425 0.13489198480111148 0.125 0.057596907294444576
0 0.5703125 0.13905542078090324 0.1453125 0.05181968597979179
0 0.70703125 0.125831335009202 0.1421875 0.05799695079743068
0 0.84765625 0.10176066821545211 0.1703125 0.05865156743868072
0 0.85234375 0.13546352098899378 0.128125 0.05923214247680568
0 0.8765625 0.17040221865229238 0.1609375 0.06155836189159736
0 0.86796875 0.22098344690079932 0.1796875 0.05730727298576408
0 0.875 0.25708460106111186 0.1671875 0.06014133225631966
0 0.8765625 0.30008971865229245 0.1796875 0.05886977298576408
0 0.8765625 0.3446209686522924 0.1703125 0.05708906743868072
0 0.88515625 0.38388349040378544 0.16875 0.06486519984750014
0 0.87734375 0.4282329024478827 0.1640625 0.0647560970739585
0 0.89140625 0.4676227107685077 0.1734375 0.06653680262104178
0 0.90703125 0.5078301366803133 0.171875 0.0727504350298613
0 0.9140625 0.5509625408406258 0.171875 0.05400043502986129
0 0.9171875 0.597910276022987 0.165625 0.06635496466513899
0 0.925 0.6457483639788897 0.15 0.06442878875333342
0 0.92421875 0.6926051801832994 0.1515625 0.055090156344514085
0 0.93046875 0.7466569005480217 0.1390625 0.06261171561506948
0 0.92734375 0.8059591653656606 0.1453125 0.05963218597979179
0 0.9265625 0.8434409815700702 0.146875 0.05341855357097245
0 0.92109375 0.8933136950009384 0.1578125 0.06617312670923639
0 0.92109375 0.9433136950009384 0.1578125 0.06304812670923639
0 0.921875 0.9785692496187505 0.15625 0.0428615007624991
0 0.76953125 0.9771960464464933 0.1546875 0.04560790710701355
0 0.63515625 0.9655646758148964 0.1609375 0.06155836189159736
0 0.49375 0.959148408813056 0.1515625 0.05977765634451408
0 0.36015625 0.9513514797671183 0.1609375 0.06468336189159736
0 0.34921875 0.9018781566288545 0.1546875 0.045787891526875055
0 0.3453125 0.8697559876509031 0.1453125 0.04556968597979179
0 0.34453125 0.8361440538553129 0.1375 0.04851284802388918
0 0.32734375 0.8029315103523267 0.1484375 0.05345492116215276
0 0.33125 0.765522429330278 0.1484375 0.048767421162152935
0 0.32421875 0.7286400251699655 0.1375 0.051637848023889
0 0.309375 0.6782945330537503 0.1453125 0.058069685979791785
0 0.30625 0.6383780478713892 0.14375 0.0611583183886113
0 0.3015625 0.5906126950978475 0.1515625 0.05196515634451408
0 0.29375 0.5552746071419448 0.1421875 0.051746950797430816
0 0.29375 0.5193371071419447 0.1609375 0.050620861891597355
0 0.29296875 0.4841626733463544 0.1609375 0.05530836189159736
0 0.28984375 0.44502743816399326 0.1703125 0.06021406743868063
0 0.2984375 0.40772745991548637 0.1484375 0.06126742116215293
0 0.29453125 0.37716779093753494 0.1578125 0.05836062670923621
0 0.27890625 0.3408666150257294 0.1734375 0.05716180262104178
0 0.2859375 0.2910302691860419 0.1390625 0.051674215615069484
0 0.278125 0.25725468123013917 0.1546875 0.055162891526875056
0 0.27265625 0.2250961446610072 0.159375 0.045896994300416785
0 0.2734375 0.19464557845659744 0.15625 0.04894925911805568
0 0.2921875 0.16226948955076415 0.1140625 0.04952983415618064
0 0.41171875 0.17052036027607673 0.1421875 0.05330945079743068
0 0.42265625 0.20671243341434065 0.1359375 0.05785148043270842
0 0.4109375 0.24628342648048643 0.134375 0.046877612841527846
0 0.42421875 0.2817488010055212 0.134375 0.06875261284152785
0 0.425 0.3278607348011115 0.1265625 0.05450827488562506
0 0.4328125 0.3639800727570143 0.1421875 0.04549695079743064
0 0.42578125 0.4067851685967018 0.1671875 0.06639133225631966
0 0.4359375 0.45389655793937533 0.1390625 0.05011171561506948
0 0.43203125 0.48974313896142396 0.1296875 0.048331010067986215
0 0.4265625 0.523990852392292 0.1203125 0.04811280452090294
0 0.44296875 0.5720289620996878 0.1390625 0.053236715615069485
0 0.43671875 0.6140709917349657 0.1609375 0.059995861891597356
0 0.4484375 0.6541874986688198 0.1765625 0.06348453780340294
0 0.45703125 0.6965750204203129 0.1734375 0.06184930262104178
0 0.46875 0.7460665273541671 0.1609375 0.06624586189159735
0 0.4765625 0.7876546153100699 0.1390625 0.045424215615069666
0 0.471875 0.8242642625365282 0.1453125 0.05338218597979179
0 0.4796875 0.868977350492431 0.1453125 0.05494468597979178
0 0.49296875 0.9122552250174657 0.146875 0.05810605357097245
0 0.63125 0.916255006836945 0.125 0.05915940729444458
0 0.63359375 0.8694345582237158 0.1390625 0.05636171561506949
0 0.63203125 0.8326794406325352 0.15625 0.05519925911805572
0 0.61953125 0.7956697499030908 0.1546875 0.061412891526875235
0 0.6234375 0.7520106688810422 0.1453125 0.06431968597979179
0 0.62265625 0.7098049850854519 0.140625 0.06421058320625014
0 0.6015625 0.6616577726045143 0.146875 0.06123105357097245
0 0.61171875 0.6064254119471879 0.1703125 0.06802656743868063
0 0.58359375 0.5604582953059379 0.1390625 0.05479921561506949
0 0.56796875 0.5179071193941324 0.1578125 0.053673126709236386
0 0.57265625 0.48442247216767403 0.1515625 0.045715156344514084
0 0.57265625 0.4500474721676741 0.1296875 0.04520601006798621
0 0.5859375 0.4050440966927088 0.1359375 0.05785148043270851
0 0.56875 0.36870655318972273 0.1265625 0.059195774885625066
0 0.57890625 0.3236304425323963 0.1390625 0.053236715615069576
0 0.55390625 0.2925798110735074 0.1328125 0.048403745250347366
0 0.5828125 0.2534088615103477 0.1578125 0.05523562670923621
0 0.5578125 0.21532698005145878 0.1484375 0.06126742116215293
0 0.55625 0.17622811246027825 0.14375 0.05178331838861121
0 0.70859375 0.16336770260038253 0.1640625 0.05381859707395846
0 0.7078125 0.20475576880479224 0.1546875 0.06766289152687514
0 0.7078125 0.24772451880479224 0.1546875 0.053600391526875145
0 0.72265625 0.2808825109210075 0.15 0.05817878875333342
0 0.71484375 0.32054442296510477 0.1578125 0.045860626709236206
0 0.71484375 0.35335692296510474 0.15 0.05505378875333342
0 0.71484375 0.40101317296510475 0.1609375 0.07249586189159736
0 0.71484375 0.44788817296510486 0.1546875 0.05672539152687506
0 0.73359375 0.4905120840592715 0.1421875 0.051746950797430635
0 0.7421875 0.5274308558107645 0.1453125 0.050257185979791785
0 0.746875 0.5666024585843061 0.1578125 0.052110626709236385
0 0.76953125 0.6171297886564242 0.153125 0.05825152393569457
0 0.74765625 0.6642768923798965 0.1515625 0.061340156344514084
0 0.7703125 0.7218354724520145 0.1453125 0.058069685979791785
0 0.778125 0.7618610604079172 0.1546875 0.05985039152687506
0 0.78203125 0.8049207293858688 0.1515625 0.06446515634451408
0 0.77734375 0.8469991266123271 0.1453125 0.06275718597979178
0 0.7734375 0.8883144576343757 0.1640625 0.06006859707395833
0 0.7734375 0.9367519576343757 0.1515625 0.05821515634451409