0 0.159510778868608 0.08011241964391634 0.1660492052052021 0.06377394805083536
0 0.16844543408792756 0.126097075488115 0.16283319994353027 0.06215690097293471
0 0.16920356826055968 0.16596809902706533 0.15832771046687397 0.06520008035608367
0 0.16541071032569962 0.20826469318286667 0.14381018415851474 0.057142118505530616
0 0.17696983660582402 0.24560105194916465 0.1500601841585147 0.05725121266133195
0 0.17317697867096393 0.287897646104966 0.16099768415851473 0.05744212743398434
0 0.1753611049510883 0.325397646104966 0.1611796946818584 0.06056712743398433
0 0.16977823386204863 0.3638152637997177 0.14077618942018658 0.05865007142762994
0 0.17149962855802445 0.4067976505691929 0.14215667889684286 0.055552344966580236
0 0.1742374916839692 0.44037776379971766 0.14684417889684287 0.05563416558343128
0 0.17398686270242175 0.4763561741081432 0.13452618942018651 0.05854097727182861
0 0.1739637468750539 0.5162408344165688 0.14095819994353026 0.061775071427629946
0 0.17789238367852195 0.5568385608776184 0.1472992052052021 0.06344666558343129
0 0.17727002837449782 0.599861857955519 0.14114021046687392 0.06490007142762977
0 0.18795689939295035 0.6356493534912921 0.13232665258848364 0.047576203732878145
0 0.183709015149731 0.6701334476470936 0.1594351841585147 0.05741485389503396
0 0.18046989406069133 0.7085101550334197 0.14482665258848365 0.04779439204448081
0 0.22746599140162055 0.7366254724038599 0.14509966837349922 0.05248189204448082
0 0.21853060715840122 0.7711913871765123 0.15814569994353028 0.06207508035608367
0 0.21768073870019747 0.8103084342544129 0.14546368942018653 0.058731892044480816
0 0.2258418491953063 0.8430118400986115 0.15474768415851478 0.05733303327818291
0 0.22163946758292288 0.8782771842544129 0.1234976841585147 0.0567875624991764
0 0.2528740570313443 0.9043214870143566 0.12295165258848365 0.0474125624991764
0 0.37460484386304727 0.913145287745705 0.1500601841585148 0.05725121266133186
0 0.5240210149379696 0.8870758912369974 0.1347992052052021 0.0632284772718286
0 0.6730654596904151 0.8680513814977647 0.15483868942018653 0.05889553327818291
0 0.8161707175829228 0.8678996026838085 0.15364021046687384 0.0651182597392328
0 0.9368362022214303 0.8778358900224766 0.12632759555713946 0.06558190990138826
0 0.94794451934304 0.843406342944576 0.10411096131391986 0.06484552434972919
0 0.9479788285721419 0.8049478149413988 0.10404234285571619 0.06668075973923245
0 0.9347584917545564 0.7520273664835263 0.13048301649088714 0.06396486282348768
0 0.9383084259836583 0.7144455458666753 0.12338314803268347 0.06692622158978559
0 0.9331281023202525 0.6707637297140512 0.13374379535949502 0.06706258928453739
0 0.9318085260260105 0.6238887297140512 0.136382947947979 0.06393758928453738
0 0.9328326997317689 0.5832228194056256 0.1343346005364623 0.07323076866768634
0 0.9264805010683629 0.5380466871003773 0.14703899786327418 0.07018758928453739
0 0.9278952997741211 0.4949824797140511 0.14420940045175784 0.07487508928453739
0 0.9320899761107151 0.45348077232772493 0.13582004777856974 0.07937167451188501
0 0.9330192919169068 0.4081546355582497 0.13396141616618634 0.058950080356083664
0 0.9325758235222317 0.3589495223277249 0.13484835295553665 0.07134098620028233
0 0.9366112406509 0.30888133848034904 0.1267775186982 0.06953302434972919
0 0.9318670446183299 0.26132054586667525 0.13626591076334016 0.05865007142762994
0 0.9323629918957307 0.20426202232772495 0.12873121572854593 0.06624438311602718
0 0.9202655393213647 0.1442557767919518 0.13966871572854558 0.06643529788867956
0 0.9133484104104042 0.1060563474088028 0.14077618942018652 0.05865007142762994
0 0.9009247341443973 0.05387623864250485 0.15400423151356152 0.07136825973923264
0 0.8928623341867497 0.017895243103436438 0.1575996683734992 0.035790486206872876
0 0.737310284200867 0.004428806820428605 0.16212056840173403 0.00885761364085721
0 0.5999390868175855 0.021294752842669074 0.17175317363517095 0.04258950568533815
0 0.4553546289109603 0.03189706209543437 0.16310621572854594 0.06379412419086875
0 0.3189921946818584 0.05230324513203133 0.1742257262518895 0.07016031574558705
0 0.31735337094786537 0.10472881574888235 0.1638496683734992 0.05280917451188501
0 0.3184832314429742 0.13755495251835753 0.1560371683734992 0.05267280681713329
0 0.32282909719975483 0.171889042209932 0.1466621683734992 0.052509165583431286
0 0.3101239708490433 0.20886689082996024 0.15961719468185845 0.060539853895033954
0 0.3209473497600036 0.24699813636573337 0.15769067363517103 0.05426258035608367
0 0.31927072867096395 0.28534757021310925 0.14702618942018653 0.058759165583431285
0 0.31303541019864267 0.33941746144681123 0.1551117052052021 0.0635830332781829
0 0.31622829963294674 0.3808100746773361 0.15382222099021767 0.06824325973923262
0 0.31909496537561 0.4300288246773361 0.16274219468185844 0.06059440097293471
0 0.3181085890248984 0.4668021217552368 0.15327618942018653 0.05886825973923262
0 0.32337221267418687 0.5034663246773361 0.17175317363517095 0.05450804220663663
0 0.3286358363234753 0.5401305275994354 0.17367969468185845 0.0607853157455871
0 0.3317832231269434 0.5807418908299603 0.18185621572854577 0.06717168344033872
0 0.34807535203790374 0.6187776789794072 0.15998121572854584 0.06678985389503396
0 0.34833295727134067 0.6500549525183575 0.169265210466874 0.06539099512873606
0 0.33893484144397285 0.690103254060485 0.18489021046687393 0.06566373051823948
0 0.35361126244830793 0.7406799525183575 0.1484976841585147 0.05722393912238157
0 0.3517981334667605 0.7766856363657334 0.16430469468185843 0.06062167451188501
0 0.3521467439618693 0.8095254099046837 0.1684461631118273 0.05132849512873605
0 0.3570918491953063 0.8407208628267832 0.16559417889684286 0.05596144805083512
0 0.38239495705957915 0.8723430097425279 0.12340667889684287 0.0552250624991764
0 0.503959143919517 0.8514520369349263 0.15327618942018653 0.0588682597392328
0 0.5094965123777208 0.8122531692401745 0.1472992052052021 0.06344666558343129
0 0.49086063346676045 0.7742582913991531 0.14353716837349922 0.05245461850553053
0 0.4980060045558002 0.735813400165451 0.14637374203690498 0.07435689204448082
0 0.49132409407480876 0.6882253340128269 0.13783319994353035 0.06172052434972919
0 0.4937819651638485 0.6498622633959759 0.15134966837349922 0.05259098620028233
0 0.47873381783703667 0.6063304517075786 0.18056673151356134 0.07183190990138844
0 0.4821171520943734 0.5570026075517772 0.14840667889684286 0.05566143912238175
0 0.470603528445085 0.5204474987854792 0.14050317363517095 0.053962571427629946
0 0.4591809100574684 0.4854548900191814 0.12782116311182729 0.050619383116027095
0 0.4679874916839692 0.43525033847705374 0.15015118942018651 0.05881371266133186
0 0.45532859698799333 0.392458866480231 0.1722992052052021 0.06388304220663663
0 0.4606384522920175 0.3493537487854793 0.18837923151356134 0.07196827759614007
0 0.4626867997035339 0.30395942816862825 0.18507222099021767 0.06878873051823949
0 0.4659791286991988 0.2530690840128269 0.17284523677523325 0.07325804220663672
0 0.46807297874155107 0.20845601339597591 0.1497871683734992 0.05256371266133195
0 0.45577810509226263 0.17191454139915313 0.15649219468185843 0.060485306817133336
0 0.4561274446112712 0.12420374432125243 0.1566742052052021 0.06361030681713328
0 0.4628632920227876 0.07872760308755038 0.15832771046687383 0.06520008035608367
0 0.6049219894060691 0.060607074273594276 0.13489021046687402 0.06479097727182856
0 0.6147288998870606 0.10814059334831776 0.15033319994353037 0.061938712661331954
0 0.6200835287980209 0.14636729627041706 0.1676117052052021 0.06380122158978571
0 0.612202410339817 0.1856070742735943 0.16623121572854577 0.06689894805083538
0 0.6242165629283007 0.23075593303989222 0.15712923151356134 0.07142280681713328
0 0.6298897102551125 0.2744513859619916 0.15078822625188942 0.06975121266133195
0 0.6173133865211193 0.32706787135149495 0.1570382262518894 0.06986030681713329
0 0.6369048206796342 0.38146899919251637 0.182311242036905 0.07498418344033872
0 0.6155982390531334 0.43189173904624667 0.14877069994353037 0.061911439122381576
0 0.6065641442724529 0.4781900405883742 0.16899219468185844 0.06070349512873605
0 0.6163332573983975 0.5116474228936225 0.16237817363517096 0.05434440097293471
0 0.6231138784168502 0.5475031022767715 0.1388496683734992 0.052372797888679656
0 0.6445030310053337 0.5924883198093674 0.14582771046687384 0.06498189204448082
0 0.63271566254713 0.6317962816599205 0.13645271046687385 0.0648182508107789
0 0.6501985651356137 0.6768496830398922 0.15015118942018651 0.05881371266133186
0 0.6302801782615584 0.710825262585197 0.1419746683734992 0.05242734496658023
0 0.6676660571725186 0.7484928579588144 0.16908319994353035 0.062265995128736054
0 0.6474669492376586 0.7910758242735942 0.15850972099021768 0.06832508035608349
0 0.6521313334102907 0.8308786639651687 0.15327618942018653 0.0588682597392328
0 0.8115518360411267 0.8288780129922341 0.17680469468185828 0.060839862823487675
0 0.8035349387143148 0.7852234703785602 0.16659523677523325 0.0731489480508353
0 0.797126044018339 0.7423229042259362 0.16586719468185845 0.060648948050835295
0 0.8051891729998865 0.7062081262227589 0.15989021046687385 0.06522735389503395
0 0.7918855361964183 0.6657740409954113 0.16862817363517096 0.054453495128736054
0 0.7859771704396378 0.6314672248427872 0.1613617052052021 0.06369212743398442
0 0.7776872573278103 0.5831251822291132 0.17468075256024881 0.07797281574558709
0 0.770178594215983 0.5347695028459644 0.1660492052052021 0.06377394805083547
0 0.7816019416274995 0.4892115409954113 0.15327618942018653 0.05886825973923262
0 0.7839688074548674 0.44928597037856033 0.15631018415851478 0.057360306817133375
0 0.7832106732822351 0.40941494683960994 0.16899219468185828 0.06070349512873605
0 0.7972584917545564 0.35520868791115623 0.1629242052052021 0.06371940097293471
0 0.767139081273565 0.3080297248427872 0.16319722099021766 0.06840690097293471
0 0.780777376068363 0.24679221591433337 0.15520271046687384 0.06514553327818291
0 0.7830077340032229 0.20452289529748238 0.16623121572854593 0.06689894805083538
0 0.7796328340455752 0.16000528206695758 0.16347023677523326 0.07309440097293467
0 0.7677551893495995 0.1172001733006596 0.1570382262518894 0.06986030681713333
0 0.7558775446536236 0.07439506453436165 0.17551521046687402 0.06550008928453739
0 0.7483233789109602 0.029340167818840003 0.16310621572854594 0.058680335637680006