0 0.9145582242194024 0.20505716550073094 0.06114994120271575 0.15498016587924912
0 0.8702726356847919 0.2081895999843016 0.05950555404758617 0.15336310217691818
0 0.8325679177969674 0.20297382112836101 0.062384892582196726 0.14878472958157998
0 0.7907931755988835 0.1944966330165933 0.055397908186028924 0.13450397477225656
0 0.7552651113745321 0.20105416786298366 0.055725456806547766 0.14075397477225646
0 0.7150528691764484 0.19263154345354683 0.056216779737326306 0.15012897477225656
0 0.6790334820213186 0.18981407829993716 0.05629866689245624 0.1516914747722565
0 0.6426456026681049 0.17996536314632747 0.055234133875769406 0.13137897477225655
0 0.6011165219354103 0.17617567503455978 0.053753521030899164 0.1328869110699257
0 0.5698665219354103 0.17508440098794267 0.05243668249628843 0.1375198473675948
0 0.5345464976251508 0.1707317176854984 0.054906585255250384 0.12512897477225654
0 0.4968008361597615 0.16473468882955786 0.05835913387576941 0.13148810217691825
0 0.4577792797373264 0.16415184627128648 0.061811682496288434 0.13784722958157994
0 0.41612736827193714 0.1580184081595188 0.061566021030899164 0.13315972958157998
0 0.38207991689245613 0.16306800670823995 0.04553158525525038 0.12480159255827142
0 0.348980811849502 0.156453418959292 0.05309177973732639 0.1500198473675948
0 0.31185262607385333 0.14735867195451688 0.046186682496288434 0.1373015925582714
0 0.28602046641748635 0.19012652531256147 0.05079229534115868 0.13590278366526398
0 0.25255286917644837 0.17648068756361351 0.05925989258219673 0.14867560217691822
0 0.2140259577110591 0.17045637685650755 0.055479795341158676 0.13606647477225656
0 0.18302161917644832 0.1740526028098904 0.05284611827193717 0.14533234736759484
0 0.14984062697836445 0.16587551506094245 0.05441526232447189 0.1157539747722565
0 0.12475209577069997 0.1930729321213179 0.04504026232447185 0.11542659255827141
0 0.11596799525030162 0.30817957694917475 0.055725456806547904 0.14075397477225654
0 0.14073005709980366 0.4533110276748141 0.06115658525525038 0.12534722958158007
0 0.15846086894930572 0.5981969417399647 0.05597111827193717 0.14544147477225647
0 0.15933505144559412 0.7339161869306413 0.062139231116807414 0.1440972295815799
0 0.14955833898483667 0.8747222362050019 0.06353131275401322 0.17065972958158007
0 0.18253461329509618 0.8789930739539498 0.0628828595655099 0.12852679328391084
0 0.2195775898893478 0.9013417891075596 0.06624687697836444 0.1629563569862416
0 0.26974468622587466 0.8913963594333124 0.06254202283992143 0.18154266587924894
0 0.3050647105361342 0.8957490427357566 0.06493003844375371 0.16758929328391084
0 0.34803346053613415 0.8972495445498552 0.06402263568479168 0.1800347295815797
0 0.3924009362258747 0.8956796100662846 0.061968812754013225 0.17060516587924895
0 0.4309687912688288 0.9024851707733905 0.06969942559888338 0.1693154843909035
0 0.4757080811829205 0.8931300181409852 0.06945376413349429 0.16462798439090348
0 0.5153847348463938 0.9062128606992568 0.07150758706427282 0.17405754809323426
0 0.5566648320874317 0.9168874327542902 0.07767569990914289 0.16622513449141962
0 0.6000430178630805 0.919754499768332 0.05933513568479185 0.16049100046333606
0 0.6469999050182101 0.922807577898633 0.07150758706427282 0.15438484420273396
0 0.6964643164835994 0.929135706210344 0.07085248982323478 0.14172858757931195
0 0.74239429217334 0.9276786163732205 0.061641264133494286 0.14464276725355915
0 0.7972455664835996 0.9328757924616795 0.06731805404758599 0.13424841507664098
0 0.8539492678630805 0.9284164709548005 0.06624687697836436 0.14316705809039904
0 0.8902176385098668 0.9271726740851015 0.05794305404758582 0.14565465182979692
0 0.9407941706220424 0.9213095818433162 0.07142569990914324 0.15738083631336758
0 0.9781786078122584 0.9194755079317753 0.04364278437548315 0.16104898413644939
0 0.9913741089996829 0.7660517184032887 0.017251782000634108 0.15648810217691836
0 0.9749623363291036 0.6340105447194911 0.050075327341792784 0.1629563569862416
0 0.9623560736081471 0.49214050324967895 0.06411116689245625 0.15196429328391084
0 0.941374108999683 0.3596181799287012 0.06937187697836436 0.16306548439090332
0 0.891046560379164 0.35162214145411386 0.05029432835784533 0.15616071996293313
0 0.8589334232240343 0.3489410855563313 0.04980300542706715 0.14678571996293305
0 0.8261618668015991 0.3485764978073833 0.05087418249628826 0.13746528366526398
0 0.7910498824054314 0.3333135963561045 0.056216779737326486 0.15012897477225656
0 0.7546586810259504 0.33828134935132936 0.05144739258219673 0.148402783665264
0 0.7176533259829962 0.33153035234655426 0.055561682496288255 0.13762897477225655
0 0.6663398094746529 0.31960078202080144 0.06065861827193721 0.14560516587924913
0 0.626455115897088 0.3174281576113646 0.06526423111680746 0.14420635698624168
0 0.5787169787419583 0.31420146469027355 0.05638055404758582 0.15325397477225647
0 0.5440963172765689 0.3083135632389947 0.05588923111680746 0.14387897477225656
0 0.5082816480092636 0.309402348085385 0.05358310266810484 0.15939484736759485
0 0.47320728516439325 0.3097371647829408 0.05999687697836435 0.16273810217691817
0 0.4348850915868285 0.3076191040758348 0.06509381275401331 0.17071429328391083
0 0.3979992452503016 0.31802832521989427 0.06402927973732639 0.15040179328391085
0 0.367407664517607 0.3146205830244425 0.06295810266810493 0.1597222295815799
0 0.330033817276569 0.3008383360196675 0.062132587064272736 0.1737301658792491
0 0.2813473337849124 0.30927582939624554 0.05564356965141819 0.13919147477225646
0 0.24746697874195825 0.30263395979613206 0.05802494120271575 0.1548710384745874
0 0.21449070443169874 0.2983631220471841 0.04889560266810493 0.15923115626060227
0 0.18500792231952312 0.30123266170289786 0.05341932835784542 0.15626984736759475
0 0.1548224553362099 0.32045388765628074 0.05285276232447189 0.11569941106992569
0 0.17502649197094128 0.43813246097725844 0.05588923111680746 0.14387897477225647
0 0.21145531490171976 0.44876242613086814 0.061811682496288434 0.13784722958158008
0 0.24973988692798713 0.4352827686891395 0.05071040818602892 0.134340283665264
0 0.28625059701389544 0.4474752338427493 0.07102290818602892 0.13504961179556502
0 0.33144026628120077 0.446713831210344 0.0581953595655099 0.12836310217691818
0 0.36766437132415486 0.4534375463639537 0.0495573439616777 0.14209821996293304
0 0.4101008548158115 0.44478179817805225 0.06969942559888338 0.16931548439090333
0 0.45656309701389536 0.45342267739681247 0.05408106965141819 0.1391369110699257
0 0.49213210481581154 0.44764639255042216 0.05210913387576941 0.13126984736759476
0 0.5260976690401628 0.441034294001701 0.05153592378986112 0.12033234736759475
0 0.5736687098587657 0.4559524550716267 0.05728795680654777 0.1408085384745874
0 0.6153648869279872 0.44805067503455975 0.06303998982323478 0.16128472958158008
0 0.6556999598587657 0.4588170494439966 0.06862824852966191 0.17863592068857254
0 0.6997365649017198 0.4658135831092606 0.06525758706427283 0.17383929328391085
0 0.7486244442549334 0.47609880788151704 0.07093437697836436 0.16312004809323427
0 0.7910576057203227 0.48225952784445025 0.04947545680654795 0.1405357199629332
0 0.826585669944674 0.4757019929980599 0.05605300542706715 0.14700397477225663
0 0.8721028878324983 0.48119059036565465 0.05917800542706679 0.14711310217691817
0 0.9156448479184064 0.49362859217975324 0.06230300542706715 0.14722222958158007
0 0.9337884175698248 0.6315105380960693 0.06280097241038014 0.12696429328391085
0 0.8871590790352141 0.6345611270261435 0.060412956806548124 0.14091766587924912
0 0.8505631597679086 0.6356226300213684 0.05966932835784533 0.15648810217691816
0 0.8132711996820003 0.6234028830165934 0.06435682835784533 0.15665179328391082
0 0.7698896918800842 0.6289063493513294 0.06855300542706697 0.14744048439090332
0 0.7278250226127788 0.6297768793883962 0.06822545680654794 0.14119048439090348
0 0.6777055139063515 0.6108706227649743 0.0654280054270668 0.1473313569862416
0 0.6253174983025194 0.6230779568857252 0.0714256999091429 0.17249504809323427
0 0.5771323038204433 0.5964410458157996 0.05876856965141819 0.13930060217691817
0 0.5335084565794054 0.582440544001701 0.05818871551297526 0.1579960384745874
0 0.5002422551999244 0.5875174244015875 0.05013055404758582 0.15303571996293322
0 0.4660310295101838 0.5894420229503088 0.048902246720639655 0.12959821996293303
0 0.4239220946390462 0.6043477711362103 0.061729795341158675 0.13628472958158006
0 0.38564416666531354 0.5881944922802698 0.0628828595655099 0.12852679328391084
0 0.3425492639063516 0.5991667086150058 0.05728795680654795 0.1408085384745874
0 0.30937159373453504 0.5761731527172232 0.05062852103089917 0.132777783665264
0 0.273550280414695 0.6068948738612827 0.05983310266810493 0.15961310217691818
0 0.2332594730877487 0.5820932813030113 0.06550989258219672 0.1488938569862416
0 0.19427886024287844 0.5822916887447398 0.05588923111680746 0.14387897477225664
0 0.1975753578680292 0.7344717476377474 0.05859815128862396 0.1658085384745874
0 0.23803658355776974 0.7327654038983494 0.07060682835784542 0.15687004809323427
0 0.28006030924751024 0.7311136238612826 0.05810682835784542 0.1564335384745874
0 0.3134869629109834 0.7439782116102306 0.062466779737326485 0.15034722958158006
0 0.35279844640264 0.7352133360196674 0.05037621551297518 0.1577232199629332
0 0.38548811566994534 0.7340154237686154 0.05934177973732639 0.15023810217691835
0 0.4329805913596859 0.7325546166897065 0.07718437697836436 0.16333830290255769
0 0.47891056704942636 0.7310392459084668 0.06114994120271575 0.15498016587924912
0 0.521875995023159 0.7473562158713999 0.05588923111680746 0.14387897477225647
0 0.560484793643678 0.7549430265785059 0.054490505427066974 0.1469494110699255
0 0.5989298179539375 0.7594048372856118 0.056708102668104846 0.15950397477225664
0 0.6514340202379296 0.7791741894625301 0.06106805404758582 0.15341766587924913
0 0.6962175757558537 0.7557838186812903 0.06575555404758582 0.1535813569862416
0 0.7550536651949755 0.7773339256675319 0.062221118271937215 0.14565972958158008
0 0.7951430766603649 0.7834128000769688 0.06435682835784533 0.15665179328391082
0 0.8381527702379298 0.7856945518910673 0.06888055404758617 0.15369048439090333
0 0.8783683344622808 0.7793007081516696 0.06699050542706715 0.14738592068857254
0 0.919406092264197 0.7737153962634373 0.06484815128862387 0.16602679328391085
0 0.9668985679539375 0.7722545891845283 0.06263055404758582 0.15347222958157988