0 0.090625 0.190625 0.04765625 0.1484375
0 0.134375 0.19375 0.0453125 0.146875
0 0.17109375 0.1890625 0.0484375 0.1421875
0 0.2109375 0.18046875 0.0421875 0.128125
0 0.246875 0.18671875 0.04296875 0.13515625
0 0.28515625 0.17890625 0.0421875 0.14453125
0 0.3203125 0.17578125 0.04296875 0.1453125
0 0.35546875 0.16640625 0.04296875 0.12578125
0 0.3953125 0.1625 0.040625 0.12734375
0 0.4265625 0.16171875 0.040625 0.13125
0 0.46015625 0.15703125 0.04296875 0.11953125
0 0.49765625 0.1515625 0.046875 0.125
0 0.53515625 0.15078125 0.0484375 0.1328125
0 0.57578125 0.1453125 0.04921875 0.1265625
0 0.609375 0.15078125 0.03359375 0.1203125
0 0.6421875 0.14296875 0.03984375 0.14453125
0 0.67734375 0.13515625 0.03359375 0.13125
0 0.70703125 0.17578125 0.03828125 0.13046875
0 0.73828125 0.16328125 0.04453125 0.1421875
0 0.775 0.1578125 0.04375 0.13046875
0 0.80625 0.1609375 0.040625 0.1390625
0 0.83828125 0.153125 0.04453125 0.11015625
0 0.865625 0.17890625 0.03515625 0.1109375
0 0.88359375 0.29140625 0.0421875 0.134375
0 0.87109375 0.434375 0.0484375 0.1203125
0 0.86640625 0.57578125 0.0421875 0.1390625
0 0.87734375 0.70859375 0.04921875 0.13671875
0 0.89921875 0.846875 0.046875 0.1640625
0 0.86640625 0.85078125 0.05 0.1234375
0 0.83203125 0.87265625 0.05078125 0.15546875
0 0.78203125 0.8625 0.0453125 0.175
0 0.74765625 0.86796875 0.04765625 0.1609375
0 0.70546875 0.86875 0.04765625 0.1734375
0 0.66171875 0.8671875 0.0453125 0.16328125
0 0.62421875 0.87421875 0.053125 0.16328125
0 0.58046875 0.86484375 0.05390625 0.15703125
0 0.5421875 0.87734375 0.05546875 0.1671875
0 0.503125 0.89140625 0.06171875 0.16640625
0 0.4609375 0.9046875 0.0421875 0.18125
0 0.41484375 0.90625 0.05546875 0.17265625
0 0.36640625 0.915625 0.0546875 0.16875
0 0.32265625 0.91328125 0.0453125 0.16796875
0 0.26875 0.91953125 0.053125 0.1609375
0 0.21328125 0.91484375 0.0515625 0.165625
0 0.17578125 0.9015625 0.04453125 0.14765625
0 0.1265625 0.9 0.05546875 0.165625
0 0.078125 0.89296875 0.05078125 0.159375
0 0.0328125 0.89609375 0.053125 0.1609375
0 0.03671875 0.74140625 0.05625 0.14921875
0 0.06015625 0.6109375 0.05078125 0.15546875
0 0.06875 0.47265625 0.05078125 0.1453125
0 0.078125 0.34296875 0.05390625 0.15625
0 0.12578125 0.334375 0.03671875 0.15
0 0.15703125 0.33125 0.03671875 0.13984375
0 0.1890625 0.33125 0.03828125 0.13203125
0 0.22265625 0.315625 0.04296875 0.14375
0 0.259375 0.32109375 0.03828125 0.1421875
0 0.29453125 0.31484375 0.04296875 0.1328125
0 0.34453125 0.303125 0.04765625 0.13984375
0 0.38359375 0.30078125 0.05234375 0.13828125
0 0.4296875 0.29765625 0.04375 0.146875
0 0.46328125 0.2921875 0.04375 0.13671875
0 0.4984375 0.29296875 0.0390625 0.15390625
0 0.5328125 0.29375 0.04453125 0.15625
0 0.57109375 0.29140625 0.0484375 0.16328125
0 0.60703125 0.3015625 0.05078125 0.14375
0 0.63671875 0.2984375 0.0484375 0.15234375
0 0.67265625 0.28515625 0.04609375 0.1671875
0 0.72109375 0.29296875 0.0421875 0.13359375
0 0.7546875 0.28671875 0.04453125 0.1484375
0 0.78515625 0.2828125 0.03515625 0.15390625
0 0.81484375 0.284375 0.0390625 0.15078125
0 0.84609375 0.30390625 0.04296875 0.109375
0 0.83671875 0.41953125 0.04375 0.13828125
0 0.8015625 0.4296875 0.0484375 0.13125
0 0.7640625 0.41640625 0.03828125 0.1296875
0 0.728125 0.428125 0.059375 0.1296875
0 0.68359375 0.42734375 0.046875 0.12265625
0 0.6484375 0.434375 0.03671875 0.1359375
0 0.60703125 0.42578125 0.05390625 0.1625
0 0.5609375 0.434375 0.040625 0.1328125
0 0.52578125 0.42890625 0.03984375 0.125
0 0.49296875 0.421875 0.0390625 0.11484375
0 0.44609375 0.4359375 0.04453125 0.134375
0 0.4046875 0.42890625 0.04765625 0.1546875
0 0.365625 0.4390625 0.05234375 0.17109375
0 0.32421875 0.446875 0.05 0.1671875
0 0.2765625 0.45625 0.0546875 0.15546875
0 0.23515625 0.4625 0.0375 0.13515625
0 0.2 0.45625 0.04375 0.13984375
0 0.15625 0.46171875 0.04609375 0.140625
0 0.1140625 0.47421875 0.0484375 0.1421875
0 0.10859375 0.60859375 0.05 0.1203125
0 0.15390625 0.61171875 0.046875 0.13515625
0 0.18984375 0.6125 0.046875 0.15078125
0 0.22578125 0.60078125 0.05078125 0.15
0 0.26875 0.60625 0.0546875 0.140625
0 0.31015625 0.60703125 0.0546875 0.13515625
0 0.35703125 0.58828125 0.05234375 0.14140625
0 0.41015625 0.6 0.05625 0.16484375
0 0.45546875 0.57421875 0.046875 0.13359375
0 0.49765625 0.56015625 0.04453125 0.1515625
0 0.5296875 0.565625 0.03671875 0.14609375
0 0.56328125 0.5671875 0.0375 0.12421875
0 0.60625 0.58125 0.05 0.13046875
0 0.64296875 0.565625 0.05 0.12109375
0 0.6859375 0.57734375 0.04453125 0.13515625
0 0.71640625 0.55390625 0.03828125 0.12734375
0 0.75390625 0.584375 0.04609375 0.153125
0 0.7921875 0.5609375 0.0515625 0.1421875
0 0.8296875 0.56015625 0.04296875 0.13828125
0 0.83984375 0.71015625 0.0421875 0.159375
0 0.8 0.7078125 0.05703125 0.14921875
0 0.75859375 0.70625 0.04375 0.14921875
0 0.7265625 0.71875 0.0484375 0.14453125
0 0.6875 0.7109375 0.0375 0.1515625
0 0.6546875 0.70859375 0.046875 0.14453125
0 0.60859375 0.7078125 0.06015625 0.15546875
0 0.56328125 0.70625 0.04765625 0.1484375
0 0.52265625 0.72265625 0.04296875 0.1375
0 0.48515625 0.7296875 0.04140625 0.140625
0 0.44765625 0.73359375 0.04296875 0.15234375
0 0.3984375 0.753125 0.04765625 0.14765625
0 0.35234375 0.7296875 0.05078125 0.14609375
0 0.29609375 0.75078125 0.0484375 0.1390625
0 0.2578125 0.75703125 0.05 0.15
0 0.215625 0.759375 0.05546875 0.146875
0 0.175 0.753125 0.05390625 0.140625
0 0.134375 0.74765625 0.0484375 0.15859375
0 0.0875 0.74609375 0.04921875 0.14609375