0 0.971875 0.19825204665247778 0.05625 0.15813975292686622
0 0.9296875 0.19849748634762743 0.059375 0.15659543364502548
0 0.8921875 0.19012190496553827 0.0625 0.1519261143631847
0 0.8515625 0.17863950430160833 0.0546875 0.13781816256778665
0 0.8140625 0.18120142291951918 0.05625 0.14407725292686627
0 0.775 0.1697099318965096 0.05625 0.1534522529268662
0 0.73828125 0.16367355533488062 0.05625 0.15501475292686626
0 0.703125 0.150596838414172 0.05625 0.13470225292686622
0 0.6609375 0.1438110281093217 0.0546875 0.1362556625677866
0 0.628125 0.14009567564999367 0.0546875 0.14094316256778666
0 0.59453125 0.13247861837020544 0.05625 0.12845225292686627
0 0.55625 0.1233263321676561 0.0609375 0.1347295240041051
0 0.51640625 0.11965188632418636 0.0625 0.14098861436318472
0 0.475 0.10973653083979622 0.0609375 0.1347295240041051
0 0.43984375 0.1122848139190876 0.0453125 0.1283886204133089
0 0.40703125 0.10231946145975959 0.0546875 0.15344316256778662
0 0.37109375 0.09080978971859079 0.046875 0.14089771077238852
0 0.33671875 0.1308535276183424 0.0515625 0.13936248184962738
0 0.30546875 0.11462908479993472 0.059375 0.15190793364502547
0 0.2671875 0.10547679859738537 0.05625 0.13938975292686626
0 0.234375 0.10644894613805733 0.0546875 0.14875566256778666
0 0.20234375 0.0956977984991895 0.05625 0.11907725292686624
0 0.171875 0.12165631050124204 0.046875 0.1190227107723885
0 0.14296875 0.23666823214421498 0.05625 0.14407725292686627
0 0.1421875 0.38589152732375476 0.0609375 0.1284795240041051
0 0.134375 0.5328119791191529 0.05625 0.14876475292686636
0 0.1109375 0.6696670845053472 0.0640625 0.1488102047222643
0 0.07578125 0.8120591175846386 0.0640625 0.17537270472226432
0 0.10859375 0.8188994700439667 0.0640625 0.1331852047222643
0 0.14296875 0.8452619821442149 0.0671875 0.16757838544042372
0 0.19609375 0.8387029099355079 0.0625 0.18473861436318478
0 0.23125 0.8470921268562165 0.0640625 0.1722477047222643
0 0.27421875 0.8523108919815272 0.065625 0.18475679508134385
0 0.3203125 0.8536052263886784 0.0609375 0.17379202400410493
0 0.35859375 0.8635387625912279 0.0703125 0.17540906615858276
0 0.4046875 0.857801846998379 0.0703125 0.16915906615858275
0 0.44453125 0.8747575428418488 0.0734375 0.18011474687674217
0 0.48359375 0.8917177838648584 0.0796875 0.17858860831306062
0 0.525 0.9047581393492484 0.059375 0.18472043364502538
0 0.57265625 0.90916838339732 0.0734375 0.1754272468767418
0 0.62265625 0.9174712419067724 0.0703125 0.15822156615858277
0 0.66796875 0.9179888714934634 0.0609375 0.1566045240041049
0 0.72421875 0.9254741185665972 0.0703125 0.14103406615858277
0 0.78203125 0.9235752752806512 0.0671875 0.14414088544042372
0 0.821875 0.924124721124121 0.059375 0.1425329336450254
0 0.87265625 0.9199230344540336 0.0734375 0.1504272468767418
0 0.92421875 0.9196230526044061 0.0671875 0.15039088544042373
0 0.95390625 0.9217940857818935 0.0328125 0.1455033975406721
0 0.96484375 0.7732929532683361 0.0390625 0.15803975897699055
0 0.965625 0.6381321580887962 0.0609375 0.1659795240041051
0 0.96953125 0.4943594321910972 0.0609375 0.1566045240041051
0 0.96953125 0.3576406821910972 0.0609375 0.1675420240041051
0 0.92578125 0.34539521224532643 0.0515625 0.15967498184962742
0 0.89296875 0.3393361097859985 0.05 0.15029089149054772
0 0.859375 0.33640655250621027 0.053125 0.14093407220870705
0 0.8265625 0.31784745004688225 0.0578125 0.15346134328594588
0 0.7890625 0.3204093686647931 0.053125 0.15187157220870695
0 0.75234375 0.31046674210316405 0.05625 0.14095225292686625
0 0.70234375 0.2943513835937118 0.0625 0.14880111436318472
0 0.66171875 0.2883377329297819 0.0671875 0.14882838544042354
0 0.6140625 0.28158373888171023 0.0578125 0.15658634328594587
0 0.57890625 0.2724132719610016 0.0578125 0.14721134328594587
0 0.5421875 0.27106439539937266 0.0546875 0.16438066256778666
0 0.50703125 0.2681439284786641 0.0609375 0.1659795240041051
0 0.4671875 0.26212573263519434 0.0640625 0.17381020472226433
0 0.42890625 0.27016094643264493 0.065625 0.15506929508134393
0 0.3984375 0.2640882084346975 0.0640625 0.1628727047222643
0 0.36171875 0.2471143318730685 0.0625 0.1784886143631847
0 0.3109375 0.25209726854315606 0.05625 0.14251475292686616
0 0.27734375 0.24213646126336785 0.0609375 0.1581670240041051
0 0.2453125 0.23529156362450002 0.0515625 0.16279998184962743
0 0.2140625 0.23469212080609236 0.0546875 0.15969316256778665
0 0.18046875 0.25207506352630416 0.053125 0.11749657220870695
0 0.17890625 0.3739591538853838 0.059375 0.1472204336450254
0 0.215625 0.3870267804470128 0.0625 0.14098861436318472
0 0.25546875 0.3766387262904825 0.0515625 0.13779998184962744
0 0.29140625 0.39049214803165133 0.0734375 0.13948974687674207
0 0.33828125 0.3941256872592628 0.059375 0.1315954336450254
0 0.3734375 0.4040774041799714 0.05 0.14560339149054774
0 0.41796875 0.39834957894620227 0.0703125 0.17384656615858277
0 0.4640625 0.4121439133533535 0.05625 0.14251475292686636
0 0.5015625 0.40880074473544264 0.0515625 0.13467498184962742
0 0.53671875 0.4054712116561513 0.0515625 0.12217498184962743
0 0.584375 0.423943955704223 0.059375 0.1440954336450254
0 0.62734375 0.4197877208295335 0.0640625 0.1644352047222643
0 0.6671875 0.43361841667300316 0.06875 0.18321247579950323
0 0.71015625 0.44508718179831375 0.06875 0.18008747579950324
0 0.7578125 0.4588724258463854 0.0703125 0.16759656615858276
0 0.80078125 0.4687786909716959 0.0515625 0.14404998184962742
0 0.8375 0.46622131753332496 0.059375 0.1503454336450254
0 0.8828125 0.47533269712001597 0.0609375 0.1503545240041051
0 0.925 0.4907122574248664 0.0625 0.1503636143631848
0 0.91953125 0.631369073681645 0.0640625 0.13006020472226432
0 0.87109375 0.6316508748131131 0.0625 0.1441136143631848
0 0.834375 0.6287394982514842 0.0625 0.1597386143631848
0 0.79765625 0.6141093716898551 0.0671875 0.16132838544042355
0 0.75234375 0.6159354921031641 0.06875 0.15196247579950323
0 0.71015625 0.6122746817983138 0.06875 0.14571247579950325
0 0.66171875 0.5891189829297818 0.0671875 0.15195338544042353
0 0.60625 0.5972541906771083 0.0734375 0.17698974687674215
0 0.5625 0.5662587207313377 0.0609375 0.1425420240041051
0 0.51875 0.5485445007855669 0.0609375 0.1628545240041051
0 0.48515625 0.5510836935057787 0.05 0.15654089149054773
0 0.45 0.5505069765850701 0.05 0.13310339149054773
0 0.40390625 0.5617126421779188 0.0625 0.1409886143631848
0 0.3671875 0.5416137656162898 0.0640625 0.1316227047222643
0 0.321875 0.5496898860295987 0.059375 0.1440954336450254
0 0.2921875 0.5233001028521115 0.0515625 0.13623748184962742
0 0.25 0.5516705425472612 0.0609375 0.1628545240041051
0 0.21328125 0.5237591659856322 0.065625 0.15350679508134385
0 0.17421875 0.5208614249626227 0.0578125 0.14721134328594587
0 0.15 0.6749085755283567 0.0578125 0.16908634328594588
0 0.1921875 0.676225635833207 0.0734375 0.16136474687674215
0 0.234375 0.6775426961380574 0.0609375 0.1597295240041051
0 0.2671875 0.6937580485973853 0.0625 0.15348861436318478
0 0.30859375 0.6888296540817755 0.053125 0.16280907220870694
0 0.3421875 0.6894154613615637 0.0609375 0.15347952400410508
0 0.390625 0.6922586602300955 0.0765625 0.1676329275949012
0 0.4375 0.6943296994577071 0.0640625 0.15974770472226432
0 0.47890625 0.7151825549420971 0.0578125 0.14721134328594587
0 0.51640625 0.7251206363241863 0.05625 0.15032725292686636
0 0.55546875 0.731924627347196 0.059375 0.1628454336450254
0 0.60390625 0.7574240762157277 0.0625 0.1566136143631848
0 0.6546875 0.7368161395456403 0.065625 0.15819429508134383
0 0.7109375 0.7638326366187739 0.0625 0.1488011143631848
0 0.75 0.7729803776417834 0.0671875 0.16132838544042355
0 0.79453125 0.7789713024080145 0.0703125 0.15822156615858277
0 0.83671875 0.7763821127128647 0.06875 0.15196247579950323
0 0.8796875 0.7745696278381752 0.0640625 0.16912270472226432
0 0.92890625 0.7766270315271673 0.0625 0.1566136143631848