0 0.16819210877288854 0.9733525834652372 0.16816934740221226 0.05329483306952554
0 0.15782735309084567 0.944131747888429 0.16539890340856664 0.08133623119538172
0 0.1437063518730297 0.9022935888755136 0.14961026217486464 0.07150659012915454
0 0.14519671388573854 0.8616913209288247 0.15588753571381497 0.07325094655564542
0 0.13107571266792253 0.8198531619159095 0.16682503571381493 0.07356919530200443
0 0.12315016437220587 0.7813218593294846 0.1684148092527653 0.07517715940862697
0 0.10738484253753885 0.7441257362099465 0.1464852621748646 0.07141566191590928
0 0.09799225162814837 0.700080219516899 0.14643071509696393 0.06829066191590946
0 0.09234226948505585 0.6655233630904084 0.15270798863591428 0.07003501834239997
0 0.08281331088091368 0.6292903463973609 0.13864548863591428 0.06962584138279589
0 0.07293423214474017 0.588347097651002 0.14586846428948033 0.07610316191590946
0 0.07213054992056975 0.5467589912245113 0.1442610998411395 0.0778929824490227
0 0.06391862946587451 0.5027589386380866 0.12783725893174902 0.07739287727617317
0 0.06261522808590274 0.46443222453146393 0.12523045617180548 0.06011444906292791
0 0.062956147322782 0.42927597453146393 0.125912294645564 0.06792694906292791
0 0.05230501948176056 0.3914577257851052 0.10461003896352113 0.057915451570210316
0 0.07259508725759015 0.35457149122451137 0.1451901745151803 0.06838159012915472
0 0.06706299472499423 0.3207731527447093 0.13412598944998846 0.0759213054894186
0 0.05801527719239831 0.28143786810497323 0.11603055438479662 0.07225073620994645
0 0.06065903612085205 0.24556856426490725 0.1213180722417041 0.0692621285298145
0 0.046115295049305796 0.2115429052519918 0.09223059009861159 0.06996081050398359
0 0.05807950689985884 0.17829013605166188 0.11615901379971769 0.05970527210332377
0 0.17412151826394456 0.14498119404836296 0.1558602621748646 0.07168844655564541
0 0.33286527272817146 0.1410020508705651 0.14187958279171564 0.07596676959604132
0 0.49018289488715006 0.12916494358614455 0.16054776217486477 0.07182483887551347
0 0.6352868892051072 0.10055787344874256 0.1606841298696164 0.07963733887551347
0 0.7852829350651918 0.06036844563120861 0.1888091298696164 0.08045569279472173
0 0.7932766672082844 0.09499349821763334 0.1450591298696164 0.07918269780928666
0 0.8223641493513769 0.1302323162434643 0.18107845048646745 0.08491587226160835
0 0.8182436651796895 0.1871726380302189 0.19977390340856652 0.08233644154108051
0 0.8285402370143565 0.2242096367765777 0.18573867694751697 0.08348976458147632
0 0.8355481676153215 0.2705307073096911 0.19982845048646744 0.08546144154108051
0 0.8393901879078609 0.31910459962955917 0.1872466298696164 0.08041022868809904
0 0.8519759626646273 0.35933479453585193 0.18897277110331814 0.08983069279472175
0 0.8479782094182164 0.40924386632260656 0.18269549756436804 0.08808633636823107
0 0.8668003474055075 0.4504371676553901 0.19371481818121908 0.09309208511458973
0 0.8879662353927987 0.49169866514810767 0.19382391233702023 0.0993420851145899
0 0.898126439532714 0.5365481638944665 0.18721935633066594 0.07884772868809904
0 0.903490049516828 0.5875112703209571 0.17496481818121906 0.09254651583511767
0 0.9127462727314668 0.6393692870140045 0.15459777110331813 0.0888304824490227
0 0.913449656254531 0.6886335011206273 0.15128185633066593 0.07780205423577743
0 0.9233643985438933 0.747545499866986 0.12954322402541757 0.08497805674305994
0 0.9215058437553548 0.8092415178136747 0.1310784504864671 0.08346102084968265
0 0.9223455949731708 0.8506932319202974 0.12781708279171583 0.07555759263643722
0 0.9182660211099088 0.905289803707052 0.13433981818121907 0.0913644490629281
0 0.9190648620192995 0.9490852678136747 0.1307238944801128 0.06314852084968266
0 0.6352977881560375 0.9871466193253611 0.1725295649348082 0.02570676134927794
0 0.4820227836918106 0.9912257082341279 0.1645806972400564 0.0175485835317442
0 0.33899948661391 0.9921684311162393 0.17853410308425505 0.015663137767521464
0 0.32452392938973956 0.9716968067430599 0.17140344155801363 0.05660638651388013
0 0.31653019724664705 0.9424963547106312 0.16202844155801355 0.06718280298213627
0 0.31245635187302967 0.907203712390763 0.15268071509696393 0.06847251834239998
0 0.2904001197299372 0.8721694828447341 0.16528980925276535 0.07508623119538171
0 0.29189048174264604 0.8315672148980454 0.1636454886359143 0.070353267088759
0 0.2800723202164045 0.792141002045064 0.1527352621748646 0.07159751834239998
0 0.25989223377124093 0.7391834866056579 0.16221935633066592 0.0781203029821361
0 0.25282975609237524 0.6959874160725444 0.16073867694751698 0.08276233887551357
0 0.24275137256931095 0.6464504173261856 0.16841480925276536 0.07517715940862679
0 0.2316871875041191 0.6086094365265156 0.15901253571381496 0.07334187476889084
0 0.22844913920840243 0.5702145262599588 0.1777352621748646 0.0723249440483631
0 0.22364859091268574 0.5317741518867795 0.18096935633066594 0.07866587226160834
0 0.21654520292539461 0.49092183135366607 0.188863676947517 0.08358069279472176
0 0.22275033847705378 0.4488934557268454 0.16698867694751698 0.08294419530200407
0 0.21549694602553576 0.416634885193732 0.17633640340856668 0.08165447994174038
0 0.19583901096034392 0.3785438518076372 0.1919341298696163 0.08054662100796701
0 0.1983560848236058 0.32390181591425987 0.1542977621748646 0.07164298244902279
0 0.18570212621946364 0.2875778710079671 0.17156708279171565 0.07683058762187223
0 0.17769475730689593 0.25373406842154234 0.17609094155801358 0.0675919799417403
0 0.1751288648553779 0.221611890208297 0.17304776217486464 0.07218855172849495
0 0.1929709297901861 0.18461199538114648 0.12768071509696394 0.06774509263643722
0 0.3220135474849378 0.18055028417751767 0.15901253571381496 0.07334187476889076
0 0.33775159578065445 0.21930890729705582 0.152844356330666 0.07784751834240007
0 0.3291890734595201 0.2620503367639424 0.14952844155801354 0.06681909012915473
0 0.34572200852471197 0.3000504419367919 0.1530352711033184 0.08878501834240016
0 0.35112652881725137 0.3486697983632826 0.14341480925276526 0.07444973370266403
0 0.36373957711296806 0.38733749326957545 0.15575116801906325 0.06543844655564542
0 0.3597963709444579 0.43412156505633004 0.1889727711033183 0.08983069279472175
0 0.37612475446752214 0.4838404202291796 0.1527079886359143 0.07003501834239997
0 0.37388041599376365 0.522857456122557 0.14484094155801355 0.06668269780928675
0 0.3708684642894803 0.5610705099626229 0.13387616801906327 0.06480194906292791
0 0.39267923458201975 0.6101672395086517 0.15747730925276526 0.07485891066226813
0 0.3910797784135096 0.6570195074553403 0.1794614034085667 0.08174540815498581
0 0.4075445296313256 0.6989258626281899 0.1983477711033183 0.09010347743445787
0 0.4208160970017657 0.744647539587794 0.19204322402541757 0.08679662100796719
0 0.43867970698587966 0.7959743588672662 0.17959777110331832 0.08955790815498546
0 0.45119729789527013 0.840110803773559 0.15575116801906325 0.06543844655564542
0 0.4489393226520365 0.8799090896669363 0.16216480925276536 0.07499530298213627
0 0.46138872971405115 0.927951784573229 0.16378185633066594 0.078165767088759
0 0.4801563206234416 0.965800985154161 0.1653989034085667 0.06839802969167792
0 0.6296205324739946 0.961501761645229 0.1419341298696164 0.07699647670954199
0 0.6273955592593559 0.9108959798752332 0.15753185633066594 0.07798391066226813
0 0.6225950109636391 0.8724556055020539 0.1763091298696164 0.08009197994174037
0 0.6052944626679225 0.833651518275893 0.173238676947517 0.08312605172849494
0 0.604577442375383 0.7851685541692703 0.16391822402541756 0.08597826708875882
0 0.5998859882354678 0.740478179796091 0.15764095048646745 0.08423391066226812
0 0.5726337414818786 0.6896598258768828 0.16391822402541772 0.08597826708875882
0 0.5791525227314667 0.6296627002500621 0.19058981818121906 0.09300115690134447
0 0.5447872053610265 0.5833272578510518 0.15594208279171565 0.07637594655564542
0 0.5236758644516362 0.5389407603583343 0.17471935633066593 0.07848401583511766
0 0.5243167926169691 0.5022220103583341 0.16827844155801355 0.06736465940862679
0 0.5218463575517772 0.4646310821450889 0.1432238944801128 0.06351223370266404
0 0.5320804740287131 0.41568511678482495 0.1513091298696164 0.07936455423577744
0 0.5100924257329963 0.3767446372387961 0.1419341298696164 0.07909176959604132
0 0.5164066554404568 0.3284662616119755 0.15747730925276535 0.07485891066226813
0 0.48645610268051326 0.29789221153283324 0.1464034415580137 0.06672816191590929
0 0.5146180588490236 0.2518128333987301 0.17628185633066593 0.07852947994174028
0 0.48324137378383164 0.2133808192129652 0.16698867694751698 0.08294419530200425
0 0.47849537256601565 0.17181544483978578 0.15898526217486458 0.0717793747688908
0 0.6423902771923984 0.14141019398185597 0.18406708279171563 0.07719430047485369
0 0.6447243445628384 0.18681362219510134 0.1749102711033185 0.08942151583511757
0 0.6486345487027537 0.23148126451496936 0.17156708279171565 0.07683058762187223
0 0.6667981676153214 0.26562058379444153 0.1684966298696164 0.07986465940862689
0 0.6636771217552367 0.3100836376345075 0.17455571509696402 0.06910901583511767
0 0.6653935803593789 0.34608933379444157 0.16846935633066593 0.07830215940862688
0 0.6699623035740178 0.3978109581676209 0.18126936525911966 0.09585337226160835
0 0.6745583003276069 0.4479700825408003 0.1731841298696164 0.08000105172849495
0 0.6980406647759476 0.49086227619345185 0.15901253571381488 0.07334187476889084
0 0.7121889395327139 0.5311379352063673 0.1621375357138149 0.07343280298213628
0 0.72084119075053 0.5728169698461034 0.17469208279171564 0.07692151583511767
0 0.7488610507346439 0.6244393058186231 0.1716216298696162 0.07995558762187223
0 0.729937726871382 0.6786039685924623 0.17011367694751697 0.08303512351524951
0 0.7609462191607443 0.7381297327782271 0.16221935633066592 0.0781203029821361
0 0.7727371071480353 0.7791184456312086 0.17482845048646745 0.08473401583511767
0 0.7813075377490004 0.8254849802709447 0.17178527110331832 0.08933058762187222
0 0.7805029683499655 0.8715787302709448 0.16391822402541756 0.085978267088759
0 0.7797120357204056 0.9168912302709448 0.18261367694751698 0.0833988363682309
0 0.7828000795518953 0.9638798905375013 0.1683329886359143 0.0704896594086268