0 0.2190227107723885 0.03655251454018475 0.15821247579950323 0.0731050290803695
0 0.21694258118569745 0.07958327125844891 0.15663179508134392 0.0747255261671849
0 0.20778574980360828 0.11762930282848001 0.15195338544042353 0.07601501038216937
0 0.1939505087805987 0.15751085018352665 0.1378454336450255 0.0673834630271227
0 0.19651242739850955 0.19487434229101885 0.14566702400410508 0.06940098933548197
0 0.18345389119596017 0.23392913701522958 0.1550420240041051 0.06994702090551304
0 0.17584592427525156 0.2695404133235888 0.1550420240041051 0.06994702090551304
0 0.16276920735454298 0.30547020804779956 0.13472043364502548 0.067201452503779
0 0.15363055669061304 0.3466412396178306 0.13627384328594583 0.06572995776545092
0 0.1483481590517452 0.3789910080336821 0.13938975292686623 0.06434946828879458
0 0.13994985177195698 0.4130852869728773 0.12846134328594588 0.06527493145709169
0 0.13000722521032798 0.4503955711737443 0.13474770472226433 0.071888952503779
0 0.12477027936685825 0.4905578395895958 0.14256929508134392 0.07390647881213823
0 0.11328787870292831 0.5318653790521346 0.13632838544042358 0.07510495776545092
0 0.1158361617822197 0.5668851211596269 0.12841589149054777 0.05746243145709169
0 0.10430376414335188 0.5995989106221657 0.1550329336450255 0.06838452090551303
0 0.09122704722264327 0.6355287053463765 0.13779089149054774 0.05800846302712266
0 0.12971283030193467 0.6684553264354162 0.13938975292686626 0.06434946828879458
0 0.11348838748352703 0.7006608816829706 0.15193520472226432 0.07289001038216938
0 0.10276451092189805 0.7380166685146735 0.1394170240041051 0.06903696828879458
0 0.10295540846257001 0.7708291685146735 0.14878293364502548 0.06802049985882555
0 0.09063267046462256 0.8020259606080483 0.1175420240041051 0.06776289462538862
0 0.1142519776462149 0.8319108816829706 0.11747839149054777 0.056825394625388624
0 0.22694287518688688 0.8581710028425974 0.1441045240041051 0.06930998407380998
0 0.37463094144366554 0.8550397556146077 0.13006929508134393 0.0731784367187636
0 0.5200207094958423 0.8598575162791257 0.1487920240041051 0.0695829998588259
0 0.6553360407797356 0.8793293111445107 0.14571247579950325 0.07721348933548207
0 0.7938490949362658 0.911119095486552 0.17383747579950323 0.07885158404557516
0 0.8022519473955938 0.8778060665473569 0.1332033854404237 0.07492294724210709
0 0.8286280950344619 0.8442277270989355 0.16604315651766227 0.08152155773721574
0 0.8244173180052945 0.7921114902531151 0.18633747579950324 0.07957962613895013
0 0.8343690349260031 0.7563637060522481 0.17072156615858275 0.08023207352223168
0 0.8403690500513136 0.7130309350055608 0.1832306565176623 0.0825226156156063
0 0.8432349748175445 0.668317674482217 0.17382838544042373 0.07728908404557515
0 0.854731011020094 0.6293538850196783 0.1754454275949012 0.08675508930724725
0 0.8513378454272452 0.5834421455430219 0.1691863372358217 0.08482856826055976
0 0.8683071768093343 0.5449410876646315 0.17857042759490122 0.08693709983059072
0 0.8876157130118838 0.5055222718937334 0.17860678903121965 0.09318709983059073
0 0.9049200854778009 0.4630239587536712 0.19015982904439815 0.07681864718563744
0 0.9106249243734474 0.4157849377069839 0.17875015125310512 0.08868161035393456
0 0.9190823189872532 0.36762815876778865 0.16183536202549362 0.08611805247554409
0 0.9205266443192182 0.32222465350611684 0.1589467113615637 0.07656104195220044
0 0.9289476774967053 0.2662553745669217 0.14210464500658943 0.08337248407381015
0 0.9287840510332723 0.20922412456692166 0.14243189793345543 0.08180998407381015
0 0.9286795119038567 0.16859912456692167 0.14264097619228658 0.07243498407381015
0 0.9261721354404235 0.11951688245942944 0.14765572911915292 0.08677049985882564
0 0.9268124848746895 0.0686901298285935 0.14637503025062096 0.08199199459715381
0 0.930586924668035 0.031178050409405585 0.13882615066392995 0.06235610081881117
0 0.7886357740041051 0.028973931915908226 0.1598204275949012 0.05794786383181645
0 0.6527437257995032 0.035735289744887544 0.16448065651766228 0.07147057948977509
0 0.5105016836450255 0.034661396258448905 0.15509656615858275 0.06932279251689781
0 0.3760857770291672 0.03643563434910008 0.1691863372358217 0.07287126869820015
0 0.36230962334017514 0.08049478192296694 0.15813975292686616 0.06544153142885675
0 0.3554601805217675 0.11215430560049026 0.14719316256778664 0.06324199459715381
0 0.35174482806243945 0.14519431875466987 0.14252384328594586 0.06609397881213827
0 0.33084197560311146 0.17923538978723985 0.15347952400410508 0.06985601564384121
0 0.3326226442210222 0.21664438452556797 0.15033634328594586 0.06654900512049747
0 0.32189422247985344 0.253218921357271 0.1425420240041051 0.06921897881213823
0 0.3042072736113216 0.3027029818664972 0.14882838544042354 0.07583299985882563
0 0.29663112294739175 0.3437830081748564 0.14728406615858275 0.07886699459715381
0 0.2875288337197802 0.39120403974488754 0.15661361436318472 0.07160052616718486
0 0.277568026439992 0.4253893239457545 0.1456761143631847 0.07096348933548206
0 0.2746521046988232 0.46150883446909824 0.1628454336450255 0.06883954721387227
0 0.27095493295765444 0.4976738476232779 0.16756929508134394 0.07536256299888784
0 0.2649231015755652 0.5355378686699653 0.17384656615858277 0.08041408404557515
0 0.2714049057320955 0.5750175976232779 0.15353406615858275 0.07923101564384112
0 0.2637651225546082 0.6051601239316371 0.16133747579950325 0.07812354195220053
0 0.24521511045435984 0.6406271870716993 0.17695338544042355 0.07747109456891899
0 0.2486355471244474 0.6912264265483556 0.1425420240041051 0.06921897881213823
0 0.23711223984465918 0.7255027160108944 0.15819429508134392 0.07481653142885669
0 0.22948154702625154 0.7572077423192537 0.16282725292686626 0.06571454721387227
0 0.22809630902830408 0.7877674975809256 0.15972043364502547 0.06865753669052861
0 0.24470254692805565 0.8211869423333711 0.11752384328594587 0.06463789462538863
0 0.36426106800529456 0.8189125398154747 0.1472386143631847 0.07105449459715381
0 0.37811903492600313 0.7829372424604281 0.139444295081344 0.07372446828879457
0 0.36928893558993303 0.7428127713996233 0.13781816256778665 0.06269596302712266
0 0.3854951976901815 0.7074822161520687 0.1410704275949013 0.08475297355046649
0 0.3906957820973328 0.6610699477362173 0.1316227047222643 0.07170694198043534
0 0.4014287490180413 0.6252766609045144 0.14406816256778665 0.06305998407381015
0 0.39805376414335186 0.582489921427858 0.1738829275949012 0.08666408404557516
0 0.4118435533709633 0.5347958740728115 0.1425329336450254 0.06765647881213824
0 0.4108532251121321 0.49890387670364744 0.13313975292686617 0.06398544724210709
0 0.4075236920328408 0.4639296372269911 0.12375566256778665 0.061876915672076115
0 0.4275725716195319 0.417434068825257 0.14256020472226433 0.07234397881213823
0 0.4249742915653025 0.3738205767177648 0.16446247579950324 0.07830555247554419
0 0.4403765777678519 0.3346292741010463 0.18011474687674198 0.08390310509226265
0 0.45341238807270223 0.2916682293768356 0.17698065651766245 0.08215859456891898
0 0.4679834273003137 0.24392867939095306 0.16606133723582167 0.08464655773721601
0 0.480237987605164 0.20101313729757825 0.14250566256778646 0.06296897881213823
0 0.4784664093463327 0.16516664255925012 0.1488011143631848 0.07114549985882568
0 0.4891402889330239 0.11921710572754715 0.15037270472226433 0.07279900512049756
0 0.5060914395969538 0.07759104784915682 0.15195338544042353 0.07601501038216937
0 0.6452175721105111 0.08042907956036227 0.13007838544042355 0.07474093671876347
0 0.6431465328828997 0.12744058745287004 0.14413179508134383 0.0739974840738101
0 0.6394539063212707 0.16438685060704966 0.16132838544042355 0.07656104195220044
0 0.6224709394005621 0.20054415848544 0.15979315651766246 0.08115753669052861
0 0.6227345598138709 0.24585665848543997 0.151989746876742 0.08226501038216938
0 0.6190737495090207 0.2882716716396196 0.14730224687674215 0.08199199459715381
0 0.5935561199223296 0.3350857584572051 0.15197156615858276 0.07914001038216938
0 0.600128827669656 0.3901904874105177 0.1770170179539809 0.08840859456891889
0 0.5683521077238853 0.43580609527479064 0.14256020472226433 0.07234397881213823
0 0.5490572070599553 0.47756866104568874 0.16131929508134385 0.07499854195220053
0 0.550819694959707 0.511852655784017 0.15345225292686634 0.06516851564384112
0 0.5478946828594585 0.5464096663073607 0.13155907220870694 0.060769441980435344
0 0.5575378484523072 0.5919573847373295 0.13945338544042354 0.07528696828879458
0 0.5366486315315987 0.6283422057698995 0.13007838544042355 0.07474093671876343
0 0.5431622519449075 0.6732906847232121 0.14412270472226432 0.07243498407381015
0 0.5167679235878806 0.7037440241716335 0.13626475292686635 0.06416745776545092
0 0.54279915846257 0.7452111873540479 0.16288179508134384 0.07508954721387226
0 0.5140928963623216 0.7812697846949772 0.15197156615858276 0.07914001038216938
0 0.5088514053393121 0.8206508031108287 0.1487920240041051 0.06958299985882554
0 0.6613678721618248 0.8414652900978232 0.16912270472226432 0.07389106826055994
0 0.6634707276462148 0.7999225322053156 0.1598295179539809 0.08740753669052861
0 0.6663502879510652 0.7575530216819719 0.15818520472226433 0.0732540314288567
0 0.683351435589933 0.7245207138035816 0.15507838544042354 0.07619702090551321
0 0.679990086253863 0.6840777243269253 0.15970225292686635 0.06553253669052861
0 0.6821429387131911 0.6511287164344175 0.15506929508134384 0.07463452090551304
0 0.6857719327612627 0.6032449532802379 0.16609769867214014 0.09089655773721592
0 0.6909634268093343 0.5552701848643864 0.15821247579950323 0.0779415314288567
0 0.711829917832344 0.5149791138318165 0.1472295240041051 0.0694919945971538
0 0.7233350443939729 0.47757782436927754 0.1503545240041051 0.06967400512049764
0 0.7317060805965222 0.43879604543008244 0.1628636143631846 0.07196454721387227
0 0.7579867794650541 0.388811455981661 0.15821247579950323 0.0779415314288567
0 0.7405083879745064 0.3398125138600513 0.15509656615858275 0.07932202090551303
0 0.7675294302271799 0.28275117178079395 0.14882838544042354 0.07583299985882572
0 0.7798067164297293 0.24374187968741917 0.15978406615858276 0.07959503669052861
0 0.7865879815550398 0.20036360600989583 0.15824883723582167 0.08419153142885678
0 0.7855612918598901 0.15822160864073176 0.15198974687674216 0.08226501038216938
0 0.7845346021647405 0.1160796112715677 0.16758747579950323 0.07848756299888784
0 0.7889403010332723 0.06736909548655215 0.1550783854404237 0.07619702090551303