1 0.1513587359375 0.0371937828125 0.1567515359375 0.0393579984375 0.16427615 0.0351855203125 0.171054075 0.004977165625 0.1535447921875 0.004467696875 0.153040221875 0.0064440984374999994 0.1473236453125 0.0158788046875 0.14567615312499999 0.023295062499999998 0.1513587359375 0.0371937828125
1 0.23939033437499999 0.0313606 0.2417974859375 0.0070355875 0.2245389234375 0.0065334156249999996 0.22075768906249998 0.0243256234375 0.22401867968750003 0.0328265359375 0.22427581562499999 0.049416520312500004 0.23939033437499999 0.0313606
1 0.3011653875 0.055709309375 0.3160853703125 0.048308331249999996 0.3203829875 0.012301515624999999 0.3196577625 0.009301090625 0.306123628125 0.0089072875 0.29580658125000003 0.030211667187500003 0.2947400015625 0.0426189875 0.2982268265625 0.054087418750000005 0.3011653875 0.055709309375
1 0.38599859531249997 0.06862014375 0.3901343234375 0.0384127859375 0.388198396875 0.01561659375 0.38206279374999996 0.014260775 0.376604696875 0.021807521875 0.36875630937500004 0.0375789234375 0.36733465 0.047962703125 0.36820399843749996 0.083166215625 0.370141275 0.0874844609375 0.38599859531249997 0.06862014375
1 0.438736175 0.029701828125000003 0.428819921875 0.06057690624999999 0.43679485625 0.080817415625 0.44338213125000003 0.0881082765625 0.45019793750000003 0.061410770312499995 0.4505883578125 0.021622940625 0.4445819953125 0.0193231421875 0.438736175 0.029701828125000003
1 0.5135905296875001 0.0462428125 0.5086494 0.050013639062500004 0.4980229921875 0.0768416359375 0.49511573125 0.08884221249999999 0.498085590625 0.1040865625 0.5123920140625 0.0965500046875 0.5178514578125 0.0705253125 0.5188540890625 0.0493510078125 0.5135905296875001 0.0462428125
1 0.561738015625 0.0685527015625 0.5521768390624999 0.1014513234375 0.56176661875 0.1191310546875 0.568226 0.10888795312499999 0.5725562640625 0.068025653125 0.56881095625 0.0584451796875 0.5654846703125 0.0596552296875 0.561738015625 0.0685527015625
1 0.62064115 0.0630906125 0.6141504703125 0.059711253124999995 0.6107915375 0.065776784375 0.602262946875 0.10960151250000001 0.6061048484375 0.1230934875 0.610884090625 0.1251221234375 0.6194426328125 0.113397803125 0.6217689796875 0.0964061671875 0.62064115 0.0630906125
1 0.669983109375 0.0905271453125 0.6639767453125 0.08822734843749999 0.6586152453125 0.0996855953125 0.6518633859375 0.1351500875 0.6552209703125 0.1475624984375 0.6608722546875 0.14783875625 0.6651998234375001 0.1439323484375 0.6679778421875 0.132875753125 0.669983109375 0.0905271453125
1 0.7258810421875 0.111632078125 0.7180340000000001 0.10892553281249999 0.7161606703125 0.1133742703125 0.7117025124999999 0.1367026046875 0.704822759375 0.15463312812500002 0.714703671875 0.16556941875 0.7234554046875 0.16166810468749998 0.72591099375 0.1437324875 0.7258810421875 0.111632078125
1 0.78022538125 0.1810206578125 0.7848767265625 0.165515325 0.78320063125 0.1223532296875 0.7789383562500001 0.11654867499999999 0.7694111734375 0.12611386875 0.76970095625 0.1378483734375 0.7604635578125001 0.15914807343749998 0.7682779531249999 0.1667100984375 0.7734762171875 0.17952925625 0.78022538125 0.1810206578125
1 0.8312515218750001 0.1407516171875 0.8248220921874999 0.1830951296875 0.82562884375 0.1910537140625 0.8329589171875 0.197536178125 0.8398060234375 0.184461134375 0.8418765828125 0.132401565625 0.8357409812500001 0.13104574687499998 0.8312515218750001 0.1407516171875
1 0.8990628875000001 0.19950053437499998 0.9008083234375001 0.1775178328125 0.8969351203124999 0.1504033921875 0.8900567140625 0.14985597343749998 0.8858257406250001 0.1576738828125 0.8834354453125 0.1658985375 0.882884484375 0.1930078828125 0.8879208609375 0.21162650468750002 0.8931531203124999 0.2011122359375 0.8990628875000001 0.19950053437499998
1 0.9429847890625 0.15571655 0.9372655156249999 0.20210714687500003 0.944045978125 0.2172210109375 0.951667184375 0.2169600328125 0.9569647375000001 0.196734803125 0.95670895 0.161666871875 0.9491530390625 0.1522168859375 0.9429847890625 0.15571655
1 1 0.163508053125 0.9969780921875 0.167647753125 0.9915825968749999 0.20243942812500001 0.9930994999999999 0.21444509531249997 0.9999126109375001 0.2247034765625 1 0.2246933828125 1 0.163508053125
1 0.1373353578125 0.1488545734375 0.1428261015625 0.1364523453125 0.1456694140625 0.1156847875 0.1446694765625 0.0999032 0.141053409375 0.0893787484375 0.1373720484375 0.08856525625 0.13475591874999998 0.0938223890625 0.127907465625 0.1253753796875 0.128842109375 0.1508679296875 0.13239422812499999 0.1526254 0.1373353578125 0.1488545734375
1 0.21942858593749998 0.0940547390625 0.21426162031249998 0.09485804375 0.20680095468749998 0.10779750625 0.20101773281250002 0.1454211203125 0.2021469125 0.1602587265625 0.214031740625 0.147324359375 0.22262428124999997 0.1122666140625 0.2225929796875 0.09864415 0.21942858593749998 0.0940547390625
1 0.29295518125000003 0.161846896875 0.3061011265625 0.1258502640625 0.305197784375 0.11398017812500001 0.296769828125 0.10628257031249999 0.28349599062499997 0.1247452375 0.2833014546875 0.1354001796875 0.277648821875 0.15360186874999998 0.27916572500000003 0.16560753749999998 0.28197504375000004 0.1681734046875 0.29295518125000003 0.161846896875
1 0.370041984375 0.1205288515625 0.366360625 0.11971536093749999 0.3607732859375 0.1282060859375 0.3495646171875 0.16852096562500002 0.351436596875 0.18255017499999998 0.356958640625 0.1837704109375 0.36635658125 0.175149196875 0.3744648015625 0.1390118890625 0.370041984375 0.1205288515625
1 0.43879203593750005 0.14933648125 0.43608066093750003 0.13220416875000002 0.4325285390625 0.1304466984375 0.42881453125 0.1344886875 0.4228068234375 0.15066683593750002 0.41883298281250003 0.17507472968749999 0.4203498859375 0.1870803984375 0.4237727640625 0.18978184843749998 0.4351406265625 0.1806234 0.43879203593750005 0.14933648125
1 0.4874891359375 0.1630149703125 0.48451657968750006 0.18472650625 0.48522538906249996 0.2072515359375 0.4974339921875 0.1827182453125 0.5054769203125 0.15629189999999998 0.5024104656249999 0.1371360453125 0.4972435 0.13793935156249998 0.4874891359375 0.1630149703125
1 0.5500695890625 0.213800209375 0.5564990171875001 0.17145669531250002 0.555724915625 0.1586426296875 0.548491434375 0.15607166875 0.537994265625 0.181955684375 0.5335361078124999 0.20528401562499998 0.5355699781250001 0.213513765625 0.5387343734375001 0.21810317812500002 0.547841184375 0.21622540468749998 0.5500695890625 0.213800209375
1 0.594503065625 0.2401520875 0.606646378125 0.22532975937500002 0.6105576171875 0.1736769359375 0.6037118593749999 0.168274034375 0.5984795984375 0.1787883015625 0.588368809375 0.2203183234375 0.594503065625 0.2401520875
1 0.6576072234375 0.1947716796875 0.651924640625 0.180872959375 0.6482106296875 0.18491495 0.6450448875 0.198803484375 0.6439443125000001 0.23454423124999998 0.646236665625 0.2408860203125 0.6510159046874999 0.24291465625000003 0.6555053656250001 0.2332087859375 0.6576072234375 0.1947716796875
1 0.711310746875 0.1949683796875 0.7070158234374999 0.1940193046875 0.7021712890625 0.2017016328125 0.699327975 0.22246919062499998 0.6940630671875 0.23783893906250003 0.698744365625 0.25443401875 0.7073029109375 0.2427097015625 0.7153131890625 0.22113883906249998 0.711310746875 0.1949683796875
1 0.7571291875 0.2712257953125 0.7615533515624999 0.27123088906250004 0.7662686453124999 0.264492540625 0.7742149765625 0.23415469687499998 0.773861246875 0.21365320781250002 0.7692112484375 0.21068059374999998 0.7661107984375 0.21485816406249997 0.759069159375 0.2385881515625 0.7526097765624999 0.24883125625 0.7539647921875 0.2666363859375 0.7571291875 0.2712257953125
1 0.830692475 0.278728634375 0.831729103125 0.23422090468749998 0.8286939468750001 0.2286875125 0.8242697859374999 0.228682421875 0.819037525 0.2391966890625 0.8193599562499999 0.24607571093749997 0.8121564250000001 0.2756051578125 0.81651529375 0.2853212140625 0.8206809734375 0.2872142671875 0.830692475 0.278728634375
1 0.8975066 0.28474007343749996 0.8945040921875 0.2743512015625 0.8947965703125 0.249129815625 0.8872080109375 0.2445353109375 0.8818791562499999 0.2511380765625 0.8787760125 0.292271540625 0.8796793562499999 0.304141625 0.88432935625 0.307114240625 0.8958591078125 0.29215633125 0.8975066 0.28474007343749996
1 0.930445665625 0.284238490625 0.9274404640625 0.310805509375 0.942100615625 0.32377043437499997 0.9488538234374999 0.269828 0.9464648765625 0.2595747109375 0.9429127546875 0.2578172390625 0.937228825 0.2623964640625 0.930445665625 0.284238490625
1 1 0.26645258125 0.99890863125 0.26435572500000004 0.9946137078125 0.263406653125 0.9901568984375 0.268257040625 0.9857626859374999 0.30035235937500004 0.9872469421875 0.3172135078125 0.9950613359375 0.3247755328125 1 0.318121134375 1 0.26645258125
1 0.1204414109375 0.21222662187500002 0.115532928125 0.21114196718749997 0.11243247812499998 0.2153195390625 0.1050344140625 0.2555039296875 0.1048398765625 0.266158871875 0.1080042734375 0.270748284375 0.1181450140625 0.26131866875 0.12538119375 0.226933740625 0.1204414109375 0.21222662187500002
1 0.20162590468750002 0.21946848437500002 0.1942631796875 0.2178415015625 0.1885139546875 0.23213168906249998 0.18202057968750002 0.26570821875 0.18143831875 0.27919510000000003 0.1846993078125 0.2876960140625 0.19609981875 0.2736820828125 0.205854184375 0.2486064640625 0.20162590468750002 0.21946848437500002
1 0.282421325 0.24802022968749998 0.2808717734375 0.24087004374999998 0.2749946546875 0.23762626406249998 0.2721526875 0.239915878125 0.26401316874999997 0.2624307203125 0.2604270546875 0.284006675 0.26097531875 0.2938532203125 0.2647532765625 0.2985782125 0.2747647765625 0.290092578125 0.282421325 0.24802022968749998
1 0.346393484375 0.25632127968749996 0.3376064078125 0.3020339671875 0.344936484375 0.30851643125 0.3540759421875 0.301783175 0.358566746875 0.2735993625 0.3557587765625 0.252555546875 0.3515930953125 0.25066249375 0.346393484375 0.25632127968749996
1 0.4269317703125 0.26828304062499997 0.423800021875 0.2588381484375 0.4202479015625 0.257080678125 0.41504828906249996 0.262739465625 0.4034205953125 0.29226381875 0.40229006875 0.2959041578125 0.40839302499999997 0.30211545625 0.41171796250000003 0.31938335156250003 0.4208900671875 0.3077946171875 0.4269317703125 0.26828304062499997
1 0.48438194843750004 0.25958226875 0.4768899828125 0.258899265625 0.4687504640625 0.281414109375 0.46477662343750004 0.30582200312499996 0.4657439140625 0.326459071875 0.4679396734375 0.328889359375 0.478145709375 0.30974878437500003 0.48493021406250003 0.26942881406249997 0.48438194843750004 0.25958226875
1 0.536760409375 0.27407424687500004 0.5318192796875 0.2778450734375 0.5254564937499999 0.2919996796875 0.519061059375 0.311009765625 0.5169931953125 0.32611344375 0.5261966 0.32814717187500003 0.5296521265624999 0.32599314218750003 0.5402458859375 0.3040206265625 0.536760409375 0.27407424687500004
1 0.5884246703125 0.339952978125 0.5981137421875 0.324588321875 0.6009570546874999 0.3038207640625 0.5971478 0.2854733078125 0.5985694578125 0.2750895296875 0.5941779406250001 0.27022895625 0.5899796125 0.273191384375 0.585974471875 0.28397681406249997 0.5810333421875 0.287747640625 0.5752827703125 0.32051577343750004 0.580706871875 0.33630245468750003 0.5884246703125 0.339952978125
1 0.6539517703125 0.281492434375 0.6481712453124999 0.282160159375 0.6318282578125001 0.318422859375 0.6300515250000001 0.32678309687499996 0.636864634375 0.3370414796875 0.64212819375 0.3401496765625 0.647941365625 0.334626471875 0.6557598046875001 0.2867546609375 0.6539517703125 0.281492434375
1 0.7050704624999999 0.30056873125 0.7019387140625 0.2911238390625 0.6939297828125001 0.29421675625 0.6865956640624999 0.34316812812499997 0.6877901375000001 0.34829477343750004 0.6968316531250001 0.3561279625 0.7001905859375 0.35006243125 0.703259734375 0.33226239375 0.7050704624999999 0.30056873125
1 0.766748921875 0.3210059375 0.7653286109375 0.31291177187499997 0.7638756546875001 0.3096730875 0.75673876875 0.3110136265625 0.7486318953125 0.3286729859375 0.743656771875 0.3557772390625 0.7453029156250001 0.366838928125 0.7516643546874999 0.37116226874999997 0.758995778125 0.3591667859375 0.766748921875 0.3210059375
1 0.81215238125 0.33103899531250003 0.8063365140625001 0.3735180890625 0.8073690984375 0.3844441953125 0.8249378578125001 0.3669306046875 0.8255840671874999 0.36221070312500003 0.8217435125 0.3302407828125 0.8155113140625 0.3249734640625 0.81215238125 0.33103899531250003
1 0.89020378125 0.34731391093749997 0.887911428125 0.34097212187500003 0.8826478671875 0.337863925 0.8763503781249999 0.34230756875 0.8727329625 0.3502610578125 0.8696638125 0.36806109375 0.8639145875 0.38235128125 0.8704365671875 0.3993531078125 0.881094275 0.3861475734375 0.89020378125 0.34731391093749997
1 0.9266242828125 0.43219254218750003 0.9423863578124999 0.3909387765625 0.9431958 0.36194146875 0.9349610343749999 0.362066865625 0.927079996875 0.38269375 0.92236335625 0.40791004218750004 0.9266242828125 0.43219254218750003
1 0.9940546625 0.401383671875 0.992925484375 0.386546065625 0.99137593125 0.37939587656249996 0.9847560124999999 0.376960496875 0.97903943125 0.38639520156249996 0.974838409375 0.42631352187499993 0.9780994 0.43481443437499995 0.9836214421875 0.436034671875 0.9919867968749999 0.41648735 0.9940546625 0.401383671875
1 0.1013109703125 0.3888915375 0.107835646875 0.3689374703125 0.11655473281249999 0.3698916375 0.1154269 0.3365760828125 0.1126502296875 0.3291547328125 0.108484546875 0.3272616796875 0.0963412359375 0.342084009375 0.0879105875 0.3713422921875 0.08674606562500001 0.39831605625 0.0926884796875 0.391848871875 0.1013109703125 0.3888915375
1 0.1874705890625 0.3690291453125 0.1909587625 0.362019634375 0.174587171875 0.34770398125 0.1697752828125 0.3505308265625 0.1617010578125 0.3633347078125 0.15404585625 0.38692911093750004 0.15294528125 0.4226698578125 0.1674462390625 0.40447835625 0.1790739328125 0.37495400156250003 0.1874705890625 0.3690291453125
1 0.2641016765625 0.3772098921875 0.26258477343750003 0.36520422343750003 0.2594203796875 0.3606148140625 0.253284775 0.3592589953125 0.2468253953125 0.36950209843750004 0.2389430109375 0.40860692812500005 0.24604590312500002 0.43059981562500005 0.2574790609375 0.411730403125 0.2585782890625 0.3944676015625 0.2641016765625 0.3772098921875
1 0.3374690828125 0.4138456203125 0.3436713265625 0.3870125296875 0.3399586671875 0.37257657499999997 0.335792984375 0.3706835234375 0.32946284531250003 0.379982646875 0.32090160624999997 0.42866285625 0.3208363125 0.43837381718749996 0.3230320703125 0.4408041046875 0.3263583546875 0.4395940546875 0.3374690828125 0.4138456203125
1 0.4105467015625 0.43874684375 0.41158063437500003 0.43119500312500003 0.40822305 0.41878259062499995 0.411743871875 0.40691759687499995 0.4123587796875 0.3885752328125 0.4067401421875 0.3834434953125 0.402154090625 0.3892378640625 0.39265820625000003 0.41242552187500003 0.3913657921875 0.42186532187500003 0.3984360375 0.448713690625 0.4105467015625 0.43874684375
1 0.46790298124999996 0.389178678125 0.4616054921875 0.39362231875 0.45811731875 0.40063183125 0.4499125015625 0.4328576359375 0.4552073609375 0.449588296875 0.459114559375 0.4533693109375 0.4702892328125 0.436387859375 0.4736182140625 0.3982219171875 0.46790298124999996 0.389178678125
1 0.5186625546875 0.4616652671875 0.521407925 0.45546415468749996 0.5277054171875 0.45102051249999997 0.5257708359375 0.40974637343750003 0.522864925 0.40326900312499997 0.51621235625 0.4056891046875 0.504617309375 0.43035797656249997 0.5027113328125 0.4396621953125 0.5064239953125 0.4540981515625 0.511106640625 0.4522152828125 0.5186625546875 0.4616652671875
1 0.5807314328125 0.4423146453125 0.5816687703125 0.43085130468750005 0.5868683828125 0.42519251875 0.586707840625 0.412514034375 0.58318836875 0.40590108125 0.5755671625 0.406162059375 0.556285615625 0.440802871875 0.55376608125 0.4499715078125 0.558543971875 0.4704780875 0.5625804125 0.4733151203125 0.5807314328125 0.4423146453125
1 0.6191911953125 0.46151124374999997 0.6193517359375 0.474189728125 0.6221284078125 0.4816110796875 0.626617865625 0.471905209375 0.63155899375 0.46813438281249997 0.634079878125 0.4404878015625 0.6386019843749999 0.42592645312500005 0.6366973546875 0.416752721875 0.632660915625 0.413915690625 0.6281075109375001 0.4148545765625 0.62549138125 0.4201117109375 0.6218413203125001 0.43292068281249996 0.6191911953125 0.46151124374999997
1 0.6905900234375 0.48020625937499994 0.6992138625 0.4587709796875 0.7008940031249999 0.446499240625 0.698020734375 0.4351663875 0.6939842984375 0.43232935625 0.68978596875 0.4352917859375 0.6862651484375 0.447156778125 0.680062903125 0.4739898671875 0.6793840484375 0.48356524843750004 0.6835497296875 0.48545830156249997 0.6905900234375 0.48020625937499994
1 0.75023865625 0.4369798828125 0.74578184375 0.4418302703125 0.7335079437500001 0.476074525 0.7314727265625 0.48632272343749994 0.7333447078125 0.5003519328125 0.7506223359375 0.4895817796875 0.7626704015625 0.452370003125 0.7601522140625 0.44306069375 0.75023865625 0.4369798828125
1 0.79153499375 0.52779865 0.7939252859375 0.5195739968749999 0.8086520796875 0.5043500140625 0.81556448125 0.4815640078125 0.8127238625000001 0.46537567500000004 0.814048925 0.45108039531250005 0.8116273312500001 0.4456825859375 0.80449044375 0.44702312656250004 0.7955115265625 0.466434865625 0.7940245781249999 0.48652960624999997 0.78989019375 0.4982590171875 0.79153499375 0.52779865
1 0.8698829124999999 0.46341834375 0.865943065625 0.46449281249999996 0.8568675562499999 0.47999305156250005 0.8492123546875 0.5035874546875 0.8568961609375 0.5305714046875 0.8704284812499999 0.510220778125 0.8704298296875 0.49174283281250003 0.8741451843749999 0.46922289843750004 0.8698829124999999 0.46341834375
1 0.9268433796875 0.527549790625 0.93340205 0.484262296875 0.9300444656250001 0.471849884375 0.9237796218750001 0.4714380453125 0.9178372078124999 0.477905228125 0.9150904890625 0.5025842890625001 0.9079849 0.5175472906249999 0.9163149140625 0.5398113421875 0.9217403624999999 0.5371200765624999 0.9268433796875 0.527549790625
1 0.9860389921875001 0.4968663140625 0.9846186843750001 0.48877214843749994 0.9805822453124999 0.48593511562499997 0.97577035625 0.48876196250000004 0.9655956218749999 0.521525003125 0.9639481296874999 0.5289412609374999 0.9664010203125001 0.547961534375 0.9717938234375 0.5501257484375001 0.9806108484375 0.5365134703125001 0.9860389921875001 0.4968663140625
1 0.0787970375 0.46560979375 0.0717893921875 0.46600635312499994 0.06878553750000001 0.47409542499999996 0.0630989109375 0.5156305406249999 0.06484165 0.53060373125 0.0678768046875 0.5361371203124999 0.0785998078125 0.5132206265625 0.08454357031250001 0.48827549687499994 0.0787970375 0.46560979375
1 0.1411203578125 0.499805046875 0.1350147078125 0.5305496375 0.13601464375 0.5463312265625 0.15219439375 0.534345928125 0.158849659375 0.49496993749999996 0.1568157890625 0.48674018906249994 0.1508094296875 0.484440390625 0.1411203578125 0.499805046875
1 0.219200359375 0.566658315625 0.2294376953125 0.561140203125 0.2341543359375 0.5359239109375 0.2418408375 0.5259519703125 0.237449321875 0.521091396875 0.2373853734375 0.5123244140625001 0.2322837046875 0.50341675625 0.22737522187499998 0.5023321015625 0.222659928125 0.5090704500000001 0.22033358125000002 0.5260620874999999 0.21035337968749998 0.548170184375 0.219200359375 0.566658315625
1 0.30228948125 0.58307390625 0.307425146875 0.5686481359375 0.31921338125 0.5518022671875 0.3245435828125 0.5267215546874999 0.322864790625 0.5205153484375 0.31537282499999997 0.5198323453125 0.3052320828125 0.529261959375 0.2988692984375 0.5434165640625 0.29166576875 0.5729460109375 0.2894686625 0.5889936703124999 0.2931500234375 0.5898071609375 0.30228948125 0.58307390625
1 0.3889320703125 0.5827690203125 0.394230971875 0.54406584375 0.3923263453125 0.5348921171875001 0.386449225 0.5316483390625 0.380344921875 0.543914984375 0.3782770578125 0.5590186625 0.3712680640625 0.5778931671875001 0.376757459375 0.583968884375 0.378791328125 0.5921986328125 0.3889320703125 0.5827690203125
1 0.4557488890625 0.5518245671875001 0.4516811515625 0.5353650734375 0.441183984375 0.5612490890624999 0.43162280781250006 0.5941477093749999 0.43084735937499996 0.5998115890625 0.4340117546875 0.6044009984375001 0.44670333125 0.599425215625 0.45371232656249993 0.5805507109375 0.4557488890625 0.5518245671875001
1 0.5068349343749999 0.575756346875 0.5103884015625 0.559035871875 0.5075151359375 0.5477030203125001 0.503607940625 0.54392200625 0.4971485578125 0.5541651125 0.49026745937499994 0.5905735828124999 0.49016951718749996 0.6051400250000001 0.493397859375 0.61849641875 0.5097721468749999 0.5958561796875 0.5068349343749999 0.575756346875
1 0.5575359484375 0.565564171875 0.5517527296875 0.6031877859375 0.5585331921875001 0.6183016515624999 0.5642497718749999 0.6088669453125 0.571065575 0.5821694374999999 0.5710995718749999 0.558836009375 0.5632525296875001 0.5561294671875 0.5575359484375 0.565564171875
1 0.6149521328125 0.5801968265624999 0.6051637750000001 0.6286058703124999 0.6094260484375 0.6344104265625 0.6225053515625001 0.6266027015625 0.6290953203125 0.596937671875 0.627417875 0.5722535203125 0.620539471875 0.5717061 0.6149521328125 0.5801968265624999
1 0.6760782828125 0.646221325 0.6831838718750001 0.6312583234375 0.685833996875 0.6026677625 0.6845429281250001 0.593629615625 0.6811200515625 0.5909281656250001 0.6747259640625 0.59146030625 0.6708827140625 0.5964462765625 0.6681359953125 0.6211253343750001 0.6619990453125 0.6382474625000001 0.6684244296874999 0.651337784375 0.6760782828125 0.646221325
1 0.7416353359375 0.6198611921875 0.74031296875 0.5972005796875 0.73085108125 0.5970548124999999 0.7278798734375 0.6002884046875 0.7237754453125 0.6441182249999999 0.725130459375 0.6619233546875 0.7278105359375 0.665433203125 0.7385335390625001 0.6425167093749999 0.7416353359375 0.6198611921875
1 0.7925621859375 0.6126365390624999 0.7871040921875 0.6201832859375 0.7825819859375 0.6347446359375 0.7788666296875 0.6572645703125 0.7834186875 0.67480363125 0.7933335921875 0.662406496875 0.801440465625 0.644747134375 0.8015071078125 0.6165582265625 0.7925621859375 0.6126365390624999
1 0.8509796546875 0.6245728359375 0.8466507390625001 0.6469571890625 0.8399002281250001 0.663943734375 0.8388662953124999 0.671495571875 0.8457760000000001 0.68566545625 0.861729915625 0.6707126390625 0.8617965562500001 0.6425237328125 0.858245784375 0.6222883140625 0.8509796546875 0.6245728359375
1 0.9068095984375001 0.6923446203125 0.9150443656249999 0.6922192234375 0.931645834375 0.6540685609375 0.93148529375 0.6413900765625 0.9231539328125 0.6376039703124999 0.917954321875 0.6432627578125001 0.9151436546875 0.6591748328125 0.906714353125 0.6699551718750001 0.9021609484375 0.670894059375 0.8986727734375 0.6779035703125 0.899867246875 0.6830302171875 0.9068095984375001 0.6923446203125
1 0.9745311078125001 0.6547923078125 0.970753153125 0.6500673156250001 0.959966203125 0.664216828125 0.9556685859374999 0.7002236453124999 0.9580575328125001 0.710476934375 0.9660338156250001 0.7122394984375 0.9770792484375 0.6962020265625 0.9787920359375001 0.6790748062499999 0.9745311078125001 0.6547923078125
1 0.960986659375 0.8414444421875 0.95714475625 0.827952465625 0.949168471875 0.8261899015624999 0.9445497734374999 0.8368397515625 0.9428043390624999 0.8588224515625 0.9457089046875 0.8837777687499999 0.9507139796875 0.888773925 0.956042834375 0.8821711578125001 0.960986659375 0.8414444421875
1 0.9512825453125 1 0.9499422265625 0.9913683515624999 0.9519357109375 0.9629568703125001 0.9452191953125 0.9566099890625 0.9386305734375 0.967797071875 0.9346993093749999 1 0.9512825453125 1
1 0.8886338546875001 1 0.8938706249999999 0.9900000078125 0.88638135625 0.9523611140625 0.8797614328125001 0.9499257343749999 0.8760474234375 0.9539677234375 0.8718803953125001 0.9705526156250001 0.872837253125 0.9866488640625001 0.8707158749999999 0.9975263812499999 0.8712687593749999 1 0.8886338546875001 1
1 0.891553709375 0.8776460265624999 0.8999503656250001 0.8717211703125001 0.9038915578125 0.85216875625 0.90308615625 0.825732225 0.8881022265625 0.8243662203125 0.8813204171875 0.8277303015624999 0.8862601984375 0.8424374203125 0.8802198421874999 0.86347105 0.8865159874999999 0.877505353125 0.891553709375 0.8776460265624999
1 0.8289066140625 0.855049696875 0.8324587343750001 0.8568071671874999 0.8431164421874999 0.8436016343749999 0.8458631609375 0.8189225765625 0.842505578125 0.8065101609375 0.844056475 0.795182403125 0.8422484406249999 0.7899201765625 0.8333035203125 0.7859984890625 0.82832974375 0.794624796875 0.825131353125 0.8133688125 0.8191236453125 0.8295469593749999 0.8289066140625 0.855049696875
1 0.8215117875000001 1 0.8311255859375001 0.98197011875 0.8307732046874999 0.9429906875 0.82861009375 0.93570491875 0.82396009375 0.9327323046875 0.8182761624999999 0.937311528125 0.815013825 0.9472885625 0.808844228125 0.9692661703125 0.8171415937500001 0.9963857031250001 0.8200314734375 1 0.8215117875000001 1
1 0.70356899375 0.9625360781250001 0.710480046875 0.9582280187500001 0.7167135890624999 0.9450173906250001 0.7212043953125 0.9168335781250001 0.718751503125 0.8978133046875 0.7133913484375001 0.8907936062499999 0.7064802968749999 0.8951016656249999 0.6999556218749999 0.9150557328125 0.7026996453125001 0.9273325640625 0.6997597375 0.944188621875 0.70356899375 0.9625360781250001
1 0.7618245734375 0.980271834375 0.7650542640625 0.9751502828125 0.7739052859375 0.9382045781249999 0.7737773921875 0.9206706125 0.7671574718749999 0.9182352328125001 0.7628299015625 0.9221416421875 0.7533013734375 0.9501847796874999 0.751007671875 0.9623209390625 0.7532673765625 0.9735182078125 0.7561732890624999 0.979995578125 0.7618245734375 0.980271834375
1 0.7721366375 0.83569714375 0.7774001984375001 0.8388053390625 0.7823739734374999 0.8301790328124999 0.7885435703125 0.8082014234375 0.793258865625 0.801463075 0.7913868859375001 0.787433865625 0.782669146875 0.7680017546875 0.7841873984375 0.7615294765625 0.781216190625 0.7647630703125 0.7647439625 0.8019697515624999 0.7611591953125 0.8050677625 0.7721366375 0.83569714375
1 0.7297397265625001 0.780619121875 0.7322279625 0.757828025 0.72922545625 0.7474391515625001 0.720473721875 0.7513404671874999 0.7175664625 0.7633410421875 0.7127845265625 0.7982682984375 0.723182403125 0.8054286703125 0.7294798953125 0.8009850281249999 0.731160034375 0.7887132890624999 0.7297397265625001 0.780619121875
1 0.642631990625 0.9597684171875001 0.652805378125 0.945483325 0.654905890625 0.9255241640625 0.66023474375 0.918921396875 0.6572961859374999 0.9172995078125 0.65752336875 0.9017890843749999 0.6526801812499999 0.8909934671874999 0.6467704140625 0.8926051718749999 0.643637315625 0.9016382234375 0.6405028734375 0.9291492234375 0.6294247937499999 0.9500421765624999 0.642631990625 0.9597684171875001
1 0.6468097984375001 0.7953599609374999 0.6536555546875 0.8007628640625001 0.655753371875 0.8177595953125 0.6588211734375 0.8184375046874999 0.6662818390624999 0.805498040625 0.6751628125 0.8006527484375001 0.6768103046875 0.793236490625 0.6697414078125 0.7479101765625 0.6667062546875 0.7423767859375 0.66105496875 0.7421005296875001 0.6586973234375 0.745469703125 0.65685529375 0.763540903125 0.6468097984375001 0.7953599609374999
1 0.6101594171875 0.76294764375 0.6125170640625 0.75957846875 0.6139713687499999 0.744339209375 0.61009681875 0.7357027171875 0.603476896875 0.7332673375 0.59679168125 0.74054291875 0.5940136625 0.7515995140625 0.58777876875 0.783288084375 0.598692265625 0.8051504843749999 0.6124830703125 0.782911896875 0.6101594171875 0.76294764375
1 0.5236352906249999 0.9101321125 0.527735675 0.9217361281249999 0.5281547 0.9325266515624999 0.5313190953125 0.9371160625 0.5462730734375 0.9063816593749999 0.5461778265625 0.8839922109374999 0.5374600890625 0.8645600999999999 0.5329066828125 0.8654989875 0.5285464671875 0.8742608781250001 0.5274798875 0.8866681968749999 0.52412095625 0.8927337296875001 0.5236352906249999 0.9101321125
1 0.5981359140625 0.9061716109375 0.6012377109375 0.88351609375 0.597654290625 0.8681361578125 0.592358084375 0.86988344375 0.5893542296875001 0.87797251875 0.5863816749999999 0.8996840546874999 0.5788883609375 0.917478996875 0.590351471875 0.9307099953125 0.5996528171875 0.9181772796875001 0.5981359140625 0.9061716109375
1 0.527745109375 0.7923905109375 0.5350112375 0.7901059921875 0.5547118078125 0.766255703125 0.5558423343750001 0.762615365625 0.5489339796875 0.729967534375 0.5434119359375 0.7287472984375001 0.5385674015624999 0.7364296265625 0.5351431734375 0.752206121875 0.5266485765625 0.7726974203125 0.52619555625 0.7852403234375 0.52322435 0.788473915625 0.527745109375 0.7923905109375
1 0.4666815578125 0.7536109375 0.4728171609375 0.7549667578125 0.47078194375000004 0.76521495625 0.47443065781250005 0.7708839265625 0.485733225 0.7714364390624999 0.4887044328125 0.768202846875 0.49661811718750004 0.742720484375 0.49939748437500003 0.71318594375 0.498106415625 0.7041477984375 0.48938733125 0.70319363125 0.4802152265625 0.7147823671875 0.47889016250000005 0.7290776484375 0.46797397187499995 0.744171140625 0.4666815578125 0.7536109375
1 0.456305546875 0.889418646875 0.45553009843750003 0.8950825281249999 0.45966312968749995 0.9018310609375 0.46053382656249997 0.918556628125 0.46876859375 0.918431234375 0.480265696875 0.908328803125 0.47784545156249997 0.88445305 0.47897732499999995 0.8623347671875001 0.477072696875 0.8531610390625 0.47303625781249997 0.8503240078125 0.46483279062499994 0.8640718656249999 0.463507728125 0.8783671453125 0.456305546875 0.889418646875
1 0.3900709875 0.9068762171875001 0.4045706 0.9071626609375001 0.40896346250000004 0.8935452890625 0.42307669687500005 0.8781857265624999 0.41526499687499996 0.8336678109375001 0.41048575625000006 0.8316391765625 0.406287428125 0.8346016046875 0.401603434375 0.854962415625 0.387650740625 0.8830004656250001 0.3870671328125 0.9149652921874999 0.3900709875 0.9068762171875001
1 0.412333175 0.7396561953125 0.4195013625 0.7519381203125 0.4206631890625 0.7619202453125 0.42434455 0.7627337375 0.43170862187500003 0.7458827734375 0.43616543124999996 0.741032384375 0.43984679375 0.7418458765625 0.443787984375 0.7222934609375 0.43623207500000005 0.712843478125 0.43584569531249995 0.697197471875 0.43035630156250004 0.6911217546875 0.4206998796875 0.7016309281249999 0.416694740625 0.7124163593749999 0.412333175 0.7396561953125
1 0.346713525 0.7387714015625 0.3485215578125 0.744033628125 0.3627313859375 0.732585565625 0.36990226875 0.7079116 0.3746175625 0.7011732515625 0.3744896671875 0.6836392874999999 0.37109943749999996 0.67608235625 0.36435027343750004 0.67459095625 0.35853710156249996 0.680114159375 0.3577929515625 0.6994005015625 0.3491691125 0.720835784375 0.346713525 0.7387714015625
1 0.347675425 0.8333202515625 0.3404419421875 0.8307492906249999 0.3336274828125 0.838968853125 0.3291026828125 0.8904860921875001 0.3337200359375 0.8983141890624999 0.3399209328125 0.8899590453125 0.3480931 0.862588721875 0.35106565624999997 0.8408771843749999 0.347675425 0.8333202515625
1 0.26409659375 0.88973688125 0.27698270625 0.8741061546875001 0.28263533750000003 0.8559044671875 0.28325159375000003 0.81908415625 0.27785879062499996 0.8169199421875 0.27243334375 0.81961120625 0.2580929265625 0.8504811921875 0.2555407453125 0.864505309375 0.25954453593750004 0.8721978234375 0.2605444734375 0.8879794109375 0.26409659375 0.88973688125
1 0.2220968390625 0.7024813046875 0.22581219687499998 0.67996136875 0.22268044687500002 0.6705164765625 0.223133465625 0.6579735734375001 0.21948475156249997 0.6523046031249999 0.21518982968749997 0.6513555281250001 0.20566264687500002 0.6609207234375 0.2012357890625 0.6978715203125 0.20540012187499998 0.71824251875 0.21030860625 0.7193271734375 0.2220968390625 0.7024813046875
1 0.2839085828125 0.6665406953125 0.27392838125 0.6886487921875 0.270602096875 0.68985884375 0.2682118015625 0.6980834984375 0.2735719578125 0.7051031953125 0.272601971875 0.72142201875 0.276766303125 0.741793015625 0.28119046718749996 0.741798109375 0.2876485015625 0.75003295 0.2907502984375 0.7273774328125 0.29720967656249997 0.7171343296875 0.29591860937500003 0.7080961828125 0.2978245859375 0.698791965625 0.2946928359375 0.689347071875 0.2946941828125 0.6708691296875 0.2878484265625 0.6654662265625 0.2839085828125 0.6665406953125
1 0.2102352234375 0.839905809375 0.210689590625 0.8088849609375 0.20739595312499998 0.80523953125 0.1979340671875 0.8050937625 0.1827869 0.828005165625 0.17864982499999998 0.8766904656250001 0.17897225625 0.8835694890625 0.18300869375 0.8864065203125 0.1985109359375 0.8655186609375001 0.2102352234375 0.839905809375
1 0.0835466328125 0.874153225 0.0859682265625 0.8795510343749999 0.09026315 0.8805001062500001 0.103181909375 0.8600138984375001 0.1196541390625 0.8228072171875 0.118881384375 0.7915152046875 0.1068686609375 0.786915609375 0.09675921875 0.8099676859375 0.0918180890625 0.8137385125 0.090170596875 0.8211547703125 0.092042578125 0.8351839796875 0.0835466328125 0.874153225
1 0.11275252031250001 0.6977696609375 0.1192432 0.70114901875 0.125444096875 0.6927938765625 0.13245174375 0.6923973171875 0.1393314953125 0.6744667921875 0.136233740625 0.6416884734375 0.1281608640625 0.6360144078125 0.1196676140625 0.6380277640625 0.113789146875 0.6532619296875 0.1146924890625 0.6651320171874999 0.10865213437500001 0.68616564375 0.11275252031250001 0.6977696609375
1 0.0375367265625 0.6444807015625 0.0403541921875 0.6928547140625 0.0475858875 0.684341965625 0.0548873578125 0.6402460718749999 0.0468471265625 0.6297165265625 0.0375367265625 0.6444807015625