1 0 0.9769024359375 0.012913981250000001 0.9773447828125 0.0237760296875 0.9809310218749999 0.0316907515625 0.9809632359375 0.0446023015625 0.9724362062499999 0.0456252140625 0.9666944125000001 0.039726882812499996 0.96021604375 0.001143071875 0.959980290625 0 0.960356853125 0 0.9769024359375
1 0 0.9073040750000001 0.01629175625 0.9072263734374999 0.024235909375 0.9022211562500001 0.041077228125 0.8984328265625001 0.0193752046875 0.887482278125 0 0.8896480656250001 0 0.9073040750000001
1 0 0.8311298125000001 0.0058454375 0.8324864171874999 0.0187165171875 0.8308858593749999 0.029633753125000002 0.8250269125 0.030641946875 0.8218038359375001 0.019835084375 0.8087724125 0 0.810600909375 0 0.8311298125000001
1 0 0.7592875171875 0.008255484375 0.75866461875 0.043921401562500004 0.750308915625 0.04789531875 0.74749146875 0.025207175 0.735985921875 0 0.737887871875 0 0.7592875171875
1 0 0.6950612109375001 0.0076335890625 0.6957714109375 0.0265023359375 0.6836478890625 0.0324852828125 0.67564364375 0.0037994734375 0.674661059375 0 0.6754188203125 0 0.6950612109375001
1 0 0.6231146109375 0.00903911875 0.624543009375 0.0218991640625 0.6248314875000001 0.0367755984375 0.6186738093749999 0.02596505625 0.606272065625 0 0.6064614749999999 0 0.6231146109375
1 0 0.5648040359375 0.0222413140625 0.566271346875 0.03814801875 0.55311251875 0.026299848437500002 0.548971284375 0 0.55173339375 0 0.5648040359375
1 0 0.5159085875 0.0195699140625 0.51549140625 0.032470428125 0.508853415625 0.0334896609375 0.5037413015625 0.019672926562500002 0.4978603953125 0.001856525 0.49920469062499995 0 0.49965695937500004 0 0.5159085875
1 0 0.46235448593750006 0.03472595625 0.4614781296875 0.046632990624999995 0.45554449999999996 0.0456763015625 0.44995207343750004 0.040749375 0.446547415625 0.028879131250000002 0.44618425625 0 0.45086616093750004 0 0.46235448593750006
1 0 0.403124721875 0.0231978625 0.4025548296875 0.0429681125 0.40546892031250004 0.0519425375 0.3934625515625 0.0460515625 0.385724825 0.027245359375 0.3871438046875 0 0.392871640625 0 0.403124721875
1 0 0.34825193906249996 0.01165873125 0.3455205671875 0.035377145312500004 0.3500249609375 0.041367453124999995 0.34076135625 0.0532855234375 0.3329386921875 0.05332599375 0.32601222500000004 0.0365141046875 0.324763121875 0 0.33384421249999996 0 0.34825193906249996
1 0 0.284391325 0.001131475 0.284633546875 0.045668803125000004 0.2819024859375 0.0535982421875 0.2794159859375 0.0585950703125 0.2708567421875 0.043777500000000004 0.2669395578125 0 0.2743645015625 0 0.284391325
1 0 0.22580308750000003 0.0064115890625000005 0.2275890296875 0.015312432812499999 0.228176240625 0.0430452328125 0.22293671874999998 0.060905782812499996 0.2140362734375 0.04905025625 0.2111544 0.046113965624999996 0.2057113375 0.0233412046875 0.20868840781250003 0 0.2170352984375 0 0.22580308750000003
1 0 0.17132151874999998 0.0403995875 0.16774902187500002 0.0543082953125 0.15788795312499998 0.052372843749999995 0.1504811734375 0.03061195625 0.1496054859375 0 0.15623739375 0 0.17132151874999998
1 0 0.11617309687499999 0.0288383828125 0.1144928328125 0.0407343796875 0.1104482421875 0.04969040625 0.1015902671875 0.047743918749999996 0.0960725234375 0.0507317140625 0.0927000796875 0.029949590625 0.09363874531250001 0 0.0991381015625 0 0.11617309687499999
1 0.16140607812500002 0.9623642406249999 0.1475709515625 0.95963173125 0.1257953484375 0.9612747593750001 0.1099401515625 0.9656180843750001 0.100012715625 0.9714023468749999 0.0999906421875 0.9751804203125 0.10591840625 0.9766213578125 0.13955689531249998 0.9766008484375 0.1653174515625 0.9702513343750001 0.166329328125 0.966398578125 0.16140607812500002 0.9623642406249999
1 0.08760519375 0.8936633640625 0.0895553625 0.8985514296874999 0.104369253125 0.9030982921874999 0.14395758125 0.9007406453125 0.158822978125 0.8964720046875 0.143045040625 0.8875920703125001 0.10545470781249999 0.88665195625 0.09158646875000001 0.8895865562499999 0.08760519375 0.8936633640625
1 0.14054655625 0.8072172203125 0.1010023765625 0.8020187171875 0.089110059375 0.80543363125 0.08311607343750001 0.8153269140624999 0.10482913281249999 0.8243884265625001 0.1157242921875 0.8223075546875 0.1355019 0.8239622875 0.147397896875 0.8199176937500001 0.149395890625 0.816619934375 0.14054655625 0.8072172203125
1 0.081574278125 0.7405444890624999 0.081552203125 0.7443225625000001 0.09142445 0.747983484375 0.134942546875 0.7503645375 0.1488218234375 0.7455409000000001 0.148854934375 0.7398737890625 0.138014959375 0.7325094796875 0.0994311484375 0.732273725 0.081574278125 0.7405444890624999
1 0.0958545703125 0.6670858515625 0.0789985328125 0.6733928953125 0.0779866578125 0.6772456515624999 0.082917265625 0.6800206296875 0.10071159375000001 0.682454409375 0.12644271875 0.6811423249999999 0.1383387140625 0.677097734375 0.140340390625 0.6731702937499999 0.128521653125 0.663991628125 0.0958545703125 0.6670858515625
1 0.0991182921875 0.6164874874999999 0.12188369375000001 0.6147697765625 0.1446711734375 0.609273990625 0.117008275 0.6025496140625 0.0883298234375 0.600307671875 0.069490509375 0.6073937609375 0.0714406765625 0.6122818265625 0.0991182921875 0.6164874874999999
1 0.137135390625 0.5443848499999999 0.0925980625 0.547115909375 0.07971594374999999 0.5506055062499999 0.0786819953125 0.5582363375 0.10734573124999999 0.56299699375 0.1320833765625 0.5623892734375 0.1400201734375 0.5586434140625001 0.14400145 0.554566609375 0.14009375625 0.5460498359375 0.137135390625 0.5443848499999999
1 0.15424159843750002 0.4952596390625 0.1364840625 0.486529071875 0.0830164578125 0.4937103546875 0.079013109375 0.501565234375 0.0908686375 0.504447109375 0.135383890625 0.505494121875 0.15424159843750002 0.4952596390625
1 0.09419490312499999 0.44314420625000006 0.081283353125 0.451671234375 0.08621395937500001 0.4544462125 0.101053603125 0.4545853234375 0.137698284375 0.44804397500000004 0.1436554796875 0.44444748125 0.1446747125 0.43933536718750005 0.13380530468750002 0.4370084875 0.09419490312499999 0.44314420625000006
1 0.0826300203125 0.39051769375 0.0826042671875 0.394925446875 0.09149039375 0.3980313734375 0.1132659984375 0.3963883453125 0.13007420625 0.3982671265625 0.14595147656250002 0.390145728125 0.13213474375 0.3842648234375 0.10840897187500001 0.3810197875 0.0826300203125 0.39051769375
1 0.1502638640625 0.3293978203125 0.14929981875 0.3250647515625 0.141403490625 0.3218841421875 0.108762159375 0.32057061249999996 0.0879579609375 0.325287353125 0.0859489296875 0.33047415 0.0908832125 0.3326194515625 0.11659594375 0.33445576093749996 0.1284441125 0.3385969953125 0.146282590625 0.33347462656250004 0.1502638640625 0.3293978203125
1 0.141789790625 0.2557678578125 0.09622955 0.2642407109375 0.09125847499999999 0.2683921984375 0.09222252187499999 0.27272526875 0.10407805 0.2756071453125 0.11101400937499999 0.27382500625 0.1426692203125 0.274583540625 0.15161053124999999 0.26824428125 0.152626084375 0.2637618453125 0.141789790625 0.2557678578125
1 0.13327524375 0.1890643625 0.1233514890625 0.19421894374999998 0.097598290625 0.1993090984375 0.09458106250000001 0.207718975 0.10247371093749999 0.2115292609375 0.1450498328125 0.205799171875 0.15694215312499998 0.202384259375 0.1589511859375 0.19719746093749999 0.14118996718750002 0.1890965734375 0.13327524375 0.1890643625
1 0.125548153125 0.156918521875 0.1532662359375 0.154197715625 0.16325989375 0.137079234375 0.10683760625000001 0.14196585 0.0969175296875 0.14649075312499998 0.0959056546875 0.1503435109375 0.10181502499999999 0.1549328421875 0.125548153125 0.156918521875
1 0.0902979671875 0.09412050625 0.0902722140625 0.09852825781249999 0.096188940625 0.101858234375 0.129842146875 0.0993190078125 0.1466908234375 0.09427132187500001 0.1526811296875 0.08500771875 0.1428125609375 0.08071711718749999 0.097256 0.0885602921875 0.0902979671875 0.09412050625
1 0.22965446250000002 0.9653969328124999 0.22962503124999997 0.9704343640624999 0.23455931562500001 0.9725796624999999 0.277109684375 0.9712573265625 0.28800484531250004 0.9691764546874999 0.29198611875 0.9650996468749999 0.2801600234375 0.957180340625 0.243552134375 0.9574249 0.22965446250000002 0.9653969328124999
1 0.21924493437499998 0.8843601874999999 0.2192007875 0.8919163343750001 0.2350155140625 0.8944994765625 0.270637284375 0.8936999234374999 0.28450184375 0.8913950015625 0.29244599843749997 0.8863897828124999 0.27567458125 0.8782142125 0.24799696718750003 0.8740085515624999 0.21924493437499998 0.8843601874999999
1 0.230625728125 0.7991616984375 0.223682409375 0.8022031953125 0.22166601875 0.8086493515625 0.224620703125 0.8109440171875001 0.24933627656250001 0.8141143703125 0.27209800156249997 0.8130263390625 0.2820070390625 0.810390471875 0.28599199375 0.805683984375 0.275155696875 0.7976899953125 0.230625728125 0.7991616984375
1 0.22506586718750002 0.73475286875 0.27355135937499997 0.7336121109375 0.27854818593749997 0.7250528703125 0.2696878125 0.7175391906249999 0.2399974875 0.71915000625 0.21917857343749997 0.7263854624999999 0.2181630203125 0.730867896875 0.22506586718750002 0.73475286875
1 0.2196053421875 0.6533427078125 0.2106713859375 0.658422609375 0.2096595109375 0.662275365625 0.21656235937499999 0.6661603359375 0.2491816171875 0.671251940625 0.2531371390625 0.6715828859374999 0.258126609375 0.6642830046875 0.274986321875 0.6573462796875 0.26117326875 0.6508356953125001 0.2196053421875 0.6533427078125
1 0.19815717187499998 0.5989443140625 0.19910282343750002 0.6064257765625001 0.2238183953125 0.60959613125 0.24954951875 0.6082840484375 0.270357396875 0.6029376296875 0.27235171406249997 0.600269546875 0.25062025781249997 0.594356428125 0.2080662109375 0.596308446875 0.19815717187499998 0.5989443140625
1 0.20144297031249997 0.544567878125 0.20636621718749998 0.5486022140625 0.222177265625 0.5518150375 0.2429409953125 0.5540247640625 0.25877779843750004 0.5528298359375 0.2588329828125 0.5433846499999999 0.2558819765625 0.54046030625 0.2311811234375 0.5347712359375 0.20144297031249997 0.544567878125
1 0.2572249640625 0.47993644687500003 0.239452709375 0.4737245953125 0.2176771078125 0.4753676234375 0.199823915625 0.48300870937499996 0.1889361125 0.4838302234375 0.18494748125 0.4891663890625 0.18888460625 0.492645728125 0.20074749218750002 0.49426824687500004 0.20567073906250002 0.498302584375 0.2403063859375 0.49694803125 0.2551975359375 0.4882716375 0.2572249640625 0.47993644687500003
1 0.1833247453125 0.4282368984375 0.1852712359375 0.43375464375000006 0.22578681718750002 0.44202685468749997 0.23469134062500002 0.44198438749999996 0.2436473703125 0.43312641406249996 0.2456600828125 0.4273099375 0.2387609125 0.42279528749999995 0.1882884625 0.42534476874999994 0.1833247453125 0.4282368984375
1 0.191555865625 0.3741167265625 0.182621909375 0.3791966265625 0.1875267625 0.3863793578125 0.238992690625 0.383125515625 0.2439527296875 0.3808630625 0.24995039531250002 0.37034010156249997 0.243036509375 0.36834416718749996 0.2242339859375 0.36913346874999997 0.191555865625 0.3741167265625
1 0.1988597265625 0.309366696875 0.19092661093750002 0.31248287656249996 0.187946171875 0.3145959625 0.1908751046875 0.3212983796875 0.21063799374999997 0.3254718296875 0.23933484218749998 0.3245653765625 0.2502410390625 0.32059546875 0.2532509078125 0.31344495 0.23942681718749997 0.308823403125 0.1988597265625 0.309366696875
1 0.199131975 0.26277045625 0.24367298124999998 0.25940971562500004 0.2545755 0.256069484375 0.23288819374999997 0.2426002203125 0.22793919218749997 0.24297363593750002 0.1962177609375 0.2535493203125 0.192218090625 0.260774521875 0.199131975 0.26277045625
1 0.1986094125 0.18287591718750001 0.1926522171875 0.186472409375 0.19063950624999998 0.1922888859375 0.19654519374999999 0.1975078984375 0.2054386796875 0.199354465625 0.22424120468750003 0.19856516562499998 0.24005593281249998 0.20114830781249998 0.255944240625 0.19113787499999998 0.2401589453125 0.1835172984375 0.1986094125 0.18287591718750001
1 0.2770832328125 0.129120353125 0.2316112890625 0.12248091406249999 0.20189888906250003 0.1278698015625 0.2038306625 0.1359062609375 0.226566634375 0.13922598125000002 0.2532838796875 0.1384688953125 0.2770832328125 0.129120353125
1 0.23093052812499998 0.06966256875 0.21606513125000001 0.073931209375 0.2091218125 0.07697270625 0.20809154375 0.0839738578125 0.21895359218750002 0.087560096875 0.2605325578125 0.083164046875 0.26847671093750003 0.0781588296875 0.268509821875 0.07249171875 0.24676733125 0.0684676390625 0.23093052812499998 0.06966256875
1 0.4137867234375 0.9464684406250001 0.39203319531249997 0.9443333953125 0.3910949015625 0.9355925734375001 0.3574085828125 0.943798909375 0.350457909375 0.9480997656250001 0.34944235625000003 0.9525822015625 0.36719989375 0.96131276875 0.3988477453125 0.963330659375 0.42657686562499997 0.9587208171875 0.418687896875 0.9542808515625 0.4137867234375 0.9464684406250001
1 0.3746803515625 0.8663381484375 0.366776665625 0.864416896875 0.355782171875 0.8834991000000001 0.35971561875 0.8876081203125 0.37452583125 0.8927846625000001 0.40023488125 0.895250653125 0.4368795625 0.8887093046875 0.415173859375 0.8783884343749999 0.382554603125 0.8732968296875001 0.3746803515625 0.8663381484375
1 0.36622466875000004 0.7895597890625 0.3543286734375 0.7936043828125 0.35034739843749996 0.7976811890625 0.3503106078125 0.8039779765624999 0.362158778125 0.8081192093749999 0.40371566875 0.8075012359375 0.4245603359375 0.7958580265624999 0.4028362375 0.7886855500000001 0.3850124765625 0.7912892046875 0.36622466875000004 0.7895597890625
1 0.387466671875 0.7099112578125 0.358777184375 0.709558353125 0.3448868734375 0.716271028125 0.34387131718749997 0.7207534625 0.3547296875 0.7249693796875001 0.406188259375 0.72297489375 0.4160936171875 0.72096870625 0.4180879359375 0.7183006234375 0.41612672812499996 0.7153015953125 0.387466671875 0.7099112578125
1 0.3968200375 0.6330479609374999 0.3889016359375 0.6336454265625 0.376994603125 0.63957905625 0.3641382390625 0.6386608984375 0.34532099843749997 0.6419689156249999 0.34132500625 0.6485644374999999 0.348231534375 0.6518197296875 0.373929546875 0.65617475625 0.3838275484375 0.6554279249999999 0.40962489687500003 0.6427816234375 0.3968200375 0.6330479609374999
1 0.3337671515625 0.58745336875 0.33967284062499997 0.5926723796875 0.34757652656250004 0.5945936296875 0.3821974578125 0.5957577953125 0.39807840781250003 0.58700671875 0.40107356093749996 0.5823749171875 0.381329065625 0.5750530734375 0.341726021875 0.5799294359375 0.3337671515625 0.58745336875
1 0.3964777484375 0.5222991546875 0.389560184375 0.5209329 0.38365449375 0.5157138890625 0.34203873906250004 0.5264067265625 0.33607786562499997 0.5306329 0.3400002734375 0.53663095625 0.3676668515625 0.54272565625 0.37756117499999997 0.5426085031250001 0.39145148750000003 0.5358958281249999 0.388507840625 0.5317121265625 0.3964777484375 0.5222991546875
1 0.36317037343749997 0.4656485640625 0.351289090625 0.467174440625 0.3443862421875 0.4632894703125 0.33150780625 0.46614938749999996 0.32554325 0.4710052390625 0.3274787015625 0.47841201875 0.366986090625 0.48990730937500004 0.376876734375 0.4904198359375 0.396716884375 0.4813700265625 0.3987222390625 0.47681290781249996 0.36317037343749997 0.4656485640625
1 0.374297309375 0.4238979203125 0.38717575000000004 0.42103800312499995 0.3941264265625 0.41673714687499996 0.38325701875 0.4144102671875 0.378333771875 0.41037592968750003 0.349622209375 0.41380109843749996 0.3338001234375 0.4124773140625 0.324873525 0.4162978546875 0.322868171875 0.42085497343749995 0.32482201875 0.42511335937499994 0.33074978125 0.42655429843750003 0.344595946875 0.42739777187500005 0.374297309375 0.4238979203125
1 0.377697159375 0.35000143906250003 0.353975065625 0.34612672187500004 0.34110766406250004 0.34709760312500004 0.330194109375 0.35232686874999997 0.32818875468750003 0.3568839890625 0.3321258828125 0.360363328125 0.344982246875 0.36128148437499996 0.373671734375 0.361634390625 0.383573415625 0.36025788125 0.3845889703125 0.35577544687499996 0.377697159375 0.35000143906250003
1 0.32060146718750004 0.30081035 0.32651819375 0.304140325 0.3640864515625 0.308858515625 0.374970575 0.308666678125 0.38884985 0.30384304218749997 0.3740948234375 0.2892213140625 0.3335534890625 0.2853568546875 0.32462321250000004 0.2898070765625 0.32060146718750004 0.30081035
1 0.40405739843750005 0.24101426093749997 0.39515655625 0.2404270515625 0.3764239328125 0.2292524515625 0.35170100312499997 0.2273414578125 0.33583476874999996 0.2335738171875 0.32098408749999996 0.23532374374999998 0.31601669062500004 0.2388455546875 0.31894562187500003 0.24554797343749998 0.340684434375 0.2502017328125 0.3614775953125 0.2473740296875 0.37433028125 0.248921865625 0.40405739843750005 0.24101426093749997
1 0.3213188796875 0.1780229640625 0.32327640625 0.1816516703125 0.34105233749999997 0.18723384062499998 0.3667613890625 0.1896998328125 0.3925624171875 0.1764238515625 0.36886975624999996 0.1675117046875 0.35004883750000004 0.1714494 0.3262973125 0.17261211406250002 0.3213188796875 0.1780229640625
1 0.3741609078125 0.10857815156249999 0.328633778125 0.11138389374999999 0.31672674375 0.117317521875 0.3176797546875 0.123539628125 0.3255687234375 0.127979596875 0.3513072078125 0.12540815624999999 0.368104378125 0.1291759734375 0.388956403125 0.1162734078125 0.385026634375 0.11153470937500001 0.3741609078125 0.10857815156249999
1 0.3299399765625 0.057156823437500004 0.322006859375 0.0602730046875 0.32000150625 0.064830125 0.323934953125 0.06893914375 0.359534646875 0.0719176625 0.36744936875 0.0719498765625 0.38628500468750004 0.06549346406249999 0.387307915625 0.059751671875 0.37151158125 0.054020132812499996 0.3299399765625 0.057156823437500004
1 0.49686003593750006 0.9521589562500001 0.49879916562500004 0.9589360593749999 0.50769633125 0.9601529484375 0.5512475375 0.956866890625 0.5661166140625 0.9519685703125 0.5710876875 0.94781708125 0.54539703125 0.942202696875 0.5186871453124999 0.9417004234374999 0.49686003593750006 0.9521589562500001
1 0.518035815625 0.8838446484375 0.5506881859375 0.883269140625 0.56654338125 0.8789258156249999 0.550791196875 0.8656381312500001 0.50922695 0.8675154640624999 0.501290153125 0.8712613234375001 0.5002635625 0.8776327953124999 0.518035815625 0.8838446484375
1 0.56902333125 0.7931401171875 0.561160115625 0.7842923984375 0.53444286875 0.7850494859375 0.5226020578125 0.7796488921875 0.5186134234375 0.7849850578125 0.509697865625 0.7869165640625 0.5017426734375 0.79381081875 0.501713240625 0.79884825 0.50960956875 0.8020288578124999 0.527425971875 0.8006845609375001 0.5521305062499999 0.8057439515624999 0.56902333125 0.7931401171875
1 0.5675404015625001 0.70828283125 0.5517219921875001 0.706329365625 0.5319811750000001 0.6983778453125 0.5052676078125 0.6985052515625 0.4993140921875 0.701472065625 0.5002597421874999 0.7089535296875 0.5120858375 0.7168728390625 0.5278968875000001 0.7200856609375 0.559552096875 0.7208441953125 0.5763786984375 0.7195745828125 0.5764007734375001 0.7157965078124999 0.5675404015625001 0.70828283125
1 0.5482484234375 0.6235104828125 0.50766661875 0.626572490625 0.49874002187500005 0.6303930328125 0.49672363124999996 0.6368391875 0.5105550796875 0.6402013765625 0.5263918828125 0.6390064453125001 0.54715193125 0.641845853125 0.5521377234375 0.6351756484375 0.5600745203125 0.6314297890625 0.5482484234375 0.6235104828125
1 0.5020920421875 0.5646823765625 0.48621844843749995 0.5721740953125 0.5148821828125001 0.576934753125 0.5504855562500001 0.579283590625 0.556424359375 0.5788354921875001 0.5604056328125 0.5747586874999999 0.552557134375 0.5633922515625 0.5317970828125 0.5605528453125 0.5020920421875 0.5646823765625
1 0.515275840625 0.5095591078124999 0.49746679531250004 0.509644046875 0.486553240625 0.5148733140624999 0.48355808749999996 0.519505115625 0.4954062578125 0.5236463484375 0.5339974265625 0.5226227453125001 0.548855465625 0.5196134609375 0.5617523 0.5136051484374999 0.5351049546875 0.5023983359375 0.515275840625 0.5095591078124999
1 0.493787203125 0.46208718125 0.533375528125 0.4597295359375 0.5472842390625 0.4498684671875 0.5364221890625 0.446282228125 0.5077363796875 0.44529964375000003 0.48396278125 0.45024043437500005 0.48292515468749997 0.45850094218750004 0.493787203125 0.46208718125
1 0.4961126328125 0.40274799687499996 0.5475638453125 0.40201286875 0.552542278125 0.3966020234375 0.541724378125 0.3854596375 0.5100654890625 0.38533078125000003 0.485291053125 0.392235290625 0.486240384375 0.399087075 0.4961126328125 0.40274799687499996
1 0.5499702125 0.3288207484375 0.5331730421875001 0.3250529296875 0.5034716796875001 0.3285527828125 0.4945487625 0.331743646875 0.49254708750000004 0.3356710859375 0.4944898984375 0.3418185078125 0.5004103046874999 0.344518803125 0.5261487875 0.34194736406250004 0.5449329140625 0.3443064578125 0.5568583453125 0.335224434375 0.5499702125 0.3288207484375
1 0.5087591515625001 0.27024890625000003 0.4859679953125 0.27637437187499997 0.487892409375 0.2856701890625 0.49183689375000006 0.28789017031249997 0.5373787390625 0.282565709375 0.555217215625 0.2774433421875 0.5582050109375001 0.2740708984375 0.53251435625 0.2684565109375 0.5087591515625001 0.27024890625000003
1 0.4902435921875 0.22192325156249998 0.49912604062500004 0.22565885625 0.5149481265625 0.2269826421875 0.5386996515625 0.2258199265625 0.5555667234375 0.21762384375 0.54076755 0.21055826406249997 0.5210046562499999 0.2063848171875 0.49227837656249995 0.2123287015625 0.4902435921875 0.22192325156249998
1 0.4896033 0.1621784375 0.513351146875 0.1616454 0.532131596875 0.164634171875 0.540049996875 0.16403670937499998 0.5529689046875 0.154250321875 0.534243640625 0.1418163671875 0.5055173625 0.14776024999999998 0.4856845703125 0.1555507015625 0.4896033 0.1621784375
1 0.54640085 0.093064571875 0.5444690765625 0.0850281125 0.50197389375 0.076905265625 0.48909545468750004 0.07976518437499999 0.487064346875 0.088730053125 0.4939671953125 0.0926150234375 0.5107901203125 0.0919750890625 0.52361705 0.0979306765625 0.5255709000000001 0.10218906406249999 0.5334745828125 0.1041103140625 0.5384346203125 0.1018478625 0.54640085 0.093064571875
1 0.49331586562499996 0.0347592484375 0.4893309125 0.0394657328125 0.5061060078125 0.0470116234375 0.54372209375 0.0435439859375 0.5536421687499999 0.03901908125 0.553689996875 0.030833256250000003 0.5349353 0.023436731250000002 0.5171152171875 0.0254107046875 0.49331586562499996 0.0347592484375
1 0.686396796875 0.008232139062500001 0.6734962859375 0.0148701296875 0.6734484578125 0.023055956250000002 0.6853076640625 0.025308153125 0.7080804265625 0.0223310828125 0.7328622203124999 0.014167217187500001 0.7368545328125 0.008201375 0.7289618828125 0.0043910875 0.686396796875 0.008232139062500001
1 0.877052965625 0.0580455453125 0.88199093125 0.059561168750000004 0.8820461156249999 0.050115984375 0.852410975 0.042281615625000005 0.8157147890625 0.057638468750000005 0.81468451875 0.0646396203125 0.8196151265625 0.0674146 0.8374204921875 0.067959340625 0.8536056203125 0.063591121875 0.8651496125 0.0633494953125 0.877052965625 0.0580455453125
1 0.7384809453125001 0.0685011828125 0.7306066921875 0.0615425015625 0.709828246875 0.0618514890625 0.6830778890625 0.0682756875 0.6849691921875001 0.08323861406250001 0.689881403125 0.0891619859375 0.703779075 0.0811899546875 0.7265260828125 0.0826206390625 0.7394413125 0.0734639328125 0.7384809453125001 0.0685011828125
1 0.7291901234375 0.1346599375 0.730201996875 0.13080718281249998 0.7144167015625 0.12318660625 0.68867821875 0.125758046875 0.6767711859375 0.131691675 0.6648935828125 0.1325878734375 0.6599298671875 0.13548000625 0.65789508125 0.14507455625000001 0.6677710078125 0.148105796875 0.6875633328124999 0.1472418140625 0.7053576609375 0.149675590625 0.7291901234375 0.1346599375
1 0.8183530765624999 0.1140855234375 0.81140608125 0.1177567 0.8093970484374999 0.12294349687499999 0.8153064156250001 0.127532828125 0.82618318125 0.12860035 0.849919990625 0.12995635 0.8757246953125 0.116050690625 0.87970965 0.11134420468749999 0.85797819375 0.1054310875 0.8183530765624999 0.1140855234375
1 0.8661285140625001 0.2344727953125 0.860226503125 0.2286241046875 0.8454052531249999 0.22533659843749998 0.8157149296874999 0.2269474140625 0.79687929375 0.23340382499999998 0.7909037031249999 0.2401487125 0.7968057125 0.2459974015625 0.81855924375 0.2481324484375 0.8304625968750001 0.24282849843749998 0.848275321875 0.24211388125000002 0.8661285140625001 0.2344727953125
1 0.8714307031249999 0.17365020312499999 0.8655066187499999 0.1715795875 0.8259366859374999 0.1707888375 0.8081055656249999 0.17465185 0.807075296875 0.181653 0.8120022234375 0.1850576609375 0.8426529171875 0.1884095921875 0.8555166406250001 0.188068390625 0.8664265171875 0.183468803125 0.8723873921875 0.17924263125 0.8714307031249999 0.17365020312499999
1 0.72191569375 0.1943725375 0.7239284046875001 0.1885560625 0.714052478125 0.1855248203125 0.69031566875 0.18416881875 0.6824193421875 0.1809882109375 0.668540065625 0.1858118484375 0.6506574390625001 0.1984903671875 0.64373251875 0.1983834671875 0.647677003125 0.2006034515625 0.6891823875 0.20880098125000002 0.6931231921875 0.21165064375 0.72191569375 0.1943725375
1 0.6751044421875 0.24762727812500002 0.6513455593749999 0.2500493546875 0.641421803125 0.25520393750000003 0.647312778125 0.2629416640625 0.6601728234375 0.26323014218749996 0.696795428125 0.2604668671875 0.7018106515625 0.2487592296875 0.6959049609375 0.24354021874999998 0.683037559375 0.2445110984375 0.6751044421875 0.24762727812500002
1 0.8766594484375 0.29473013593749997 0.8598806734375 0.287813921875 0.8390911921875001 0.2900119484375 0.83119854375 0.2862016609375 0.8301903484375 0.2894247375 0.8143425093750001 0.2925087046875 0.80440771875 0.2995523234375 0.8073440078124999 0.3049953859375 0.8172309703125 0.3061375921875 0.8459388546875 0.3033421 0.8696462296874999 0.309735534375 0.8766594484375 0.29473013593749997
1 0.7082867312500001 0.3256869546875 0.7122900796875 0.317832075 0.729142434375 0.312154709375 0.72916083125 0.30900631562499997 0.7143469390625 0.304459453125 0.7074661671875 0.29679640625000003 0.69955144375 0.29676419374999996 0.6549331781250001 0.3133481921875 0.6499621015625 0.31749968125 0.650918790625 0.323092109375 0.6548669546875 0.32468241249999996 0.6736768375 0.322633753125 0.7082867312500001 0.3256869546875
1 0.6833025890625 0.3684831625 0.6793544265625 0.36689285781250003 0.6635139453125001 0.3687174671875 0.6555661109375001 0.3743523625 0.6545358421875 0.3813535140625 0.6634109328125 0.3863484765625 0.6752811765625 0.3867116359375 0.70892334375 0.3860614484375 0.728800284375 0.3707148484375 0.703128025 0.36195206875 0.6833025890625 0.3684831625
1 0.8521721187500001 0.4218286359375 0.8630930328125 0.41534000937500004 0.8739918703124999 0.412629459375 0.8779731453125 0.408552653125 0.8433926828124999 0.400462021875 0.8206088843750001 0.405328128125 0.8027262593750001 0.41800664374999996 0.80468010625 0.42226503125 0.8145597125 0.42466659375000004 0.82743079375 0.42306603281250005 0.834344678125 0.42506196875 0.8521721187500001 0.4218286359375
1 0.8318167609374999 0.349724546875 0.8080615578125 0.351516940625 0.7931814453125 0.3583042984375 0.7961214125 0.36311768125 0.8050185781250001 0.3643345703125 0.8277839796875 0.362616859375 0.847550553125 0.36616062656250004 0.8585156125 0.3521158546875 0.843712759375 0.3456799546875 0.8318167609374999 0.349724546875
1 0.7313465984375 0.44290387343750004 0.727427865625 0.436276140625 0.698819315625 0.42207029843750005 0.6948637953125 0.4217393515625 0.6631239671875 0.43546343125 0.66309085625 0.44113054218750003 0.671976984375 0.4442364671875 0.6887962296875 0.44422621093750003 0.71152851875 0.44817561093749997 0.7244032796875 0.445945371875 0.7283477640625 0.44816535625 0.7313465984375 0.44290387343750004
1 0.7052254953125 0.510961921875 0.705262284375 0.5046651328125 0.7161464078125 0.504473296875 0.7211211625 0.49969212812499997 0.719207784375 0.488507275 0.7152633015625 0.4862872921875 0.6875746484375 0.48397066874999994 0.6568834875 0.4875452 0.6479605671875001 0.490736065625 0.6488988609375 0.4994768875 0.662711915625 0.5059874718749999 0.677562596875 0.5042375453125 0.69532749375 0.5117087546875 0.7052254953125 0.510961921875
1 0.84582494375 0.49217109531250003 0.8517637453125 0.49172299375 0.8577319781250001 0.4862374640625 0.8745769749999999 0.48181945625000006 0.872645203125 0.473782996875 0.859836665625 0.46467901562499997 0.8360483515625001 0.47213852031250003 0.8132719093749999 0.47574526875 0.8043453140624999 0.4795658125 0.8023399609374999 0.484122928125 0.8181399718750001 0.4892247890625 0.8329906546875 0.48747486406249996 0.84582494375 0.49217109531250003
1 0.8781167671875 0.5533041203125 0.8752319828124999 0.5390455546874999 0.860399696875 0.5376470859375 0.841663396875 0.527102165625 0.7980312515625 0.5442411593750001 0.79701201875 0.5493532734375 0.8009491437499999 0.5528326140625001 0.8227137125 0.5530786234375 0.8543284515625 0.560763625 0.8870139312499999 0.5545210093749999 0.8781167671875 0.5533041203125
1 0.7029184609375 0.5671527109375 0.71385776875 0.5575156921875 0.7237704859375 0.5542501468750001 0.7237925609375 0.550472071875 0.7050157890625 0.5468536203125 0.6990990640625 0.5435236437500001 0.6991211390625 0.5397455718749999 0.6783426921875 0.540054559375 0.6703727859375 0.5494675296875 0.6545212640625 0.5531811765625 0.6495354734375 0.55985138125 0.6623550484375 0.567066325 0.674217934375 0.5686888421875 0.7029184609375 0.5671527109375
1 0.7163930421875 0.6315937546875 0.7213567609375 0.6287016234375 0.7065833375 0.6172282921875001 0.6798808078125 0.6154666640625 0.6719844828125 0.6122860546875 0.6541533609375 0.6161490656249999 0.6471990078125 0.6210796015625 0.6471585375 0.62800606875 0.6540577062499999 0.63252071875 0.6738647484375 0.62913801875 0.697586840625 0.633012734375 0.7163930421875 0.6315937546875
1 0.8124845953125 0.61049655625 0.8114506484374999 0.6181273859374999 0.8213155390625 0.6230476640625 0.8747794624999999 0.6164960625 0.8817411749999999 0.6103061703125 0.8718726046875 0.6060155703125 0.8422043546875001 0.6038483109375 0.8194389531249999 0.605566021875 0.8124845953125 0.61049655625
1 0.8882577250000001 0.6803074265625 0.869514065625 0.6710218640625001 0.8497364578125 0.66936713125 0.8120982984375 0.6766128421875 0.8110753859375001 0.6823546359375 0.8150051546875 0.687093334375 0.8495892968750001 0.6945542875 0.8644326187500001 0.6940637203125 0.871390653125 0.6885035078125 0.88724585 0.6841601828125 0.8882577250000001 0.6803074265625
1 0.7067306390625 0.7613500828124999 0.682979115625 0.7625127968750001 0.674045159375 0.767592696875 0.6611703999999999 0.7698229359375001 0.6561956453125 0.7746041046875 0.65616989375 0.7790118578125 0.66799966875 0.786301484375 0.706605553125 0.7827591640625 0.726442025 0.7743390328124999 0.72647145625 0.769301603125 0.7067306390625 0.7613500828124999
1 0.6565819453125 0.70848781875 0.681286478125 0.7135472093749999 0.6832476859375001 0.7165462359375 0.6921485281249999 0.7171334453125 0.69812411875 0.710388559375 0.7149580796875 0.7078595875 0.734794553125 0.69943945625 0.7338305046875 0.6951063875 0.7408032546875 0.687027459375 0.7170480515625 0.6888198546875001 0.70519988125 0.6846786203125 0.6962769640625 0.6878694828125 0.6863826421875 0.6879866359375 0.6774486875 0.6930665359375 0.6586277671875 0.69700423125 0.65462441875 0.7048591109375 0.6565819453125 0.70848781875
1 0.84930233125 0.74366924375 0.8176066531249999 0.7498371765625 0.8146151765624999 0.7538393 0.8165395921874999 0.7631351171875 0.8431942937500001 0.7730825734375 0.89368881875 0.7667550171874999 0.900624778125 0.764972878125 0.9026301312499999 0.7604157609375 0.8779587078125 0.7496892578125001 0.84930233125 0.74366924375
1 0.9119394875 0.8604175546875 0.9169068828125001 0.85689574375 0.9169326375000001 0.852487990625 0.8932362984375001 0.8442055249999999 0.8517309140625 0.8360079953125 0.8200278765625001 0.8434352859375001 0.8179746953125001 0.8561782296875 0.843669028125 0.8611629375 0.848592278125 0.8651972734375001 0.856507 0.8652294890625001 0.8703862750000001 0.8604058515625 0.9119394875 0.8604175546875
1 0.7258864890625001 0.8694205500000001 0.7279065609375001 0.862344715625 0.718037990625 0.858054115625 0.716098859375 0.8512770140624999 0.696328609375 0.8483629234375 0.66362105625 0.8583836140625 0.65961035 0.8674978515625 0.663521721875 0.87538494375 0.68032625 0.8778934046875 0.6922185703125 0.8744784921875001 0.714965578125 0.875909175 0.7258864890625001 0.8694205500000001
1 0.6799730640625 0.9383425796875 0.671009678125 0.9484599125000001 0.68878193125 0.9546717625 0.7026244171875 0.9561449171874999 0.7303461796875 0.9527944312500001 0.7382903328125 0.9477892125 0.7393095656249999 0.9426770984375 0.7264863140625 0.9360918328125001 0.6799730640625 0.9383425796875
1 0.9105413140625 0.9303865968749999 0.880954003125 0.9143664015624999 0.862099971875 0.9239712078125001 0.8373402515624999 0.9283570015624999 0.839253628125 0.9395418546875 0.852073203125 0.9467568015625 0.8639397687500001 0.9477496406249999 0.89856805625 0.9476544484374999 0.9025456515625001 0.9442073203125 0.9203694140625001 0.941603665625 0.9105413140625 0.9303865968749999