1 1 0.38495831406250003 0.9688798562500001 0.38209956875 0.9643811703124999 0.3836000359375 0.984184746875 0.40248325625000003 1 0.4064918296875 1 0.38495831406250003
1 1 0.451377928125 0.99285236875 0.44825197812499995 0.971759246875 0.45412870312500003 0.9641843296875001 0.4601308921875 0.992114084375 0.4705109328125 1 0.4715076640625 1 0.451377928125
1 1 0.530792909375 0.9762924203125 0.5186548640625 0.9637389187500001 0.5141526625 0.9478335578125 0.5154026796875 0.955794859375 0.5312843296875001 0.9830133875 0.5401637421875 1 0.54294859375 1 0.530792909375
1 0.985346428125 0.586307421875 0.950922125 0.57230071875 0.9325139421875001 0.58017833125 0.943253696875 0.5881818890625 0.985964140625 0.5976870296875 0.9959483656250001 0.594936225 0.994663728125 0.5913097234375 0.985346428125 0.586307421875
1 0.9566242703125001 0.6457054953125 0.991417715625 0.6485827203125 0.993091184375 0.6409904234375 0.9885506609375 0.6379533453125 0.9427196796875 0.6236961921875 0.928650215625 0.6260717203125 0.9265608375 0.6308235734375 0.938860859375 0.6412031359375 0.9566242703125001 0.6457054953125
1 0.9630647015625 0.6968513171875 0.965429709375 0.6908489671875 0.9534274671875 0.6838457765625 0.916340378125 0.6724650515625 0.903395584375 0.6744654625 0.90314210625 0.680342825 0.907249496875 0.6853449687500001 0.9188161421875 0.6895970375 0.9630647015625 0.6968513171875
1 0.9413662031250001 0.75274819375 0.944144653125 0.7448701015625 0.939486003125 0.74236895 0.9150902265624999 0.734865178125 0.8963178109375001 0.7254858203125 0.884955434375 0.7344891015624999 0.8890849781249999 0.7441181125 0.9078352437499999 0.748870603125 0.9413662031250001 0.75274819375
1 0.869222375 0.8011405 0.8854476703125 0.8078937187499999 0.93052311875 0.8113965125 0.936559921875 0.807645184375 0.9265092421875 0.7965153875000001 0.9142535234375 0.795389559375 0.8919471250000001 0.7831339328125 0.8840965781250001 0.79038661875 0.8707383390625001 0.7942627718749999 0.869222375 0.8011405
1 0.911603071875 0.8594152968750001 0.867332359375 0.8475341500000001 0.859024065625 0.8474088453125 0.8522981906249999 0.8542864109374999 0.8659985125 0.8630403624999999 0.9203912640624999 0.8715454578124999 0.9217694140624999 0.8652929781250001 0.911603071875 0.8594152968750001
1 0.8506567453124999 0.923189146875 0.87363006875 0.9276916671875 0.901928965625 0.92694223125 0.9024580734375001 0.9198143734374999 0.8942654421875 0.914436953125 0.885659365625 0.910935278125 0.8573383187499999 0.9070578484375 0.8379211296875001 0.9100584625 0.8489365125000001 0.9168115234374999 0.8506567453124999 0.923189146875
1 0.8966649375 0.97446123125 0.8481711687500001 0.9628300578125 0.8324257734374999 0.96808169375 0.8327457046875001 0.97608493125 0.85390528125 0.9840888046874999 0.8905346234374999 0.9880915421875001 0.9003588812500001 0.98133911875 0.8966649375 0.97446123125
1 0.898830175 0.1326218203125 0.911819271875 0.13987514375 0.9335301062499999 0.1453780265625 0.9500088828125 0.1462538859375 0.9609799640625001 0.1437532125 0.9618068531249999 0.1400017234375 0.9562991609375 0.1366251953125 0.9232973109374999 0.1256197453125 0.8966743453125 0.1234930734375 0.8948606 0.12699442968750002 0.898830175 0.1326218203125
1 0.95658221875 0.22516090625000001 0.9557110265625001 0.219658659375 0.94214851875 0.21027946250000001 0.9028120875000001 0.199648971875 0.8873201703125 0.19902324531249999 0.900904828125 0.21302930937500003 0.9375784749999999 0.2262857765625 0.9518079046875 0.22791186875 0.95658221875 0.22516090625000001
1 0.886225078125 0.29381143593750003 0.9239077296874999 0.3119449015625 0.9363012656249999 0.3124454828125 0.9442896265625 0.30456755 0.9249216453125 0.2884354515625 0.9137905984374999 0.28693450625 0.8947425499999999 0.27880564531249996 0.8822112015625001 0.2789303109375 0.8795484124999999 0.28155628906249996 0.886225078125 0.29381143593750003
1 0.9298633562499999 0.3794723140625 0.9306902453125 0.375720828125 0.9217863890625001 0.3688427796875 0.8796050515625 0.35220978281250004 0.8649621765625 0.352459434375 0.8637218421874999 0.358086665625 0.8727856640624999 0.3689663296875 0.9105839796874999 0.381847684375 0.9298633562499999 0.3794723140625
1 0.9001986453124999 0.44787398906250003 0.918077721875 0.44712423437500004 0.9198914671875 0.44362287812499995 0.915646259375 0.439245984375 0.898709740625 0.4309921359375 0.8731892953125 0.42386348125 0.8606579453125001 0.423988146875 0.8578573421875 0.4272393734375 0.8674945781250001 0.44024491250000003 0.9001986453124999 0.44787398906250003
1 0.886212878125 0.49714342968749997 0.8635151859375 0.491390415625 0.8399906046875 0.4893888875 0.8656931671875 0.5051460296875 0.893347290625 0.5167765656250001 0.9133378921875 0.515901825 0.9124667000000001 0.510399578125 0.886212878125 0.49714342968749997
1 0.83355269375 0.5564157187500001 0.8778234078124999 0.5682968671874999 0.8912037968750001 0.569047578125 0.8938444343749999 0.5617947359375 0.8667415703125 0.54766320625 0.842345796875 0.540159434375 0.8337618718750001 0.5412846265625 0.8289875562500001 0.5440355875 0.831005571875 0.5537895828125 0.83355269375 0.5564157187500001
1 0.8063022 0.5996823328125 0.8218605718750001 0.614188659375 0.8758398796875 0.6245695 0.881441084375 0.6180670484374999 0.8704257015625 0.6113139859375 0.826981878125 0.595681353125 0.8063022 0.5996823328125
1 0.8540970796874999 0.6712126406250001 0.8685799875000001 0.666961371875 0.8643347828125 0.6625844765625 0.84980756875 0.6575820125 0.812467 0.65207865 0.8058567906249999 0.6537041046875001 0.8037674140625001 0.65845595625 0.81393375625 0.6643336390625 0.8540970796874999 0.6712126406250001
1 0.854225078125 0.7273602890624999 0.8551897828125 0.722983553125 0.8471349671875 0.7169808843750001 0.8254241312499999 0.711478003125 0.809336653125 0.704099534375 0.7920309875 0.7069751640625 0.804331009375 0.7173547250000001 0.8269130390624999 0.7283598546875 0.854225078125 0.7273602890624999
1 0.774853325 0.7659984390625 0.774875475 0.7706253046875 0.7819434359375 0.7763778421875001 0.8136827984374999 0.788383653125 0.8350958531250001 0.79051016875 0.8381720859374999 0.786008446875 0.8337890640625 0.7822567984375 0.80895769375 0.7720019046875 0.7982179406250001 0.7639983484374999 0.7796276390625 0.763247475 0.774853325 0.7659984390625
1 0.7674728625 0.842028871875 0.8139707656249999 0.8485329203124999 0.8197319359374999 0.8460320875 0.8197097859375001 0.8414052218749999 0.8086944 0.8346521593749999 0.801510778125 0.8341517390625001 0.7706204546875 0.8230213046875001 0.7604984140625 0.82639735625 0.758546853125 0.830523959375 0.7674728625 0.842028871875
1 0.7616083625 0.911181578125 0.7724416296875 0.9093061546874999 0.798788965625 0.9126833234375 0.8035411296875001 0.90530549375 0.796610984375 0.8989277093749999 0.753624909375 0.8906730640625 0.741231375 0.890172484375 0.73815514375 0.89467420625 0.753851328125 0.90855528125 0.7616083625 0.911181578125
1 0.762336834375 0.9456955203125 0.7345670453124999 0.9393170968750001 0.7211152953125 0.95307223125 0.7775039109375 0.9667044562499999 0.7881993625 0.9654542796875001 0.7900131078125 0.9619529218749999 0.785194490625 0.955450153125 0.762336834375 0.9456955203125
1 0.8325286953125 0.10723455156249999 0.8336312140625 0.10223256875 0.82924819375 0.0984809234375 0.7872268234375001 0.0858495421875 0.776095775 0.084348596875 0.7713214609375 0.087099559375 0.781234325 0.098854603125 0.8171967421874999 0.1106104453125 0.8325286953125 0.10723455156249999
1 0.8254681640625 0.1912682234375 0.8271219437499999 0.18376525 0.812159134375 0.1760116640625 0.777045759375 0.1651312015625 0.7629541421875 0.1628798625 0.7540945875 0.16525555 0.76880391875 0.178886496875 0.795057740625 0.1921426453125 0.8254681640625 0.1912682234375
1 0.7961455359375 0.27230000312499997 0.8036047921874999 0.2715499296875 0.8069566531250001 0.2657977109375 0.8045473453125 0.2625463265625 0.7809784609375 0.251291065625 0.7584185828125001 0.244912803125 0.7481365765625 0.24428723749999998 0.743224446875 0.2476634484375 0.7521504546875 0.259168359375 0.7961455359375 0.27230000312499997
1 0.78787173125 0.338201325 0.7400670390624999 0.323443909375 0.7333411625 0.330321478125 0.7404312734375 0.3407008796875 0.76989914375 0.3488300609375 0.791863459375 0.34845558125 0.7938150203125 0.34432897812499996 0.78787173125 0.338201325
1 0.7758769187500001 0.420984340625 0.7857233296875 0.41885878437499996 0.7875370765625 0.415357428125 0.7815937875000001 0.409229775 0.750681315625 0.3934724734375 0.7468717046875 0.3918467015625 0.740421459375 0.39747377500000003 0.72240456875 0.39884877812499997 0.734566775 0.4098535859375 0.7758769187500001 0.420984340625
1 0.7853222203125 0.482134290625 0.7859891453125 0.47438118281249997 0.7624202609374999 0.463125921875 0.736899815625 0.4559972671875 0.7153489468750001 0.4544960015625 0.7128239734374999 0.45649672968750005 0.732881028125 0.4695025890625 0.775040215625 0.48150872187499993 0.7853222203125 0.482134290625
1 0.7705095640625 0.535155215625 0.7665399875000001 0.529527825 0.7517149953125 0.52114899375 0.731817903125 0.5121447531250001 0.7160282062500001 0.50814265625 0.71396098125 0.5175213734375 0.7162324734375 0.52139800625 0.7392500984375 0.5351542593749999 0.7705095640625 0.535155215625
1 0.7020153796875 0.5811716765625 0.7181250109375 0.593177009375 0.7398358468749999 0.59867989375 0.75897740625 0.5969297734375 0.769832825 0.599681215625 0.7748827687500001 0.59567975625 0.7717622343749999 0.5909277453125 0.7604712218749999 0.5854251796875001 0.7565016453125 0.579797790625 0.722237309375 0.56979270625 0.7057806875 0.573543715625 0.7020153796875 0.5811716765625
1 0.7634884296875 0.6568290671875 0.7627550515625 0.6507015734375 0.7247746171875 0.6291917359375 0.7160307265625 0.626315309375 0.705357425 0.632192353125 0.7021433796875 0.637319321875 0.707948853125 0.6440722234375 0.7580028875 0.658079403125 0.7634884296875 0.6568290671875
1 0.7438793046875001 0.7079740921875 0.7537257140625 0.7058485359375 0.7504452140625 0.6970949046875 0.699266509375 0.6834628421875 0.6939187812500001 0.6840879296875 0.6857926046875 0.692591109375 0.6921493390625 0.69684301875 0.710761790625 0.7022207578125 0.7438793046875001 0.7079740921875
1 0.7229141828125 0.7699984625 0.7313602921875 0.7694985187500001 0.7347343046875 0.76837316875 0.7332897015625 0.760745046875 0.7147929125 0.75011519375 0.6864497140625 0.7416108968749999 0.674905221875 0.7419856953124999 0.6704286875000001 0.7481130296875 0.6830043406249999 0.757242096875 0.7229141828125 0.7699984625
1 0.7127158734375 0.8162668078124999 0.6683073453125 0.8050109078125001 0.65690066875 0.804760459375 0.67530394375 0.8252692937500001 0.6802382234375 0.826519946875 0.7136092171875 0.82639591875 0.7190726078125 0.8205187171875 0.7127158734375 0.8162668078124999
1 0.6962002265625 0.8959234234375 0.7028104390625 0.8942979718749999 0.7060244859375 0.889171003125 0.7013436828125 0.8820429859375001 0.6930132375 0.8772908125000001 0.6744007859375001 0.8719130749999999 0.6594379765625 0.8641594890625001 0.6417188687500001 0.8689108624999999 0.6555791578125 0.88166643125 0.6962002265625 0.8959234234375
1 0.60776465 0.9236819109375001 0.65095499375 0.94519190625 0.681249753125 0.9495696 0.681067634375 0.940941115625 0.6594724656250001 0.9301861171875 0.6331029781249999 0.9221820812500001 0.60776465 0.9236819109375001
1 0.640365390625 0.9979628640625 0.655857309375 0.9985885906249999 0.6633165609375 0.997838515625 0.6658193828125001 0.99121091875 0.6559286703125 0.9840827421875 0.61420508125 0.9748277328125001 0.6053455249999999 0.9772034203125 0.604105190625 0.9828306515625 0.6245756921875001 0.993960765625 0.640365390625 0.9979628640625
1 0.6478709265625 0.0657121546875 0.6687548718749999 0.0749665265625 0.66781231875 0.08397012968749999 0.7026057640625 0.086847353125 0.7103406484375 0.084846784375 0.7122922078125 0.08072018125 0.6967338390625 0.066213853125 0.6661191453125 0.0538329234375 0.6379359124999999 0.04933024375 0.6447282421875 0.0563332765625 0.6478709265625 0.0657121546875
1 0.6691535953125001 0.158250125 0.676497184375 0.16275216406249998 0.6913492359375 0.147371415625 0.68836651875 0.14199415625 0.674941825 0.13198970937500001 0.6502482703125 0.12110956718749999 0.6129077015625 0.1156062046875 0.632000053125 0.1329888 0.6629125265625 0.1487461 0.6691535953125001 0.158250125
1 0.6610840578125 0.23740679843749998 0.6736154062499999 0.23728213125000003 0.6783897203125 0.23453116718749997 0.6797678703125001 0.22827868750000002 0.6690281171875 0.22027513124999998 0.6281314171875 0.207268634375 0.6052024 0.2120198484375 0.6249838249999999 0.226276203125 0.6430228671875 0.22952806718750002 0.6610840578125 0.23740679843749998
1 0.62327101875 0.3096847859375 0.6513385890625 0.319439578125 0.666394909375 0.3173141828125 0.6683464703124999 0.31318757812500003 0.6585935734375 0.305434153125 0.607690496875 0.2905515953125 0.59754630625 0.289300778125 0.5950213328125 0.291301509375 0.596305971875 0.294928009375 0.62327101875 0.3096847859375
1 0.5977137 0.383088603125 0.60560855 0.385089653125 0.6185533421875 0.38308924218749996 0.6309690296875 0.3882166890625 0.6501327406249999 0.39109343750000003 0.6554583171874999 0.38584148281249997 0.6493772124999999 0.380339078125 0.6250971015625 0.3675831890625 0.615228540625 0.365081878125 0.587227425 0.36920768437499996 0.5977137 0.383088603125
1 0.649847296875 0.4491168265625 0.64516649375 0.441988809375 0.63782290625 0.43748676875000003 0.604109828125 0.42498069374999997 0.5866663515625 0.4284815703125 0.5827410765625001 0.43210791249999997 0.600548790625 0.44586400625 0.6404364828125 0.45399350624999996 0.649847296875 0.4491168265625
1 0.5744451171875 0.49338236875 0.5809396671875 0.49700902812500003 0.5856204671875 0.5041370484375001 0.628722209375 0.5071395796875 0.6354702359375 0.5048888765624999 0.632900959375 0.49763587343750004 0.6070605828125 0.48250397968750003 0.5973298359375 0.4793774203125 0.5822735125 0.48150281875 0.584269378125 0.48662994687500005 0.5744451171875 0.49338236875
1 0.59504361875 0.560660128125 0.607023709375 0.5630364546875 0.612966996875 0.5691641062499999 0.626209571875 0.5705400671875 0.6330954140625 0.56766411875 0.63277548125 0.55966088125 0.5964709781249999 0.5352749359375 0.5868780484375 0.53152313125 0.56548714375 0.5340234828125 0.562548728125 0.53789995625 0.59504361875 0.560660128125
1 0.5752302265625 0.598549803125 0.561987653125 0.597173840625 0.55425276875 0.5991744125 0.5644191125 0.6050520921875 0.5683886859375 0.6106794828125001 0.597283146875 0.616682790625 0.612521584375 0.6231858781249999 0.622092365625 0.62231081875 0.625030784375 0.6184343453125 0.624021775 0.6135573484375 0.6185140828125 0.6101808171875 0.6051115421875 0.6048032390625 0.5752302265625 0.598549803125
1 0.5561453046875 0.670953415625 0.5785895203125 0.6825837921875 0.5914186499999999 0.685835496875 0.6032387703125 0.6842102046874999 0.6061771890625 0.6803337296875 0.603056653125 0.67558171875 0.5906409671875 0.6704542703125 0.5625734 0.660699478125 0.5525670218750001 0.6588234140625 0.5506154609375 0.6629500187499999 0.5561453046875 0.670953415625
1 0.6016686906250001 0.738607090625 0.5965744421875 0.7333548171875 0.5607276875 0.716346859375 0.550010084375 0.7129701703125 0.5353672078125 0.713219821875 0.5467246765625 0.7326029875 0.5856698140625001 0.7497360890625 0.5953784093750001 0.74823578125 0.6016686906250001 0.738607090625
1 0.5070584953124999 0.7707421531249999 0.5156645734375 0.7742438296875 0.5316585390624999 0.7915012765625 0.555503053125 0.8015060421875001 0.5723952734375 0.80050615625 0.5873359312499999 0.8036328749999999 0.5929592875 0.8017572906250001 0.59151468125 0.7941291703125 0.571181996875 0.7823738078125 0.5501823875 0.7783715484375 0.5379045171875 0.772618853125 0.5070584953124999 0.7707421531249999
1 0.574794765625 0.860530434375 0.57364794375 0.8562786843750001 0.5574004968749999 0.8448985984374999 0.5327069421874999 0.8340184562499999 0.5045680109374999 0.838769509375 0.5259097046875 0.8554018703124999 0.5452112328125 0.85765336875 0.5687579656249999 0.8642817624999999 0.574794765625 0.860530434375
1 0.5081586312499999 0.912299271875 0.5534162 0.9244305484374999 0.56636099375 0.9224301374999999 0.5667522875000001 0.915927528125 0.5599599578125 0.9089244953125 0.5341638828125 0.903046334375 0.518489846875 0.893792125 0.495285196875 0.899793834375 0.49813010156250004 0.905796340625 0.5081586312499999 0.912299271875
1 0.540577253125 0.9779517375 0.5490233640625 0.9774517953125 0.55196178125 0.9735753218750001 0.5489790593749999 0.9681980625 0.5146925734375001 0.9535661109375001 0.506935540625 0.9509398156250001 0.48708275156249997 0.9511893078125 0.48485556093750004 0.9565664078125 0.4991292953125 0.96744623125 0.540577253125 0.9779517375
1 0.5675934953125 0.032821434375 0.567135746875 0.02544344375 0.5586674859375 0.021316521875 0.5225517156249999 0.012162526562500001 0.49673340625 0.011561598437499999 0.4938549109375 0.01281110625 0.5178593921875 0.026817489062499998 0.5439532484375 0.0360720203125 0.5675934953125 0.032821434375
1 0.5322611265625 0.0938449609375 0.5001083171875 0.08371489062500001 0.48362954374999995 0.082839034375 0.496249496875 0.10122183124999999 0.5374218265625 0.112977834375 0.54600575 0.11185264218749999 0.54837075625 0.10585029531250001 0.5322611265625 0.0938449609375
1 0.46291299218750004 0.1673724890625 0.4687406171875 0.1787522546875 0.49511010468750005 0.18675629062500002 0.505574228125 0.1960103421875 0.510624171875 0.1920088828125 0.51978150625 0.1930095671875 0.52905450625 0.18875813749999998 0.5301570265625 0.1837561546875 0.5230890671874999 0.1780036171875 0.5053256562499999 0.17350125624999999 0.48217021718749997 0.160370253125 0.46291299218750004 0.1673724890625
1 0.44628168281249997 0.25228121875 0.46138230468749997 0.2594095578125 0.4790522046875 0.2737908953125 0.505283875 0.2824201796875 0.5117562718750001 0.28141997500000004 0.512423196875 0.2736668671875 0.50251033125 0.261911825 0.4876853375 0.253532990625 0.456795015625 0.24240255781250003 0.44001846093749997 0.238150328125 0.4391915703125 0.24190181718749998 0.44628168281249997 0.25228121875
1 0.44713815312499994 0.3429428046875 0.4875992546875 0.353198178125 0.497170034375 0.3523231203125 0.500521896875 0.3465709015625 0.487670615625 0.33869233125 0.47188091718749997 0.334690234375 0.45212164218749995 0.32506074687500003 0.44580921093750003 0.3300625703125 0.4372252875 0.3311877609375 0.44713815312499994 0.3429428046875
1 0.47987670781249997 0.4165985109375 0.49704455625 0.4143481265625 0.46994169374999994 0.4002166 0.43551738906250004 0.38620989687499996 0.4295962515625 0.3847091109375 0.42482193749999997 0.387460075 0.43009830156250006 0.4013408328125 0.44985757812499994 0.4109703203125 0.47987670781249997 0.4165985109375
1 0.45519548906249996 0.467118125 0.4726832703125 0.47287098125 0.48450339062500003 0.4712456875 0.488428665625 0.46761934531250005 0.47768891093750004 0.459615790625 0.439614965625 0.447984934375 0.4243986796875 0.4461087109375 0.41046702812499997 0.447858990625 0.43421803125 0.4677427359375 0.45519548906249996 0.467118125
1 0.4661567546875 0.5213903484375 0.4268203234375 0.5107598578125 0.41107492656250005 0.5160114921875001 0.42096564062499997 0.5231396687500001 0.4488953953125 0.5335197093749999 0.473269015625 0.536396615625 0.47604746875000004 0.528518525 0.4661567546875 0.5213903484375
1 0.4512284328125 0.5796633890625 0.4006009875 0.563530334375 0.3945641875 0.5672816625 0.4028011203125 0.5819128140625 0.43382925781250004 0.592418 0.45960318281249996 0.5936692953125 0.460132290625 0.5865414359375001 0.4512284328125 0.5796633890625
1 0.3826407375 0.6355588296875 0.3983147734375 0.6448130421875 0.4281960859375 0.651066478125 0.43762905312499994 0.6508166671875 0.4404296546875 0.6475654421875 0.43983409218749997 0.6408127 0.43460202968750006 0.636185675 0.4088059546875 0.6303075125000001 0.390882578125 0.6218035359375 0.37724870781250003 0.6269301875 0.3826407375 0.6355588296875
1 0.410582828125 0.7073386312500001 0.434245225 0.7087149109374999 0.4343387359375 0.6988359296875 0.430942571875 0.6953344140625 0.38513374375 0.685704128125 0.366543440625 0.6849532546875 0.36289379843749997 0.6873291015625 0.386898278125 0.7013354859375001 0.410582828125 0.7073386312500001
1 0.4184457109375 0.7614857078124999 0.41052871093750004 0.754857790625 0.395290271875 0.7483547046875 0.3717435375 0.7417263078125 0.35345101875 0.744351809375 0.366462265625 0.756231996875 0.3849590546875 0.76686185 0.41440477343750004 0.7703641640625001 0.4184457109375 0.7614857078124999
1 0.4063401421875 0.821134390625 0.382931225 0.8138807484375 0.36514566249999997 0.804751521875 0.35725081406250003 0.8027504734375001 0.342492271875 0.808252240625 0.3582106109375 0.8267601875 0.3876563296875 0.8302625000000001 0.40877160312500005 0.8290126421874999 0.4063401421875 0.821134390625
1 0.335894396875 0.8712774546875 0.3360765140625 0.879905940625 0.376030659375 0.9019160390625001 0.389273234375 0.9032919984375001 0.3931763578125 0.895038790625 0.38723306874999996 0.8889111359375 0.37059432812500004 0.8840336609375001 0.3592811640625 0.8739042296875 0.3582721546875 0.8690272328124999 0.3509285671875 0.864525190625 0.345580840625 0.86515028125 0.335894396875 0.8712774546875
1 0.375540946875 0.9466840765625 0.38045307500000003 0.943307865625 0.36560593125 0.9303021656249999 0.32796758125 0.921422434375 0.317272128125 0.9226726093750001 0.315480534375 0.93080083125 0.33230139375 0.94430679375 0.35020261874999997 0.94818390625 0.375540946875 0.9466840765625
1 0.18048550937500002 0.9097882265624999 0.19455497500000002 0.9074126984375 0.19634656875 0.8992844765625 0.18519336875 0.8931566625 0.162220046875 0.8886541453125 0.13617049375 0.8886533453125001 0.13098273437500002 0.8932800546875 0.137912878125 0.8996578375000001 0.18048550937500002 0.9097882265624999
1 0.0483624453125 0.871018546875 0.010028771875 0.861870503125 0.0102456390625 0.8805080515625001 0.023810815625000002 0.8799797421875001 0.053500996875 0.8855245546875 0.060089056249999995 0.879272234375 0.0483624453125 0.871018546875
1 0.0624195734375 0.8072432609375 0.045069609375 0.8008651578125001 0.0282618828125 0.7999059203125001 0.016886375000000002 0.796362478125 0.009276025 0.797179646875 0.009444139062499999 0.8116273140624999 0.02489198125 0.8214978593750001 0.064161959375 0.8182477515625 0.06666478125 0.8116201546875 0.0624195734375 0.8072432609375
1 0.14223925937499998 0.832755990625 0.14848033124999999 0.8422600156250001 0.1689286796875 0.8487632640625 0.1965385015625 0.8511400671875 0.197872346875 0.83563385625 0.1943162171875 0.8281307203124999 0.1789842671875 0.8315066124999999 0.1569756484375 0.822627359375 0.142354925 0.827503878125 0.14223925937499998 0.832755990625
1 0.165453725 0.7699813890625 0.1636399796875 0.77348274375 0.1775002671875 0.7862383125 0.20329634375 0.7921164734375 0.2162411359375 0.7901160609375 0.2280834109375 0.7931176343749999 0.2335689515625 0.7918672984375 0.23760988906249997 0.7829888421875 0.2285682171875 0.7767360437499999 0.208968909375 0.7711081734375 0.1920323875 0.762854328125 0.165453725 0.7699813890625
1 0.073604740625 0.7612250453125 0.081201809375 0.7598497234375 0.0842780390625 0.7553480015625 0.0794594234375 0.74884523125 0.06901745000000001 0.744218046875 0.046021978125 0.735088659375 0.01774523125 0.7404649640625001 0.012833103125 0.7438411734375 0.0328901578125 0.7568470328125 0.073604740625 0.7612250453125
1 0.052398340625 0.62579478125 0.056941326562500005 0.6335480484375 0.07077946562500001 0.64167675 0.100247334375 0.6498059281249999 0.12010012343750001 0.6495564375 0.1273994078125 0.64480474375 0.12285642187500001 0.6370514796875 0.10197247499999999 0.6277971078125 0.089165496875 0.62917226875 0.0715399015625 0.6240446625 0.052398340625 0.62579478125
1 0.0342338203125 0.6845679265625 0.039603696875 0.6885697046875 0.0782510546875 0.702326434375 0.096565725 0.704327803125 0.0990685453125 0.6977002078125001 0.09496115625 0.6926980656249999 0.06560895 0.6793167703125 0.052917632812500004 0.6754398171875 0.041235325 0.6764398640625 0.0344872984375 0.678690565625 0.0342338203125 0.6845679265625
1 0.185316328125 0.7129590015625 0.182102278125 0.7180859703125 0.1911439515625 0.72433876875 0.21413942343749998 0.733468153125 0.22120738437499998 0.7392206921875 0.2358502609375 0.7389710375 0.25609434062499997 0.732218934375 0.2628645203125 0.7345951000000001 0.25946835468749996 0.731093584375 0.220501065625 0.7093336156250001 0.2172427140625 0.705206853125 0.185316328125 0.7129590015625
1 0.24258595 0.675320578125 0.266408315625 0.680698475 0.27724157968749996 0.67882305 0.27311203906250003 0.669194040625 0.2605585390625 0.6646918421875 0.22404485937500002 0.6554369906249999 0.216629909375 0.6654407984375 0.22131071093750002 0.672568815625 0.2341398421875 0.6758205203125 0.24258595 0.675320578125
1 0.054910976562500005 0.5623942921875 0.0698959359375 0.5747747421875 0.09075773125 0.5794022484375 0.09768787500000001 0.5857800328125 0.09936380624999999 0.582903925 0.11556694999999999 0.5850302765625 0.1268136609375 0.5812791093749999 0.1250934265625 0.574901484375 0.11563831093750002 0.57052443125 0.0868816671875 0.5638958765625001 0.064988715625 0.5497645078125 0.054910976562500005 0.5623942921875
1 0.226673159375 0.5867843859375 0.22107195625 0.5932868390625 0.20333069531249998 0.5934113437499999 0.20264162031250002 0.5965375828124999 0.216204128125 0.6059167796875 0.2213205265625 0.615795921875 0.229077559375 0.6184222187499999 0.276380203125 0.6165479109375 0.2821413734375 0.614047078125 0.282394853125 0.608169715625 0.2788608734375 0.60529345 0.259972790625 0.6011662062500001 0.226673159375 0.5867843859375
1 0.2603025375 0.5523965484375 0.2638365171875 0.5552728171875 0.27976403125 0.5586496671875001 0.2887614 0.5556487328124999 0.29126422343749997 0.549021134375 0.28362285 0.5411427234375 0.27205620625 0.53689065625 0.238916540625 0.5265104546875 0.216147490625 0.5352632875000001 0.23946289531249998 0.5523959109375001 0.2603025375 0.5523965484375
1 0.10602070781249999 0.4439731046875 0.09392495468749999 0.4468488921875 0.082656090625 0.44597319375 0.0778817765625 0.44872415937500004 0.1100788890625 0.468107959375 0.1334656546875 0.470734734375 0.15370973593749998 0.46398263125000005 0.152700728125 0.459105634375 0.143521240625 0.45347808437500003 0.130554296875 0.450851628125 0.1241975625 0.44659971875000004 0.10602070781249999 0.4439731046875
1 0.11062033281250001 0.5223798609375 0.13430488125 0.5283830078125 0.1503480578125 0.52650774375 0.148490009375 0.5207553671875 0.14002175 0.5166284421875 0.1173240578125 0.5108754281250001 0.0986894546875 0.5008708234375 0.084939921875 0.5112495874999999 0.0980889859375 0.522504528125 0.11062033281250001 0.5223798609375
1 0.22903564531249998 0.462609384375 0.2314671046875 0.4704876359375 0.25650274375 0.49399788281249996 0.2603123515625 0.4956236546875 0.29437241875 0.4923733875 0.29561275625 0.48674615625 0.2875579390625 0.4807434875 0.2710570140625 0.4752407640625 0.24959965781250001 0.46386051874999995 0.23649489687499997 0.461859309375 0.233098734375 0.45835779375 0.22903564531249998 0.462609384375
1 0.269164478125 0.4034617625 0.26778632812500003 0.40971424062499995 0.257068725 0.4063375515625 0.2511697390625 0.40946363124999996 0.25066278125 0.4212183546875 0.2540589484375 0.424719871875 0.280726215625 0.4361002765625 0.3115943875 0.44260384375 0.3210273515625 0.4423540328125 0.32196990468750003 0.4333504296875 0.3098076984375 0.4223456203125 0.294867040625 0.419218903125 0.279033040625 0.40596307343750004 0.269164478125 0.4034617625
1 0.12723930781249998 0.3760713703125 0.121318171875 0.3745705828125 0.11429451406249999 0.3780717796875 0.09682888437500001 0.3769457921875 0.0970110015625 0.3855742765625 0.1076350921875 0.3988299484375 0.132559975 0.3992058625 0.15567111250000001 0.4030831328125 0.16524189218750002 0.402208075 0.168180309375 0.39833160156249997 0.1537687609375 0.38807702499999996 0.138828103125 0.38495030468749997 0.12723930781249998 0.3760713703125
1 0.10859236718750001 0.30466700625 0.1083831921875 0.3197981015625 0.122634775 0.326051059375 0.13876655625 0.342683259375 0.185220159375 0.3399335734375 0.187309534375 0.3351817203125 0.184189 0.330429709375 0.1628916078125 0.32305108125 0.1335172515625 0.30504292187500004 0.10012410624999998 0.3005400828125 0.10859236718750001 0.30466700625
1 0.2834037265625 0.348314959375 0.27061889843750003 0.35431698906250003 0.260199075 0.3543166671875 0.2593721859375 0.35806815625 0.2770199328125 0.36782263125000003 0.2821141796875 0.37307490312499997 0.281287290625 0.376826390625 0.30173564062499997 0.383329640625 0.3115598984375 0.37657721718750004 0.3279008578125 0.378078325 0.3342132890625 0.3730764984375 0.323175753125 0.3616965734375 0.3118847375 0.3561940078125 0.2834037265625 0.348314959375
1 0.2839204984375 0.279787340625 0.27843495625000003 0.281037678125 0.29048149843750004 0.29729459999999996 0.3162997265625 0.307799628125 0.323367684375 0.31355216406249997 0.34168235468749997 0.31555353125 0.34955505468750003 0.31292771406250003 0.3510710203125 0.3060499875 0.34526554531250003 0.29929708593750004 0.325114978125 0.29617020781250003 0.30267076406250004 0.28453983125 0.2839204984375 0.279787340625
1 0.18516351874999998 0.2692800796875 0.1878041546875 0.262027234375 0.179175928125 0.2538986921875 0.1253344359375 0.2428926078125 0.11718610781250001 0.2467689203125 0.12595214999999998 0.254272215625 0.1545931296875 0.26615288125 0.1772908203125 0.271905896875 0.18516351874999998 0.2692800796875
1 0.1257133921875 0.17499023593750002 0.1421208046875 0.1903719421875 0.161168853125 0.198500803125 0.19963409375000002 0.2036290484375 0.201861284375 0.1982519484375 0.1990163796875 0.192249440625 0.1666814515625 0.1734908859375 0.1520164265625 0.16911367187499998 0.1440059125 0.17236473593749999 0.1275271390625 0.17148887968749998 0.1257133921875 0.17499023593750002
1 0.321054275 0.1538626984375 0.3446010078125 0.160491090625 0.35444741875 0.158365534375 0.3675521796875 0.16036674374999998 0.3734511640625 0.1572406625 0.37441586875 0.152863928125 0.364365190625 0.1417341328125 0.325739984375 0.1326042671875 0.30448689687499997 0.1344793734375 0.30338437812499996 0.13948135625 0.321054275 0.1538626984375
1 0.358980590625 0.22289169531250003 0.33582515156250003 0.20976068906249998 0.3345405140625 0.2061341875 0.32593443906249997 0.2026325125 0.3186351515625 0.20738420624999998 0.30158296562500003 0.2043824734375 0.280329878125 0.2062575796875 0.2803520296875 0.2108844453125 0.27179025625 0.21663650156249997 0.29547480625 0.2226396484375 0.306214559375 0.23064320624999998 0.3156475265625 0.23039339218750002 0.325378271875 0.23351995312499998 0.3352246828125 0.231394396875 0.354526209375 0.23364589375000003 0.36012741406250004 0.22714344375 0.358980590625 0.22289169531250003
1 0.17743102187499998 0.12472154843750001 0.20983731093750002 0.12897425625 0.2136247671875 0.1259731609375 0.21371828124999998 0.11609418125 0.1896916484375 0.09746093125000001 0.1388107234375 0.0872052375 0.1316271015625 0.086704815625 0.1286886828125 0.0905812890625 0.1506037890625 0.1093395234375 0.17743102187499998 0.12472154843750001
1 0.2321411859375 0.023057228125000002 0.20799889062500002 0.0096760921875 0.20453143593749998 0.004760521875 0.1465171078125 0.0034102234374999998 0.1557619671875 0.01029974375 0.1947292578125 0.0320597125 0.227411175 0.035061921875 0.2321411859375 0.023057228125000002
1 0.3252969609375 0.0400669375 0.3218072828125 0.046444403125 0.330573325 0.05394769687499999 0.3310310734375 0.0613256859375 0.349803490625 0.07070504375 0.3840235234375 0.0714563953125 0.389900359375 0.0637034484375 0.387744528125 0.0545747 0.3717948640625 0.0465709859375 0.3594013296875 0.0460704015625 0.33739271249999997 0.0371911484375 0.3252969609375 0.0400669375