1 0.9954386296875001 0.3687279578125 0.9957042609375 0.3458997234375 0.9583304874999999 0.34485686875 0.953738815625 0.3466783640625 0.9738013046875 0.3646222625 0.9954386296875001 0.3687279578125
1 0.9814774484375001 0.43339799218749997 0.9946765328125 0.4342224453125 0.994895915625 0.415368690625 0.9823609078125 0.4106771078125 0.9608386281250001 0.41803750156249997 0.9530866250000001 0.4246448546875 0.9814774484375001 0.43339799218749997
1 0.9361038625000001 0.482009625 0.9441203234375 0.49766777968750003 0.9717954765625001 0.5049387328125 0.993828021875 0.5071432671875 0.993948903125 0.4967547109375 0.993605921875 0.4962866359375 0.9650757578125001 0.483467909375 0.95231405625 0.479699984375 0.9361038625000001 0.482009625
1 0.9738998171875 0.551788265625 0.938914390625 0.539764225 0.920115453125 0.548987759375 0.931008821875 0.556440315625 0.9744619234374999 0.5633391859375 0.9846491046875 0.559886675 0.9833618453125 0.5562764578125 0.9738998171875 0.551788265625
1 0.9745072359375 0.6147281546875 0.9768591703125 0.6041855703125 0.9302552203125 0.592649675 0.9159086140625 0.5959861234375 0.9137521203125001 0.6009624609374999 0.9262209125 0.6107335328125 0.9442899546874999 0.6141621453125 0.9745072359375 0.6147281546875
1 0.9505489796875001 0.6658391796875 0.9529936421875 0.6595711390625 0.9408082703125 0.6532198078125 0.9030947609375 0.6440440703125 0.8898960718750001 0.6469251453125 0.8896031640625001 0.6529282921874999 0.8937578484375001 0.6577557953125 0.9055157125 0.661333240625 0.9505489796875001 0.6658391796875
1 0.9281147937500001 0.7241891140625001 0.9309917000000001 0.7159835171875 0.9262606859375 0.7137394203125 0.90145295625 0.7076857546875 0.88238481875 0.6993552203125 0.8707568140624999 0.7092662515625 0.87490675625 0.7188052 0.893979634375 0.7224242890625 0.9281147937500001 0.7241891140625001
1 0.8543361578124999 0.7781819421875 0.8708250359375 0.7840034828125 0.916722796875 0.7846343109375 0.9228946359375 0.7804198859375 0.9127216765625 0.76973806875 0.9002434015624999 0.7693898828125 0.87759216875 0.758359878125 0.8695519984375 0.7662589375 0.8559210640625 0.77107756875 0.8543361578124999 0.7781819421875
1 0.897165515625 0.8347786453125 0.8521369906249999 0.8255612625 0.8436740578125 0.8259749921875 0.8367818078125 0.8334186765625 0.8506866843750001 0.8414426687500001 0.906046471875 0.8465616890625001 0.9074872984375 0.8401031671875 0.897165515625 0.8347786453125
1 0.8347030171875 0.9037093609375001 0.8580794031250001 0.9067986593749999 0.8869119546875 0.904191353125 0.887493028125 0.8968965015625001 0.8791789171875 0.8919529359375 0.8704325609374999 0.8889469265625 0.8416047484375 0.8868427890625 0.821806715625 0.8911644031250001 0.8329882515625 0.89732525625 0.8347030171875 0.9037093609375001
1 0.881269034375 0.952936796875 0.8319370015625 0.9442492046875 0.8158661468749999 0.950624434375 0.8161448296874999 0.9587556171875 0.8376528859375 0.96552955 0.8749436328125 0.9672199578124999 0.8849914703125 0.95970185625 0.881269034375 0.952936796875
1 0.8884431359375 0.0953053921875 0.9016323406250001 0.101847203125 0.9237167265625 0.10603772812500001 0.9404985109374999 0.10585612343749999 0.951689528125 0.102594090625 0.9525540234375001 0.098718978125 0.9469632562499999 0.095638553125 0.9134091703125 0.08657887656249999 0.8863008656250001 0.0861474015625 0.884432534375 0.0898320359375 0.8884431359375 0.0953053921875
1 0.9467290890625 0.18580181406250001 0.9458740750000001 0.18025404218750002 0.93211328125 0.17158419687499998 0.8921039359374999 0.1633192078125 0.8763259874999999 0.163691290625 0.8900820390625 0.177072578125 0.9273633015625 0.188185871875 0.94184925 0.1889150140625 0.9467290890625 0.18580181406250001
1 0.8746509937500001 0.260313075 0.9129313531250001 0.2763282875 0.9255537125 0.276030621875 0.9337379609375001 0.2674857109375 0.9141029765625 0.2523157015625 0.9027726203125 0.25151214375 0.8834163171875 0.2444733140625 0.8706498765624999 0.2454168328125 0.8679217906250001 0.24826513593750002 0.8746509937500001 0.260313075
1 0.9185998234375001 0.3447230609375 0.9194643171875001 0.34084795 0.9104345374999999 0.3344222 0.8675625078125 0.3202284796875 0.8526443125000001 0.32143689375 0.851347571875 0.3272495625 0.8605166921875 0.33774090156250003 0.8989458718750001 0.348398821875 0.9185998234375001 0.3447230609375
1 0.8879766437500001 0.416329346875 0.9061945109374999 0.41440066406250003 0.908062840625 0.41071603124999995 0.9037640734375 0.40653437812500004 0.886559525 0.3992306546875 0.8606038781249999 0.3936323625 0.8478374375 0.39457588125 0.844965271875 0.39807003750000003 0.8547059796875001 0.4106894109375 0.8879766437500001 0.416329346875
1 0.873438540625 0.467426075 0.85035031875 0.4630450703125 0.826397603125 0.462539178125 0.8524878484375 0.47691450468749996 0.8805905078125 0.48695934375 0.9009601281249999 0.484765765625 0.9001051171875 0.47921799062500003 0.873438540625 0.467426075
1 0.8194437140625 0.531231615625 0.864472240625 0.540449 0.8780984343749999 0.5403418109375 0.880831259375 0.532782065625 0.85330493125 0.5201538171875 0.8284972015625 0.514100153125 0.8197461046875001 0.5158055859374999 0.814866265625 0.518918784375 0.8168644546875001 0.528722625 0.8194437140625 0.531231615625
1 0.79142824375 0.5770782390625 0.8071919671875 0.5908404828125 0.8621195078125 0.5978970593749999 0.867863840625 0.5909087484375 0.85668230625 0.5847478953125 0.8125182750000001 0.5716554015625 0.79142824375 0.5770782390625
1 0.839694803125 0.6468241078125 0.85447365625 0.6415501015625 0.8501748906250001 0.6373684500000001 0.8354055171875 0.6332195703125 0.7973991015624999 0.6300469796875 0.790655675 0.6321333703125 0.78849918125 0.63710970625 0.7988209609375 0.6424342281250001 0.839694803125 0.6468241078125
1 0.8394938234374999 0.7040072703125 0.8405023999999999 0.6994863078125 0.832332375 0.6938968890625 0.8102479890625001 0.6897063625000001 0.7939031937500001 0.68323896875 0.7762569140625 0.6872956859375 0.7887257078125 0.6970667578125 0.8116651062500001 0.70680505625 0.8394938234374999 0.7040072703125
1 0.7584096578125 0.74853556875 0.758404915625 0.7532470109375 0.7655711078125 0.75864595 0.7978331921875 0.768806853125 0.8196341546875001 0.769577640625 0.8227944859375 0.7647917796875 0.8183516375 0.7612559796875 0.793116403125 0.752428428125 0.7822230343750001 0.7449758703125 0.7632894968749999 0.7454223703125 0.7584096578125 0.74853556875
1 0.7504424515625 0.8264604140625 0.7977715546875 0.8300556078125 0.803655228125 0.8271328875 0.8036599703125 0.82242144375 0.792478434375 0.816260590625 0.7851634203125 0.8162189468750001 0.7537610890625001 0.806894375 0.7434298265625 0.8109927375 0.7414174124999999 0.8153232234375001 0.7504424515625 0.8264604140625
1 0.744060153125 0.8972808875 0.7551070859375 0.894664709375 0.7819272265625 0.8963878875000001 0.78681180625 0.888563246875 0.7797896984375 0.8825184546875 0.7360484328125 0.876911290625 0.723426075 0.87720895625 0.7202657421875001 0.8819948171875 0.7361735484375 0.895111209375 0.744060153125 0.8972808875
1 0.7445985515625 0.932389021875 0.71634706875 0.9277014765624999 0.7025625671875 0.9425888453125 0.7599252875 0.9528002671875001 0.770828140625 0.9508299375 0.7726964703125 0.9471453046875 0.7678261156249999 0.9408356171875001 0.7445985515625 0.932389021875
1 0.8210515421875 0.0737663015625 0.8222042015625 0.06859948593750001 0.817761353125 0.0650636859375 0.7750286640625 0.054935556249999996 0.7636983046875 0.054131998437499995 0.7588184671875 0.0572451953125 0.7688473421875 0.068572865625 0.8054129343750001 0.0782039765625 0.8210515421875 0.0737663015625
1 0.8133630171874999 0.15982232968750001 0.8150920078125001 0.15207210468750001 0.79989513125 0.1451493390625 0.7641892921875 0.1363545578125 0.7498474265625 0.1349795625 0.7408081625 0.1379767 0.7557121343750001 0.1509026140625 0.782378709375 0.1626945296875 0.8133630171874999 0.15982232968750001
1 0.7830137796875001 0.244271240625 0.7906169578125 0.2430211796875 0.7940654546875 0.23694361718749998 0.7916302749999999 0.233788775 0.76768704375 0.2238599953125 0.7447429046875 0.21883313906250002 0.7342723 0.218865909375 0.7292483796875 0.2226249609375 0.7382734171875 0.23376215312499998 0.7830137796875001 0.244271240625
1 0.7741963015625 0.31193686875000004 0.72558468125 0.3000200171875 0.71869243125 0.307463703125 0.72585388125 0.3175740859375 0.7558248703125 0.323934290625 0.7782021625 0.32212166875000003 0.780214575 0.3177911828125 0.7741963015625 0.31193686875000004
1 0.7614886000000001 0.39704050625 0.771531696875 0.394233846875 0.773400028125 0.39054921249999996 0.7673817546875 0.38469490156249997 0.7359841640625 0.3706588859375 0.7321129046875 0.3692511203125 0.7255088203125 0.3754031015625 0.7071468703125 0.3779776359375 0.7194715828125 0.3883945578125 0.7614886000000001 0.39704050625
1 0.7707496484374999 0.45871186093749994 0.7714748015625 0.450771159375 0.74753156875 0.44084238124999997 0.721575921875 0.4352440890625 0.699630878125 0.43511915625 0.6970468765625 0.43732160625 0.7174022734375 0.4492623578125 0.76027904375 0.458744634375 0.7707496484374999 0.45871186093749994
1 0.7553470515625 0.513683703125 0.7513364499999999 0.5082103453125 0.7362836546875 0.5006417265625001 0.7160675999999999 0.4927665671875 0.700006228125 0.4897189109375 0.6978449921875 0.49940669218749995 0.7001360875 0.5032073875 0.723502990625 0.5157195734375 0.7553470515625 0.513683703125
1 0.6853003375 0.56501870625 0.7016403906249999 0.5761975406250001 0.7237247765625 0.5803880671874999 0.7432346437499999 0.5773581578125 0.7542768375 0.5794534203125 0.759444840625 0.5750485203125 0.7562939921875 0.5704114921875 0.74482429375 0.56554234375 0.7408136921875 0.5600689875 0.70596760625 0.5521105359375 0.6891810796875 0.5570035843750001 0.6853003375 0.56501870625
1 0.7474765156250001 0.6380771234375 0.7467655859375 0.6318834984375 0.7082018046874999 0.6124485453124999 0.6993113656250001 0.6100883859375 0.688403771875 0.6167701578125 0.6850993578125 0.62220186875 0.69097355 0.6287020328125 0.7418810062500001 0.6397081390625 0.7474765156250001 0.6380771234375
1 0.7271988234375 0.69145071875 0.737241921875 0.6886440625 0.7339517328125 0.67994144375 0.68189635625 0.6693907125 0.67644493125 0.6703758765625001 0.6681165953125 0.6795666390624999 0.6745671171875001 0.6834833953125 0.6934959140625 0.6877483375 0.7271988234375 0.69145071875
1 0.7054755625 0.755994278125 0.7140825796875 0.754934696875 0.7175263328125 0.7535685765625 0.7160997328125001 0.74589276875 0.6973197609375 0.73627053125 0.668496690625 0.7294549531250001 0.656734084375 0.73058895 0.6521376703125 0.7371218859375 0.6648946296875 0.7456012546874999 0.7054755625 0.755994278125
1 0.6948134625 0.8037873281250001 0.64964085625 0.7952157984375 0.63802233125 0.7957039421875 0.656648740625 0.8153949171875 0.66166791875 0.816347309375 0.695663734375 0.81404654375 0.7012639828125 0.8077040859375 0.6948134625 0.8037873281250001
1 0.6775188296875 0.886001015625 0.68426225625 0.8839146250000001 0.6875666687499999 0.8784829140625 0.682840396875 0.871527375 0.6743822046875 0.8672296625 0.655453409375 0.8629647171875 0.6402565328125001 0.8560419515625 0.6221780046875 0.8620362234375 0.636222225 0.874125809375 0.6775188296875 0.886001015625
1 0.5872655421874999 0.9200379734374999 0.6311366671875 0.9391336125 0.6619721515625 0.9416187078125 0.6618375515625 0.9328416734375 0.6399019890625001 0.9232938531249999 0.6130865890625 0.9168592312499999 0.5872655421874999 0.9200379734374999
1 0.5831885625 0.9805248125 0.594349453125 0.98589553125 0.6454999671875 0.9847049890624999 0.6359738328125 0.9784233999999999 0.593524565625 0.971715009375 0.5844853046875 0.9747121453125001 0.5831885625 0.9805248125
1 0.6331854359375 0.0435041265625 0.6544053296875 0.0515697640625 0.653392009375 0.060802171875 0.688819165625 0.0614657703125 0.6967105109375 0.0589240078125 0.698722925 0.054593521874999995 0.6829592 0.040831276562500005 0.6518450328125 0.0302150015625 0.6231613031250001 0.027465015625 0.6300393296875 0.034155657812500004 0.6331854359375 0.0435041265625
1 0.654319984375 0.13637573281249998 0.6617743390624999 0.1404829703125 0.676994925 0.1238485234375 0.6739881578125 0.11856564375 0.6603714468749999 0.1092499484375 0.6352802953125 0.09977654375 0.597273878125 0.096603953125 0.6166206984375 0.11306566874999999 0.6480182875 0.12710168125000001 0.654319984375 0.13637573281249998
1 0.6456323671875001 0.2175298390625 0.6583988062499999 0.21658632187500002 0.66327864375 0.21347312343749997 0.66471946875 0.20701460156249998 0.6538260984375001 0.19956204375 0.612241328125 0.188978540625 0.5888554593750001 0.19531212656250002 0.6089226921875001 0.2085445796875 0.6272799 0.210681490625 0.6456323671875001 0.2175298390625
1 0.60668559375 0.2936154453125 0.6352205 0.3017227265625 0.6505709421875 0.2985767578125 0.65258335625 0.2942462734375 0.6426938203125 0.28698419375 0.5909266109375 0.2751417578125 0.5806000890624999 0.2745286765625 0.5780160859375 0.276731128125 0.579303346875 0.2803413453125 0.60668559375 0.2936154453125
1 0.5802170984374999 0.37004923437500004 0.5882477828125 0.3715730625 0.6014464703125 0.3686919875 0.6140640875 0.3731057640625 0.6335692140625 0.37478729843749997 0.6390253828125 0.3690906921875 0.6328630265624999 0.3638822296875 0.608204121875 0.35247127031250003 0.5981657640625 0.3505664859375 0.5696166328125 0.35659353125000004 0.5802170984374999 0.37004923437500004
1 0.6329359890624999 0.43390801874999996 0.6282097171875 0.42695247968750005 0.6207553609375001 0.42284524375 0.5864856046875 0.4123033859375 0.5686952437499999 0.41700595468749996 0.564675159375 0.420955484375 0.5827347203125 0.43380698124999995 0.6233203953124999 0.4394885640625 0.6329359890624999 0.43390801874999996
1 0.5558624234375 0.48390967187499995 0.562457028125 0.4871805765625 0.5671833000000001 0.4941361171875 0.6110733890625 0.49438598593750005 0.617960896875 0.49165374531249995 0.6153863796875 0.48443331093750003 0.5891520515625001 0.47070383906249996 0.5792577750000001 0.46815320156249995 0.5639073328124999 0.471299171875 0.5659102640625 0.476391571875 0.5558624234375 0.48390967187499995
1 0.5764490906249999 0.55109603125 0.5886392 0.5527359203125 0.594657475 0.5585902328125 0.6081395875 0.5591288984375 0.6151711765625001 0.5557508046875 0.61489249375 0.547619621875 0.5780529624999999 0.5251458875 0.5683027703125 0.5219493984375 0.5464970640625 0.525890053125 0.5434808171875 0.5300300609375 0.5764490906249999 0.55109603125
1 0.5560415375 0.5909811484375 0.5425594265625 0.5904424859375 0.53466808125 0.5929842484375001 0.5449898625 0.598308771875 0.5490004625 0.6037821296875 0.578399865625 0.6080143015624999 0.5938849078125 0.6136453625 0.6036398421875 0.6121304078125 0.6066560890625 0.6079904015625 0.6056569953125 0.60308848125 0.600066228125 0.6000080546875 0.586444775 0.5954037999999999 0.5560415375 0.5909811484375
1 0.5361723859375 0.6659744015625 0.558967703125 0.6763585546875001 0.5720175656250001 0.678834775 0.5840683359375001 0.676409071875 0.587084584375 0.672269065625 0.5839337375 0.6676320390625 0.5713161203125 0.6632182640625001 0.5427812140625 0.6551109796875 0.532598771875 0.6538520484375 0.530586359375 0.6581825328125 0.5361723859375 0.6659744015625
1 0.5821478499999999 0.7319195765625001 0.57698933125 0.72690159375 0.5405725640625 0.7119131875 0.5296744531249999 0.7091720718750001 0.51475625625 0.7103804859375 0.526211734375 0.7293839640625001 0.565784090625 0.7442979515625 0.5756831078125 0.742137146875 0.5821478499999999 0.7319195765625001
1 0.48557864375 0.7708168093750001 0.494325 0.77382281875 0.5105162296875 0.7903589515625 0.534747628125 0.7989960234375 0.5519616593750001 0.7968768640625 0.5671632765625 0.7990881875 0.57290286875 0.7968113203125 0.57147626875 0.7891355124999999 0.5508327078125 0.7784864640625 0.5294639906249999 0.775778121875 0.5169904578125 0.7707184953125 0.48557864375 0.7708168093750001
1 0.5540517765625 0.8578607234375 0.5529086000000001 0.8536046531249999 0.5364244640625 0.8430716703125001 0.5113333109375 0.833598265625 0.4826400984375 0.8402711625 0.5042827546875001 0.8558221296875 0.5239319640625 0.8568578125 0.5478799375000001 0.8620751468750001 0.5540517765625 0.8578607234375
1 0.485863909375 0.9149339765625 0.5318962703125 0.9243418374999999 0.5450949578125 0.9214607625 0.545531946875 0.9148117640625 0.5386539203125 0.9081211218749999 0.512410109375 0.9038145328124999 0.4964975609375 0.8954095828125 0.472823528125 0.903034871875 0.47568621093749996 0.9089636015625 0.485863909375 0.9149339765625
1 0.51850134375 0.9796946343749999 0.5271083609375 0.9786350546874999 0.5301246093749999 0.9744950453125 0.5271178437499999 0.96921216875 0.4922764984375 0.956542275 0.4843898953125 0.954372596875 0.46416435624999997 0.955920321875 0.46186377968750003 0.9615425109375 0.47634024375 0.9716945406249999 0.51850134375 0.9796946343749999
1 0.4772628796875 0 0.5009720265625 0.012357825 0.5274992609375 0.020084150000000002 0.5516008015625 0.015232746875 0.5511780374999999 0.00774741875 0.5425757625000001 0.0040955578125 0.5209918640625 0 0.4772628796875 0
1 0.5152475140624999 0.079693015625 0.48255318125 0.071469671875 0.465771396875 0.0716512765625 0.4785188734375 0.089553528125 0.520391809375 0.09884532812499999 0.5291429062499999 0.09713989375 0.5315875671875 0.090871853125 0.5152475140624999 0.079693015625
1 0.44416851562500004 0.159106196875 0.45003796406249996 0.170317803125 0.4768533625 0.1767524265625 0.48745856875 0.18549668749999998 0.4926265703125 0.1810917875 0.5019492578125 0.18151438749999999 0.5114207671875 0.1765796953125 0.5125734265624999 0.17141287968750002 0.5054072359374999 0.1660139390625 0.48733819375 0.16258532812499998 0.46382720468749994 0.15071899375 0.44416851562500004 0.159106196875
1 0.42672505781250003 0.24667717812499998 0.44206601718750005 0.25295409375 0.45998149374999997 0.2664514421875 0.48665281250000003 0.27353191718750003 0.49325215624999996 0.27209138125 0.4939773109375 0.264150678125 0.48394843437499996 0.2528230078125 0.468895640625 0.2452543890625 0.43749330937500003 0.2359298171875 0.4204281015625 0.23269168437499999 0.4195636078125 0.2365667953125 0.42672505781250003 0.24667717812499998
1 0.427062478125 0.338968475 0.4682197421875 0.3467780921875 0.47797467656250003 0.3452631390625 0.4814231734375 0.339185575 0.46837805 0.3319979125 0.45231667656249996 0.32895025625 0.43224470468750004 0.3204292453125 0.4257847015625 0.32593537499999997 0.41703360468749995 0.32764080624999997 0.427062478125 0.338968475
1 0.459978596875 0.4118603140625 0.47748079218750006 0.40844945 0.44995446406250006 0.395821203125 0.41496903593749995 0.3837971609375 0.408946021875 0.382654290625 0.40406618437499997 0.38576748906249997 0.40935930468750004 0.39956250625 0.4294312765625 0.4080835171875 0.459978596875 0.4118603140625
1 0.43453764218749996 0.4649273703125 0.452318521875 0.4696476875 0.4643692890625 0.4672219859375 0.468389375 0.46327245625 0.45749600468749996 0.45581989843750004 0.41877865937500003 0.44645368281250003 0.403288875 0.4455340625 0.389086353125 0.448224659375 0.41316418437499997 0.4669304703125 0.43453764218749996 0.4649273703125
1 0.4453835984375 0.5194943546874999 0.4053742515625 0.511229365625 0.38930339687500004 0.5176045953124999 0.39933701250000003 0.524220821875 0.42772783593749997 0.5329739578125 0.4525403078125 0.5343161796875 0.4554172140625 0.52611058125 0.4453835984375 0.5194943546874999
1 0.429832178125 0.579823490625 0.37835313125000003 0.56668935 0.37218129375000003 0.570903775 0.3804859203125 0.5852702265625 0.412032334375 0.5939489453125 0.43828088593750003 0.5935440890625 0.4388619578125 0.5862492375 0.429832178125 0.579823490625
1 0.35963189687499997 0.6412272296875 0.3755444453125 0.6496321796875 0.4059476828125 0.654054828125 0.41555853281250005 0.6531857265625 0.41843070000000004 0.649691571875 0.4178638515625 0.64285209375 0.4125612515625 0.6384799625 0.3863174390625 0.6341733765625001 0.36810905625 0.6266791734375 0.3541899546875 0.6327895078125 0.35963189687499997 0.6412272296875
1 0.3876729203125 0.712520821875 0.4117697171875 0.7123808625 0.411923284375 0.7023121265625 0.40848426875 0.6989668046874999 0.361875578125 0.692142353125 0.342942040625 0.692588853125 0.3392101234375 0.6952466765625 0.36358086093750003 0.7079493390625 0.3876729203125 0.712520821875
1 0.3953632859375 0.7671622250000001 0.3873373421875 0.7609269546874999 0.3718522984375 0.755295890625 0.347904325 0.7500785546875 0.329254209375 0.7539447953125 0.342438675 0.7651980484375 0.361218646875 0.7748202875 0.391194378125 0.7764690484375001 0.3953632859375 0.7671622250000001
1 0.382679290625 0.8287086468749999 0.3588753984375 0.822845459375 0.340811096875 0.8147054046875001 0.3327804109375 0.8131815781249999 0.317713390625 0.8197472859375001 0.33361645625 0.8375751203125 0.3635921875 0.8392238843750001 0.3851097265625 0.836574934375 0.382679290625 0.8287086468749999
1 0.3106201625 0.8843741359375 0.3107547625 0.89315116875 0.351326215625 0.9129670781250001 0.3648083265625 0.913505740625 0.36883315156249996 0.90484476875 0.36281487968750004 0.8989904578125 0.34589375312500004 0.895106471875 0.33442879531249997 0.8855258796875001 0.33342970312500003 0.88062395625 0.3259753453125 0.876516721875 0.3205239203125 0.8775018859375001 0.3106201625 0.8843741359375
1 0.3505631296875 0.958599321875 0.35558705156250003 0.9548402734374999 0.340538996875 0.942560209375 0.3022491578125 0.9359678812500001 0.2913463046875 0.9379382093749999 0.2894732328125 0.9463342859375 0.3065289578125 0.9589953046874999 0.3247420828125 0.961778065625 0.3505631296875 0.958599321875
1 0.1520775953125 0.9337272140625 0.166424203125 0.9303907656250001 0.168297275 0.9219946890624999 0.156971659375 0.9164796875000001 0.1335952734375 0.9133903859375 0.1070585546875 0.915086946875 0.10174646875 0.9201377000000001 0.108768578125 0.9261824921875 0.1520775953125 0.9337272140625
1 0 0.906889971875 0.027922596875 0.9121883015625001 0.0296096375 0.9104888421874999 0.0177124328125 0.90284580625 0 0.899747984375 0 0.906889971875
1 0 0.8530678765624999 0.034118865625 0.8480644453125 0.0367076078125 0.8411505515625001 0.032408840625000004 0.8369688984374999 0.014772046875 0.83160273125 0 0.8317046671874999 0 0.8530678765624999
1 0.11357071249999999 0.8577549484375 0.11987240937500002 0.8670289999999999 0.1406647921875 0.8723207531250001 0.1687769359375 0.8729427046874999 0.17022724375 0.8570613 0.1666488875 0.8496503875 0.1510102828125 0.8540880625 0.128642471875 0.8464777968750001 0.11371953593749999 0.8523976531249999 0.11357071249999999 0.8577549484375
1 0.13758980781250002 0.79230064375 0.1357214765625 0.7959852749999999 0.14976569374999998 0.808074859375 0.17600950625 0.8123814484375 0.18920819375 0.809500371875 0.20125422187500003 0.8117861156249999 0.20684973125 0.8101550984375001 0.2110186375 0.8008482750000001 0.201844775 0.7950683796875 0.1819121453125 0.79061295625 0.1647075953125 0.7833092328125 0.13758980781250002 0.79230064375
1 0 0.786020228125 0.00262460625 0.7875598578125 0.044074778125000005 0.7893663281250001 0.051822040624999996 0.787470415625 0.054982371875000005 0.78268455625 0.05011201562499999 0.7763748703125 0.03950206875 0.7723420515625 0.016130425 0.7645413078125001 0 0.7686351218749999 0 0.786020228125
1 0.0232710671875 0.65280003125 0.027853256250000003 0.6604014234375 0.0419022171875 0.6677795640624999 0.07187320625 0.67413976875 0.0920987421875 0.6725920453125 0.09956258125 0.6672763921875 0.0949803921875 0.659675003125 0.0737605015625 0.6516093656249999 0.0607058953125 0.6538445875 0.0427809328125 0.6497701250000001 0.0232710671875 0.65280003125
1 0.0044199750000000005 0.7138494359374999 0.0098666578125 0.7175757140625 0.0491555921875 0.7290699640625 0.0678009671875 0.7299151687500001 0.07038970781250001 0.723001275 0.066235025 0.71817376875 0.0364128578125 0.70645626875 0.0235070765625 0.7033341984375 0.011600390625 0.705114046875 0.00471288125 0.7078462875 0.0044199750000000005 0.7138494359374999
1 0.15816040625 0.7329239000000001 0.15485599218749999 0.7383556125 0.1640298546875 0.7441355078125 0.1874015 0.7519362515625 0.1945676921875 0.7573351921875 0.2094858875 0.7561267765624999 0.2301484125 0.7479300531249999 0.23703118124999997 0.7499092546874999 0.2335921671875 0.7465639328125 0.1940245515625 0.7269385015625 0.19072962031250001 0.7229473265624999 0.15816040625 0.7329239000000001
1 0.216723196875 0.6908540765625 0.2409593390625 0.6947797078125 0.25200627343750004 0.692163528125 0.2478563296875 0.68262458125 0.2350946296875 0.67885665625 0.197952709375 0.6718089546875 0.190340046875 0.6824818984375 0.19506631875 0.6894374359375 0.2081161828125 0.69191365625 0.216723196875 0.6908540765625
1 0.0262048703125 0.588057121875 0.04139700625 0.5996913312500001 0.0626216390625 0.6030455265625 0.0696437484375 0.6090903187500001 0.0713679953125 0.6060515375 0.08786161406250001 0.6071616359374999 0.0993407953125 0.6026078984375001 0.09762603125 0.596223796875 0.0880199203125 0.5923814562499999 0.0587646 0.5875034343750001 0.036545615625 0.5745358734375 0.0262048703125 0.588057121875
1 0.20103533437499999 0.6017087484375 0.1952910015625 0.6086970593750001 0.17721721875000002 0.609979890625 0.17649680625 0.61320915 0.1902576015625 0.62187899375 0.195411378125 0.6316084203125001 0.20329798124999998 0.6337781 0.25149632187500004 0.6287867390625 0.25737999375 0.6258640171875001 0.2576729 0.619860871875 0.25408980468750003 0.6171614015625 0.23487284375 0.6141881625 0.20103533437499999 0.6017087484375
1 0.2354965875 0.5644903296875 0.23907968125 0.5671897984375 0.2552851375 0.5695916000000001 0.26446848125 0.5659486140625 0.267057225 0.55903471875 0.2593194453125 0.55150774375 0.2475615796875 0.5479302984375 0.21386341406249998 0.539516475 0.19061688593749998 0.5499156515625 0.21426721249999997 0.565847575 0.2354965875 0.5644903296875
1 0.0789693328125 0.46410405 0.0666303984375 0.4678214546875 0.055155956250000006 0.4676637484375 0.05027612031249999 0.47077694687499994 0.08296096875 0.48842317656249995 0.10676960312499999 0.4895749203125 0.12743213125 0.481378196875 0.1264330359375 0.4764762734375 0.11711508906250001 0.47134223124999997 0.1039211421875 0.4695118609375 0.0974706234375 0.4655951046875 0.0789693328125 0.46410405
1 0.0831922375 0.543668784375 0.10728429531250001 0.54824026875 0.1236385734375 0.5452847765625 0.121779725 0.5395465234375 0.1131774515625 0.5358946625 0.090089228125 0.5315136578125 0.07116517343749999 0.522537271875 0.05709725 0.534004903125 0.070425796875 0.5446123046875 0.0831922375 0.543668784375
1 0.2041748578125 0.47507123125 0.20660529374999997 0.4829375171875 0.23197038593750002 0.5052535453125 0.23584164687500003 0.5066613109375 0.270557875 0.501131284375 0.271854615625 0.49531861718750003 0.263684590625 0.4897291984375 0.246907546875 0.485199359375 0.22511606718750002 0.47500568750000005 0.2117780390625 0.47382117343749997 0.20833902499999998 0.47047585156249994 0.2041748578125 0.47507123125
1 0.24540324375 0.41220920781250003 0.24396241875000002 0.41866772812499997 0.2330643078125 0.4159266125 0.2270365515625 0.419495184375 0.22645074062499998 0.43150147812500006 0.229889753125 0.43484680000000003 0.256988575 0.4447011625 0.2883956484375 0.44931428906250004 0.2980064984375 0.44844518750000006 0.29901981875 0.4392127796875 0.2866951078125 0.4287958578125 0.2714934890625 0.42658453124999995 0.2554416015625 0.41411399062500004 0.24540324375 0.41220920781250003
1 0.100985496875 0.39355734375 0.0949624828125 0.3924144734375 0.087786809375 0.39643841874999997 0.0700011890625 0.39642954375 0.0701357890625 0.40520657812499994 0.080880334375 0.41801642968749997 0.10626913281249999 0.4167752453125 0.129789603125 0.41921869375 0.1395445359375 0.4177037390625 0.1425607859375 0.41356373281250003 0.1279402375 0.4040575546875 0.1127386203125 0.4018462328125 0.100985496875 0.39355734375
1 0.08241124375 0.3220405 0.08210885625 0.33746653125 0.09659006249999999 0.3429071171875 0.1129253734375 0.3587973953125 0.1602639609375 0.3529697015625 0.1624204546875 0.347993365625 0.15926960625 0.34335633906249996 0.13761746875 0.33722825625 0.10780004375 0.3207993140625 0.0738089703125 0.3183886359375 0.08241124375 0.3220405
1 0.2602342515625 0.355109334375 0.24717490468749997 0.36205599843749997 0.2365602171875 0.3627346234375 0.23569572343749998 0.366609734375 0.2536159421875 0.3753956421875 0.2587744609375 0.380413625 0.2579099671875 0.3842887359375 0.2787023515625 0.3895804890625 0.28875019218750003 0.38206238593749997 0.30538789375 0.382526634375 0.3118478984375 0.37702050625 0.300671103125 0.36614820937500003 0.2892014046875 0.3612790609375 0.2602342515625 0.355109334375
1 0.2611651234375 0.2852740234375 0.25556961718750004 0.2869050375 0.267745503125 0.30267925625 0.293984571875 0.3116972859375 0.301150765625 0.317096225 0.3197961375 0.31794143125 0.32783156406249997 0.314753815625 0.3294164703125 0.3076494421875 0.32354228125 0.301149278125 0.30303331718750004 0.2992772640625 0.28023800312499997 0.2888931125 0.2611651234375 0.2852740234375
1 0.16062324375 0.28100635937499996 0.163356071875 0.2734466125 0.154614453125 0.265729159375 0.099830996875 0.2580267328125 0.091507403125 0.26250605 0.10039309999999999 0.2695776515625 0.12949959687499998 0.27981296875 0.1525878171875 0.284193971875 0.16062324375 0.28100635937499996
1 0.10061778750000001 0.188837271875 0.1172412625 0.2034358484375 0.136597565625 0.21047467812499998 0.17575190000000002 0.21319189375 0.1780524796875 0.20756970468749997 0.1751897953125 0.20164097343749998 0.14236086406249998 0.18464059531250002 0.12744740937500001 0.18113756718750001 0.1192678984375 0.184971034375 0.1024861171875 0.18515263906249999 0.10061778750000001 0.188837271875
1 0.2997365453125 0.1545886625 0.3236845203125 0.159805996875 0.33372761875 0.15699933906250002 0.3470656484375 0.158183853125 0.35309340312500004 0.15461528125 0.35410198125000003 0.1500943171875 0.3439290234375 0.1394125 0.3046353484375 0.1326296921875 0.28297372656249997 0.1359244953125 0.2818210671875 0.1410913125 0.2997365453125 0.1545886625
1 0.3379647484375 0.222429746875 0.3144537625 0.2105634109375 0.3131665015625 0.20695319531249998 0.30442014687499996 0.2039471828125 0.29695630781250004 0.20926283437499998 0.279602934375 0.20731640625 0.2579413140625 0.21061120781249998 0.257936571875 0.21532265156250002 0.24918073281250003 0.2217395265625 0.273272790625 0.22631100937499998 0.2841661578125 0.23376356718750002 0.2937770109375 0.2328944640625 0.303671284375 0.235445103125 0.3137143828125 0.2326384421875 0.3333635921875 0.233674125 0.33910792343749996 0.226685815625 0.3379647484375 0.222429746875
1 0.1535992921875 0.1342641375 0.18658653125 0.13648433437500002 0.190462534375 0.1331806578125 0.1906160984375 0.1231119203125 0.1662501 0.1056978140625 0.11447814999999999 0.098566821875 0.1071631328125 0.09852517656250001 0.10414688593749999 0.1026651828125 0.1263611296875 0.1203441859375 0.1535992921875 0.1342641375
1 0.1113554078125 0 0.1104135484375 0.0042219046875 0.13220028749999999 0.019127021875 0.1717679046875 0.038752453125 0.20504330781250002 0.039680946875 0.20993262656249997 0.0271448625 0.1854178046875 0.0150880515625 0.181407203125 0.00961469375 0.1735205984375 0.0074450140625 0.1586024046875 0.008653428125 0.12666788906249998 0 0.1113554078125 0
1 0.304730175 0.0384008375 0.3011375953125 0.0451242546875 0.31002329375 0.0521958546875 0.31044605937499997 0.0596811828125 0.3295141953125 0.0680117171875 0.3643697640625 0.06654728125 0.37040226249999997 0.058267267187500006 0.36825999062500003 0.0491092765625 0.352059278125 0.041996029687500006 0.33943691875000004 0.0422936984375 0.317069109375 0.0346834328125 0.304730175 0.0384008375