1 0.0545862609375 0.08148398125 0.057125603125 0.042042746874999995 0.052988274999999994 0.026843254687500002 0.0520831328125 0.0258262875 0.0412411359375 0.025763134375000003 0.038619046875 0.054075264062499996 0.034294885937500005 0.0651786984375 0.033790546875 0.07326930312499999 0.0417653328125 0.086467765625 0.0475920796875 0.0875133984375 0.0545862609375 0.08148398125
1 0.128525896875 0.0262715625 0.11299806406249999 0.0261811125 0.1117777078125 0.030220776562500003 0.11031760625 0.057527981250000006 0.11497691406249999 0.0656486640625 0.11785860937499999 0.08286423125 0.1303796671875 0.0606799203125 0.128525896875 0.0262715625
1 0.209884440625 0.02674546875 0.19345752031250002 0.0266497828125 0.18757831875 0.046849396875 0.1884530875 0.0600065 0.1938107703125 0.07116633125 0.197055690625 0.072196925 0.21106169531250002 0.0611498875 0.209884440625 0.02674546875
1 0.2848128953125 0.0342637734375 0.28311787499999996 0.027172048437500002 0.2662939171875 0.02707405 0.262937940625 0.0381831234375 0.26313197499999996 0.0493128765625 0.2695761015625 0.085771359375 0.2722284828125 0.0898335828125 0.2853773578125 0.066641234375 0.2848128953125 0.0342637734375
1 0.3308775078125 0.0274502453125 0.327659959375 0.0486770546875 0.3389678640625 0.0679650890625 0.346819175 0.07408098125 0.3495349125 0.044757703125 0.34709401562500003 0.027544704687499998 0.3308775078125 0.0274502453125
1 0.41862158593750004 0.0279613484375 0.4054327625 0.027884523437499996 0.4006141515625 0.050113700000000004 0.39955255156249997 0.0632595265625 0.40498079374999996 0.0784665390625 0.4183413390625 0.067415740625 0.4197838046875 0.039096740625 0.41862158593750004 0.0279613484375
1 0.45957997968750003 0.06360918125000001 0.4721258796875 0.0798693484375 0.47707785625000004 0.0677578765625 0.475219090625 0.0282910234375 0.4639828140625 0.028225573437500002 0.45957997968750003 0.06360918125000001
1 0.5298817890625 0.060983604687500005 0.5295642796875 0.0427712828125 0.527320034375 0.0307128953125 0.5129520656250001 0.029876056249999998 0.5118090171875 0.060878334374999996 0.5178474343749999 0.0740655140625 0.523028725 0.0751073875 0.5298817890625 0.060983604687500005
1 0.5774587203125 0.087564753125 0.581243259375 0.082528334375 0.5823225 0.07039430625000001 0.5784919609375 0.033693320312500004 0.568889884375 0.0331340625 0.567558 0.037934128125 0.56629193125 0.0763710859375 0.571667253125 0.0885427125 0.5774587203125 0.087564753125
1 0.6350101593749999 0.0939701453125 0.6432952546874999 0.0879482484375 0.64296010625 0.0687241296875 0.638143565625 0.037167629687499995 0.6288844671875 0.0366283484375 0.628248525 0.0392993390625 0.6273985984375 0.0645867125 0.62323319375 0.084796309375 0.6350101593749999 0.0939701453125
1 0.6896799062500001 0.0831599703125 0.696991596875 0.0953428765625 0.704091615625 0.0953842328125 0.7063735703125 0.0781987453125 0.699207640625 0.0407242078125 0.68492535 0.039892359375000006 0.68442085625 0.040638231250000004 0.686568896875 0.052791059375000005 0.6805376828125 0.07703655781249999 0.6896799062500001 0.0831599703125
1 0.7652335640625 0.0856234515625 0.7606103296875 0.044300506249999996 0.7496348890625 0.0436612609375 0.7497778921875 0.0875568078125 0.7518553765625 0.095662453125 0.7603345046875 0.1007703078125 0.7652335640625 0.0856234515625
1 0.8184608421874999 0.10313227656249999 0.8221219062499999 0.0910132859375 0.8278780953125 0.08801173749999999 0.8261814765625 0.064732915625 0.8211008828124999 0.047823679687499995 0.807933878125 0.0470567890625 0.80780883125 0.047427115625 0.8066766734374999 0.0565257578125 0.810397859375 0.0848748375 0.8184608421874999 0.10313227656249999
1 0.8863323796874999 0.072165140625 0.8830342874999999 0.051430890625 0.8661791640625 0.050449190624999994 0.8671450875 0.0821703046875 0.8764284281249999 0.0963880828125 0.8841386234374999 0.09440960781249999 0.8863323796874999 0.072165140625
1 0.9402051171875 0.089677725 0.9434853171875 0.0927319109375 0.9437603453125 0.0714879609375 0.94166445 0.054845709374999996 0.9224394515625001 0.0537259796875 0.92244265 0.07035209375 0.9258816046874999 0.0825124421875 0.9344312921875 0.09166748125 0.9402051171875 0.089677725
1 0.045137699999999996 0.2058671796875 0.048763484375 0.19172459687500001 0.048375417187500006 0.1694650921875 0.0448659046875 0.1532575609375 0.039525860937500004 0.1431095265625 0.0356531234375 0.14308696875 0.033822590624999996 0.14914646250000002 0.03184050625 0.1835324796875 0.0368173265625 0.20986548593749998 0.040707703125 0.2108998390625 0.045137699999999996 0.2058671796875
1 0.1199785765625 0.13042615 0.1148502046875 0.13241966249999998 0.109305690625 0.1475627609375 0.10936581249999999 0.1880308296875 0.11285768593750001 0.2032265640625 0.1229027515625 0.1870979890625 0.1261051921875 0.148672309375 0.12392187187499999 0.134495890625 0.1199785765625 0.13042615
1 0.20546823125000002 0.184543846875 0.213153584375 0.1441208953125 0.21036008593750002 0.1319643078125 0.20057240625 0.1258371375 0.18998771875 0.1480327296875 0.19147266406250002 0.1591700015625 0.188598171875 0.1793871171875 0.1920371265625 0.19154746250000002 0.19529968749999999 0.1935898546875 0.20546823125000002 0.184543846875
1 0.27734641875 0.12426095468750001 0.2734736796875 0.1242383953125 0.2691318828125 0.13433003593749998 0.2640989125 0.178815209375 0.2682186015625 0.1930029078125 0.2740277078125 0.19303674531249998 0.2822246046875 0.1819558703125 0.284763946875 0.1425146359375 0.27734641875 0.12426095468750001
1 0.3518208375 0.1388584640625 0.346357315625 0.12162785937500001 0.34246693906250003 0.1205935046875 0.3393278546875 0.1256336859375 0.335772628125 0.1438234484375 0.335585796875 0.170126378125 0.3390247515625 0.182286725 0.34293276875 0.184332875 0.35304839375 0.1722514828125 0.3518208375 0.1388584640625
1 0.403510253125 0.14219462968750002 0.403915959375 0.16546593125 0.408194403125 0.1887597921875 0.4167368859375 0.16048215 0.42074353750000004 0.131166390625 0.41459928125 0.111908434375 0.4094709109375 0.11390194687499999 0.403510253125 0.14219462968750002
1 0.47518073593750004 0.1810564390625 0.47503241875 0.1355293921875 0.47222127968749994 0.12236100781249999 0.464458165625 0.12130409375 0.45786969062500005 0.15060481406249998 0.45701976406249994 0.1758921875 0.46038816093749996 0.184005353125 0.46433145624999994 0.18807509375 0.4732972859375 0.184080546875 0.47518073593750004 0.1810564390625
1 0.5245352796875 0.19854270624999998 0.53454506875 0.1803905390625 0.5303652578125 0.12573477187499998 0.522549225 0.12164247187499999 0.5188881624999999 0.13376146093750002 0.51516374375 0.17926595 0.5245352796875 0.19854270624999998
1 0.5815503328125 0.1371615421875 0.5735755453125 0.12396308281249999 0.5704364609375 0.1290032609375 0.5694101421875 0.144172678125 0.5739355374999999 0.1816316796875 0.57726865625 0.1877212515625 0.5824499453125 0.18876312343749999 0.5854831921875 0.1776521703125 0.5815503328125 0.1371615421875
1 0.6362024390625 0.1253395703125 0.6316842453125 0.125313253125 0.6279702640625 0.1343968578125 0.6283583296875 0.15665636249999998 0.6254309203124999 0.173838090625 0.632813171875 0.19006818125 0.6396662359375 0.1759443984375 0.6444065390625 0.1516913765625 0.6362024390625 0.1253395703125
1 0.6948475234375 0.194476296875 0.6993480796875 0.1934908203125 0.7030797 0.18541901249999998 0.7063703375 0.1520523109375 0.7027726265625 0.1307858046875 0.6975737 0.1287321328125 0.695080071875 0.1337760734375 0.6916659578125001 0.16006020468749999 0.6867139828125 0.172171675 0.6909042296875 0.19040655625 0.6948475234375 0.194476296875
1 0.7708526046874999 0.1858137859375 0.764877540625 0.1392411046875 0.76091660625 0.1341595671875 0.7564160515625 0.13514504375 0.7527549875 0.147264034375 0.7541693765625 0.154354125 0.7515065562500001 0.1867127890625 0.7574744171875001 0.1958527875 0.7620102515625 0.1968909015625 0.7708526046874999 0.1858137859375
1 0.8397576656249999 0.177109915625 0.835063078125 0.166965640625 0.831377171875 0.1406401515625 0.822933321875 0.137555890625 0.81855624375 0.1456239375 0.8218965640624999 0.189146190625 0.8246900640625 0.201302778125 0.8298889921875 0.20335644843749998 0.8392533249999999 0.1852005203125 0.8397576656249999 0.177109915625
1 0.873180275 0.16921105625 0.8743196328125 0.1975450953125 0.8912778906250001 0.2077608046875 0.8896269859375 0.15008469062500002 0.8855778531249999 0.139944175 0.881687478125 0.13890981875 0.8766296640625001 0.14495051718750002 0.873180275 0.16921105625
1 0.9396727015625 0.1331774234375 0.9351545078125 0.133151103125 0.93138760625 0.13919932031249999 0.931987346875 0.1736003734375 0.9361599546875 0.190823459375 0.945302178125 0.1969468703125 0.950289434375 0.1868589921875 0.9449598265624999 0.14029007031250001 0.9396727015625 0.1331774234375
1 0.0379638890625 0.27563220781250003 0.0328002390625 0.27560212968750003 0.030306612500000003 0.28064606875 0.029128740625 0.3241420046875 0.030613685937500003 0.33527927812499997 0.0345569796875 0.3393490171875 0.0433816953125 0.32726010625 0.0453108609375 0.2898387046875 0.0379638890625 0.27563220781250003
1 0.121679165625 0.2649912203125 0.113933690625 0.264946103125 0.11034318437499999 0.281112275 0.10904183593750001 0.3175256421875 0.11057969999999999 0.3316983015625 0.115239009375 0.3398189859375 0.1246209828125 0.3226748546875 0.1305816390625 0.29438217187500004 0.121679165625 0.2649912203125
1 0.208364334375 0.276624778125 0.2056590328125 0.2695271671875 0.199169190625 0.26746597968749997 0.196640284375 0.270486328125 0.19191762031249998 0.2957511421875 0.19167787187500002 0.319018684375 0.193790634375 0.32914791875 0.19837938593749999 0.333221421875 0.20722173906250002 0.32214430625 0.208364334375 0.276624778125
1 0.2747404875 0.27094125625 0.27302299531249996 0.32050420625 0.28150212343750003 0.32561206249999997 0.2897343 0.3165547765625 0.289850571875 0.2862046640625 0.2836710375 0.2649231171875 0.2791352046875 0.263885003125 0.2747404875 0.27094125625
1 0.358543959375 0.265359246875 0.35386701249999997 0.2562267671875 0.34997663437500004 0.2551924125 0.3455819171875 0.2622486640625 0.33841854374999997 0.29559280625 0.3378436453125 0.29963622968750003 0.3450318609375 0.3047365640625 0.35114083749999997 0.3219709296875 0.358639359375 0.30785090625 0.358543959375 0.265359246875
1 0.4156014953125 0.2434343578125 0.40787366093750005 0.2444010359375 0.403150996875 0.269665853125 0.4029641671875 0.2959687796875 0.40720733124999997 0.3172390484375 0.4098244359375 0.319277678125 0.4171818421875 0.2970632890625 0.417714259375 0.25356359375 0.4156014953125 0.2434343578125
1 0.47116365 0.2467930828125 0.46673365312500004 0.2518257421875 0.4624976921875 0.2679881546875 0.45899538125 0.28921330625 0.45927761250000004 0.30540203906249996 0.46895945625 0.30545843437500003 0.47213381875 0.3024418453125 0.47943830624999995 0.27719207031250004 0.47116365 0.2467930828125
1 0.5341152546875 0.303814578125 0.5415432203125 0.285647371875 0.541155153125 0.263387865625 0.5343830796875 0.2451379453125 0.534189046875 0.234008190625 0.5289548390625 0.22993093281250002 0.5251526609375 0.23395555625000003 0.5227825078125 0.246082065625 0.5183525109375 0.251114725 0.5176789796875 0.28652005625 0.5256890453125 0.301742109375 0.5341152546875 0.303814578125
1 0.5915288140625 0.2282720328125 0.5857549875 0.2302617875 0.574859990625 0.2716777359375 0.574373290625 0.28078013749999997 0.5829229765624999 0.2899351765625 0.5887673625 0.29199260625 0.593807534375 0.28494011406249997 0.5941988359375 0.23334605156250002 0.5915288140625 0.2282720328125
1 0.6465337078125 0.236685978125 0.6418567609375 0.2275534984375 0.6341994828125 0.232567359375 0.634471278125 0.285176978125 0.6364958421875 0.290247234375 0.6469289796875 0.2963781640625 0.649387328125 0.2893106328125 0.649697634375 0.270090275 0.6465337078125 0.236685978125
1 0.7124937203124999 0.244152040625 0.709770778125 0.2360426359375 0.7077814921875001 0.23299597031250002 0.7007343921875 0.23599 0.6952780734374999 0.2561920765625 0.69449870625 0.2855266328125 0.697920021875 0.296675184375 0.7050729578125 0.29975192968750003 0.7106351109375 0.2856206265625 0.7124937203124999 0.244152040625
1 0.7602574796875 0.24443026093750003 0.7610512546875 0.28996106875 0.7638271140625 0.301105859375 0.7789299953125 0.2789365875 0.778841796875 0.273877609375 0.7698864046875 0.24145126874999998 0.7627158296875 0.23736273125000001 0.7602574796875 0.24443026093750003
1 0.8422127828124999 0.24389595156250002 0.8388796624999999 0.23780637968749999 0.8330352781249999 0.23574894999999998 0.8273320078124999 0.2417858859375 0.8249089390625001 0.250877009375 0.82459863125 0.2700973671875 0.8210081265625 0.2862635421875 0.83032674375 0.30250490937499996 0.8390808984374999 0.2863688140625 0.8422127828124999 0.24389595156250002
1 0.8926609703124999 0.3241135515625 0.9021768546875 0.27763110625 0.898420390625 0.247258434375 0.8900647375 0.2492331515625 0.8853067953125 0.272474375 0.8844921484375 0.2997853390625 0.8926609703124999 0.3241135515625
1 0.9563775390625 0.276935128125 0.952885665625 0.26173939218750003 0.9501803640625001 0.2546417859375 0.9430627062499999 0.25358863125000003 0.938738546875 0.2646920671875 0.9407703171874999 0.30719500625 0.9454296234375 0.315315690625 0.9512387312499999 0.315349528125 0.95665976875 0.2931238578125 0.9563775390625 0.276935128125
1 0.0464084765625 0.46385628749999996 0.0498931453125 0.44161934062499997 0.0589118921875 0.4406601796875 0.052503045312499996 0.40622528906250005 0.0485068328125 0.3991201609375 0.0439709984375 0.39808204687500004 0.033961209375 0.41623421406250005 0.030007478124999997 0.4485853578125 0.033083206250000004 0.4769306765625 0.0381057421875 0.46886638906250006 0.0464084765625 0.46385628749999996
1 0.1309031203125 0.42388074375 0.1333438296875 0.4158014171875 0.11443156406249999 0.40456263124999997 0.10998392812499999 0.40858349531249993 0.1037939578125 0.4237228359375 0.099734390625 0.45000320625 0.1042597859375 0.4874622046875 0.11613538593749999 0.465274134375 0.12329875937500001 0.43192999375 0.1309031203125 0.42388074375
1 0.2101354796875 0.4152370296875 0.206696525 0.40307668124999996 0.20275323125 0.3990069421875 0.19629866875 0.39896934375000004 0.1913466921875 0.411080815625 0.1895057234375 0.45356119687499996 0.20020345156250002 0.47486906093750003 0.2088517703125 0.4526621921875 0.20724334843749997 0.43444235156250005 0.2101354796875 0.4152370296875
1 0.290542478125 0.43695094687499997 0.2926127609375 0.407623909375 0.286556703125 0.3934249328125 0.2820208703125 0.39238681875000003 0.277051253125 0.40348649375 0.2760321359375 0.45608859218750003 0.27749944375 0.46621406875 0.280116546875 0.46825269843750006 0.28330855 0.46624790781250003 0.290542478125 0.43695094687499997
1 0.3688014375 0.44651203749999996 0.3686603234375 0.4384176703125 0.3632849984375 0.42624604374999997 0.36499205468749996 0.4131039796875 0.3627205375 0.39386858125 0.35619541875 0.38978380156250003 0.3524461546875 0.3968438125 0.34645021875 0.4231129046875 0.34662661250000004 0.4332308625 0.3580579953125 0.45960146562500004 0.3688014375 0.44651203749999996
1 0.4193090125 0.3820578890625 0.41360574375 0.3880948265625 0.4111650328125 0.396174153125 0.40790967499999997 0.43156444531249993 0.41593738125 0.44779829375 0.42050849375 0.4508599984375 0.4291920921875 0.43067672031250004 0.4265501453125 0.3901936125 0.4193090125 0.3820578890625
1 0.48238409375 0.44616195468750003 0.48419698593750005 0.4390906640625 0.4899002546875 0.43305372656249996 0.4814139234375 0.390513190625 0.47743535000000004 0.384419859375 0.47105134687500005 0.38842944375 0.46315431875 0.41671084687500004 0.4626852578125 0.4268250453125 0.468741315625 0.441024021875 0.473206590625 0.4380149515625 0.48238409375 0.44616195468750003
1 0.5424572375000001 0.41211431562499995 0.5416001078125 0.39996900625 0.5459948265625 0.39291275468750003 0.54382914375 0.37974813125 0.539205115625 0.3736510375 0.53149491875 0.375629515625 0.5173550031249999 0.41601486875000004 0.516240484375 0.42612530625 0.524338746875 0.44640633750000003 0.528892221875 0.448456246875 0.5424572375000001 0.41211431562499995
1 0.5846059265625 0.42348844999999996 0.5867716078125 0.43665307656249996 0.5907678203125 0.443758203125 0.59380106875 0.4326472484375 0.5982310640625 0.4276145890625 0.596428609375 0.39826499375 0.5987282031250001 0.3820913015625 0.595342165625 0.3729663421875 0.59078869375 0.37091643125 0.5863057781250001 0.3729137046875 0.5844752484375 0.3789732 0.58278583125 0.3931270609375 0.5846059265625 0.42348844999999996
1 0.6601772234375 0.4269637265625 0.6655629828125 0.40271446875 0.66533366875 0.3895611234375 0.6606214421875001 0.378405053125 0.6560679703125001 0.3763551421875 0.652265790625 0.3803797671875 0.650558734375 0.39352183281249997 0.6484884531249999 0.42284886874999994 0.649310303125 0.43297058593750004 0.6538461375 0.43400869999999997 0.6601772234375 0.4269637265625
1 0.7140179140625 0.368599153125 0.7102510140625 0.37464736875 0.7031758375 0.413050490625 0.702724415625 0.42417648281250003 0.7068441046875 0.43836418125 0.72271591875 0.4232812390625 0.7290927203125 0.38183897187500004 0.725061228125 0.3727102515625 0.7140179140625 0.368599153125
1 0.77036340625 0.453909571875 0.7714955640625 0.44481092968749997 0.7840695375 0.42566200624999995 0.7875012906250001 0.4003896703125 0.7820554093750001 0.38417086093749997 0.7811453609375001 0.3689901671875 0.7778298828125 0.3639123875 0.7707827828125 0.36690641875 0.7647162890625 0.38912832656249996 0.7663776296875 0.41038355624999995 0.7640251171875 0.4235218625 0.77036340625 0.453909571875
1 0.839881878125 0.369332303125 0.83604441875 0.3713333359375 0.8292619109375 0.38950429999999997 0.8252023421875 0.4157846703125 0.8372791812499999 0.44215903437500004 0.8478285890624999 0.41793985312500004 0.844911615625 0.39870069531249996 0.845133725 0.374421359375 0.839881878125 0.369332303125
1 0.9079442140625 0.42334848750000004 0.9077782578125 0.37680964375000003 0.902402934375 0.3646380171875 0.8959660125 0.365612215625 0.8909434765625001 0.3736765046875 0.8920475578125 0.39998695156249997 0.887183778125 0.41715740312499994 0.8991724203125001 0.4384727875 0.9042655109375 0.43445568124999995 0.9079442140625 0.42334848750000004
1 0.96330513125 0.3781447765625 0.960582190625 0.37003537343750004 0.9560287187500001 0.36798546249999997 0.951581084375 0.372006328125 0.946406996875 0.4083971359375 0.9459026578125 0.41648774062499994 0.9514014562499999 0.4357419390625 0.9572282015625 0.4367875703125 0.9640459890624999 0.420640196875 0.96330513125 0.3781447765625
1 0.0356265203125 0.5487756921875 0.0285617796875 0.5507579265625 0.026784165625000002 0.5598528093749999 0.0275603015625 0.6043718218749999 0.031697631250000004 0.6195713140625 0.035658565625 0.6246528515625 0.0429454140625 0.5983912796874999 0.0450509765625 0.571087834375 0.0356265203125 0.5487756921875
1 0.10441530624999999 0.570421934375 0.10306104062500002 0.6037999125 0.10657055156249999 0.6200074437499999 0.121133815625 0.6039051859375 0.121683871875 0.5614172859375001 0.1183154734375 0.553304121875 0.1118432734375 0.552254728125 0.10441530624999999 0.570421934375
1 0.194387878125 0.6225423609375 0.20392860625 0.614504390625 0.20474325312500002 0.5871934249999999 0.21098614218749998 0.5750894734374999 0.20575193593750002 0.5710122125 0.20430226562499998 0.56189853125 0.1977065890625 0.55376656875 0.1925429390625 0.553736490625 0.1888113171875 0.5618082984375 0.18912882656250002 0.5800206218749999 0.182469796875 0.6052741578124999 0.194387878125 0.6225423609375
1 0.2814891890625 0.6210263312500001 0.2844342390625 0.6048564 0.2937632953125 0.58467688125 0.295223396875 0.5573696765625 0.292535734375 0.5512838624999999 0.2848079015625 0.5522505421874999 0.2759831890625 0.564339453125 0.27174722500000004 0.58050186875 0.26908440625 0.6128605312500001 0.269384275 0.6300610578125 0.2732570125 0.630083615625 0.2814891890625 0.6210263312500001
1 0.369563903125 0.6013055015625001 0.3688406875 0.559821878125 0.36545465 0.5506969171875 0.358964809375 0.548635728125 0.3546935671875 0.5627745515625 0.3549757984375 0.57896328125 0.3508280328125 0.6001846734375 0.35737079375 0.60528125 0.3607391890625 0.6133944125 0.369563903125 0.6013055015625001
1 0.43263501406250005 0.5541233171875 0.4258982234375 0.5378969890625 0.4193097484375 0.56719770625 0.41478111875 0.603592275 0.4148869546875 0.60966305 0.41883024999999996 0.6137327906250001 0.43095280156250004 0.605709859375 0.4351005671875 0.5844884687499999 0.43263501406250005 0.5541233171875
1 0.4883735640625 0.5676 0.48934696562499996 0.5493951953125 0.48463474062499995 0.5382391234375 0.48006362812500003 0.53517741875 0.47511165 0.547288890625 0.47386322031250006 0.58673764375 0.47606417968750003 0.6019258578125 0.48145714218749996 0.6151092796875 0.4945354578125 0.5878697500000001 0.4883735640625 0.5676
1 0.5383310812500001 0.5456337515625 0.5383912015625001 0.5861018203125 0.5476745421875 0.600319596875 0.5519987015625001 0.5892161625 0.5547144390625001 0.5598928843750001 0.5510638125 0.535590990625 0.5426552421874999 0.5345303171875 0.5383310812500001 0.5456337515625
1 0.599039246875 0.548010759375 0.596729215625 0.6006053375 0.6019810624999999 0.60569439375 0.6140506968749999 0.594636075 0.6160680609375 0.562273653125 0.6104634234375 0.5369486828125 0.60338104375 0.53791911875 0.599039246875 0.548010759375
1 0.6716374171874999 0.603065059375 0.6765011953125 0.585894609375 0.6746810984375 0.5555332187500001 0.6719405203125 0.5464120171875 0.668032503125 0.5443658671875 0.6616132218749999 0.5463518625 0.658491775 0.5524038375 0.6595958578125 0.5787142859375 0.6560582687500001 0.5979158453125 0.6646608734375 0.610106271875 0.6716374171874999 0.603065059375
1 0.73415126875 0.5609380921875 0.7292273671875 0.537640475 0.7195808046875001 0.53960766875 0.7170695375 0.5436398125 0.7198173203125 0.5901936937500001 0.7240075671875 0.608428575 0.7272877671875 0.6114827609375 0.7345746156249999 0.585221190625 0.73415126875 0.5609380921875
1 0.7848071625 0.5420109937500001 0.7804477234375 0.5510908359375 0.778148128125 0.5672645281250001 0.77792601875 0.591543865625 0.7853259078125 0.60878575 0.793452246875 0.5936576921875 0.7989085640625 0.5734556140625 0.7945242828125 0.5440909796875 0.7848071625 0.5420109937500001
1 0.8461078640625 0.541356371875 0.8452402984375 0.56563195 0.841057253125 0.58482975 0.84119836875 0.592924115625 0.85046406875 0.6061300968750001 0.86432895625 0.5869886921874999 0.859944675 0.5576240578125 0.853137325 0.5373505468750001 0.8461078640625 0.541356371875
1 0.9135953015625 0.5994159812500001 0.9219509546875001 0.5974412671875 0.9328106703125 0.554001725 0.9306449906250001 0.540837103125 0.9215733234375 0.538760875 0.91717860625 0.545817125 0.9168330203125 0.56301389375 0.9099623140625 0.5761258796875001 0.9054793999999999 0.5781231546875001 0.903038690625 0.58620248125 0.9050632562500001 0.5912727375 0.9135953015625 0.5994159812500001
1 0.9645334249999999 0.5966776109375 0.9685825593749999 0.6068181296875 0.9769734890624999 0.60686700625 0.9811640687500001 0.597633878125 0.982388828125 0.5625613296875 0.9765429390625 0.545151225 0.9719541875000001 0.541077725 0.9632176703124999 0.558225615625 0.9645334249999999 0.5966776109375
1 0.929814175 0.9374159046875 0.927966003125 0.942463603125 0.9376478468749999 0.94252 0.9474459625 0.9122262859375001 0.9338841796875 0.8747146484374999 0.9267665203125001 0.873661496875 0.9236274359375001 0.8787016765625 0.9220085796875 0.89690271875 0.9255239703125 0.9134475156249999 0.9250843062499999 0.9252480375 0.929814175 0.9374159046875
1 0.927344653125 0.7957645062500001 0.9349490125000001 0.78771525625 0.9358694968749999 0.766475065625 0.9308750390625 0.7391302640624999 0.9154193671874999 0.7410636203125 0.9090530031249999 0.7460850015625 0.9163999734375 0.7602914984375 0.9135783984374999 0.783544003125 0.9221986421875 0.796746221875 0.927344653125 0.7957645062500001
1 0.8600584515625 0.78626733125 0.863948828125 0.7873016859375 0.8727029843749999 0.7711655890625 0.871598903125 0.744855140625 0.8662235796875001 0.732683515625 0.8660119046875 0.7205419656250001 0.8633418828125 0.7154679500000001 0.8536247625 0.7133879609375 0.8499284171875001 0.7234833609375 0.8496357515625 0.743715515625 0.8460805234375 0.761905278125 0.8600584515625 0.78626733125
1 0.8758460359375 0.877411659375 0.8724952796875 0.8703102921875001 0.867296353125 0.8682566218750001 0.8622385390625 0.87429731875 0.8604962031250001 0.885415790625 0.8576922703125 0.909680090625 0.8704145625 0.9360582140625 0.8750033140625 0.9401317140625001 0.882360721875 0.9179173265625 0.8758460359375 0.877411659375
1 0.74955549375 0.9262489828125 0.75590421875 0.9202158046875001 0.760157821875 0.9050651875 0.76027409375 0.8747150749999999 0.7547752953125 0.8554608796875 0.7482148953125 0.8493525078124999 0.741866171875 0.855385684375 0.7383815 0.8776226312500001 0.74311136875 0.889790496875 0.742783421875 0.9079990625000001 0.74955549375 0.9262489828125
1 0.8116074890625 0.9316688953125001 0.8140834765625 0.925613159375 0.8172506359374999 0.8851638890625001 0.814351303125 0.866936528125 0.8072336453125001 0.8658833749999999 0.8034491046875001 0.8709197953125001 0.7981868203125 0.9022516234375001 0.797770678125 0.9154012093749999 0.801837446875 0.9265535203124999 0.805816021875 0.9326468531250001 0.8116074890625 0.9316688953125001
1 0.799262090625 0.7788313453125 0.805106475 0.7808887765625 0.80880281875 0.770793375 0.8116067515625 0.746529078125 0.8153383734374999 0.7384572703125001 0.8112186859375001 0.7242695718750001 0.7992829625 0.7059895734375 0.79980494375 0.6989107625 0.7972936765624999 0.7029429078125 0.7864163203125 0.7453706515625 0.7832595984374999 0.7493990375 0.799262090625 0.7788313453125
1 0.7474419937500001 0.730979928125 0.7463731921875 0.706693071875 0.741678603125 0.6965487953125 0.7333935109375 0.70257069375 0.732331909375 0.7157165171875 0.73298456875 0.7531529609375001 0.744690978125 0.7582796140625 0.750394246875 0.752242678125 0.7501649359375 0.7390893328125 0.7474419937500001 0.730979928125
1 0.687140275 0.9370140390625 0.6952313343750001 0.9198623906250001 0.69421545 0.8986109203125 0.6985925265625 0.890542871875 0.69534760625 0.8895122765625001 0.6931290078125001 0.8733122671875 0.6864980515625 0.8631567140625 0.6807418640625 0.8661582624999999 0.678981890625 0.8762649390625 0.6801388890625 0.9056107765625001 0.6721713046875 0.9298449953124999 0.687140275 0.9370140390625
1 0.6654233390625001 0.7648997359374999 0.6732393703125 0.7689920359375 0.6780574359375 0.7862188812500001 0.6812847171875 0.78623768125 0.6868292312500001 0.7710945828125 0.6950966859375 0.7640608890625 0.6956010265625 0.7559702828125 0.6812526703125 0.7103605203125001 0.6772917374999999 0.705278984375 0.6715002703125 0.706256940625 0.669634459375 0.7102928453125 0.6706150640625 0.7295207234375 0.6654233390625001 0.7648997359374999
1 0.6230276984375 0.7393604609375 0.624893509375 0.7353245562499999 0.6239658218749999 0.719132065625 0.6186610578125 0.711007621875 0.6115433984374999 0.70995446875 0.6058930484375 0.71902679375 0.6048138093750001 0.731160821875 0.6034771812499999 0.7655505984375 0.6180300078125 0.7858692265625 0.6285441375 0.759626453125 0.6230276984375 0.7393604609375
1 0.5582711390624999 0.9119827546874999 0.564274278125 0.9231463453125001 0.56640468125 0.9342873796875001 0.5703479765624999 0.9383571203125 0.5807033515625 0.9030081843750001 0.5770703625 0.8797180859375 0.5651346421875 0.8614380859375 0.5606517265625001 0.8634353593749999 0.5576008390625 0.87353451875 0.5584756093750001 0.886691621875 0.556017259375 0.893759153125 0.5582711390624999 0.9119827546874999
1 0.633419090625 0.8911749359375 0.6329957421875 0.8668918375000001 0.6269220453125001 0.8516810640625 0.6218113140625 0.854686375 0.6200337 0.8637812546875001 0.6204394078125001 0.8870525562499999 0.6156285453125 0.90725839375 0.6293771609375 0.9184671015625 0.63685804375 0.9033352828125001 0.633419090625 0.8911749359375
1 0.543855459375 0.78847224375 0.55088491875 0.7844664171875 0.5671552375 0.7552220953125001 0.5677301359375 0.751178671875 0.5555474625000001 0.718733534375 0.54973835625 0.718699696875 0.546024375 0.7277833 0.5450333328125 0.7449763078125 0.5396299328125 0.768213771875 0.5411501578125 0.781374634375 0.5386388906249999 0.7854067796875001 0.543855459375 0.78847224375
1 0.4756239296875 0.7617707828125 0.4820784921875 0.76180838125 0.4816270703125 0.7729343734375 0.4862334609375 0.7780196687500001 0.4978163953125 0.7760637546875 0.5003276624999999 0.772031609375 0.50435195 0.7437276484375 0.502514215625 0.7123544609375 0.49977363593749996 0.7032332593749999 0.4907548890625 0.7041924203125001 0.48325636562499996 0.71831244375 0.48416641250000003 0.733493140625 0.4754475359375 0.7516528250000001 0.4756239296875 0.7617707828125
1 0.48651966093750004 0.90549465 0.48662549843749997 0.911565425 0.491894984375 0.9176662765625 0.49542213593750006 0.9348856031249999 0.5037777890624999 0.9329108875 0.513875775 0.9198177 0.5076433234375 0.895500765625 0.505301246875 0.8722181843750001 0.5019152109375 0.8630932234375001 0.4973617375 0.8610433140625 0.49118940625 0.8771944484375 0.4920994546875 0.89237514375 0.48651966093750004 0.90549465
1 0.42191068437499996 0.9385041749999999 0.4367032578125 0.9355552625 0.4390204921875 0.920393365625 0.4509490109375 0.9012406828125 0.43597283906250006 0.8566389546875 0.43079155 0.855597084375 0.42698937187499997 0.8596217062499999 0.4254410703125 0.8818699343749999 0.41567823125 0.914187240625 0.42013307187500004 0.947599059375 0.42191068437499996 0.9385041749999999
1 0.41814304687500004 0.7594125734375 0.42737346875000004 0.7705949640624999 0.43013168906250004 0.780727959375 0.4340044234375 0.78075051875 0.438832925 0.7615564781249999 0.442599828125 0.7555082625 0.4464725625 0.7555308203125 0.447393046875 0.7342906296875 0.43821554531249995 0.726143628125 0.4353514890625 0.7099398578125 0.4288087296875 0.70484328125 0.4206471109375 0.7179477484375 0.418276959375 0.7300742578125 0.41814304687500004 0.7594125734375
1 0.351262553125 0.7731867015625 0.3539325734375 0.7782607203125 0.3665771078125 0.763158978125 0.369973578125 0.735863053125 0.3737052015625 0.7277912453125001 0.37080586718749997 0.709563884375 0.366164196875 0.7024549953125 0.3590641796875 0.7024136390625 0.3540240046875 0.7094661296875 0.3563131640625 0.729713325 0.3509274046875 0.7539625828125 0.351262553125 0.7731867015625
1 0.367173615625 0.8714136 0.3594105015625 0.8703566875 0.3537777890625 0.8804408078125 0.35731214375000003 0.9350928156249999 0.3632447265625 0.942209221875 0.36823198125 0.9321213437500001 0.37222099218750004 0.901793790625 0.371815284375 0.8785224890625001 0.367173615625 0.8714136
1 0.2910771046875 0.948870703125 0.3017147109375 0.9297104984375 0.30458920312500004 0.909493384375 0.2994007125 0.871018828125 0.293573965625 0.8699731953125 0.28848087499999997 0.8739903 0.2787709546875 0.9093429937499999 0.278390090625 0.9245161703125 0.283677215625 0.9316288187499999 0.287186728125 0.9478363484375001 0.2910771046875 0.948870703125
1 0.2187852703125 0.7633097953125 0.21900738125000002 0.7390304578125 0.21433043281250003 0.7298979765625 0.21281020625 0.7167371140625 0.20820381718749997 0.7116518171874999 0.20368562343750002 0.7116255 0.1955063640625 0.7237181703125 0.1968397609375 0.7631819656250001 0.2042925671875 0.7834592359375 0.2094562171875 0.7834893125 0.2187852703125 0.7633097953125
1 0.2759767203125 0.7120465890625 0.26931768749999996 0.737300125 0.26612568593749997 0.73930491875 0.2649935296875 0.748403559375 0.271553928125 0.7545119328125 0.273144709375 0.7717199781249999 0.28059751718750003 0.79199725 0.2850980703125 0.7910117718749999 0.292967021875 0.798139459375 0.2925436765625 0.7738563625 0.29749565312500004 0.761744890625 0.294755071875 0.7526236921875 0.295224134375 0.74250949375 0.29054718749999997 0.7333770125 0.2876302125 0.71413785625 0.2798141796875 0.71004555625 0.2759767203125 0.7120465890625
1 0.22842537031250001 0.9090497359375 0.2239881703125 0.8766497140625 0.22006251406250002 0.8735917687500001 0.2104159515625 0.8755589625000001 0.19862854531250002 0.9028060124999999 0.2021099828125 0.954422634375 0.203524371875 0.961512721875 0.20807784375 0.9635626328125 0.22054598281249999 0.9383429328125 0.22842537031250001 0.9090497359375
1 0.104981240625 0.97307903125 0.1082967203125 0.9781568093749999 0.1128149140625 0.9781831265625 0.12271886875 0.9539601859375001 0.1335962234375 0.9115324421875 0.1278681109375 0.8791249000000001 0.11492370781250001 0.8770261140625 0.1082823140625 0.90329144375 0.10385231718750002 0.90832410625 0.103347978125 0.9164147109374999 0.1074676671875 0.9306024109375001 0.104981240625 0.97307903125
1 0.106828678125 0.782891515625 0.113963975 0.7849564640625 0.1189512296875 0.7748685828124999 0.1260159703125 0.7728863484375 0.1301813734375 0.7526767546875 0.1218537984375 0.7192423796875 0.11274685312499999 0.715142559375 0.10442648125000001 0.719140865625 0.1008536140625 0.736318834375 0.10364711093750001 0.7484754234375 0.1008255390625 0.7717279234375 0.106828678125 0.782891515625
1 0.038889817187499995 0.7359579 0.029049217187499997 0.7267953421875 0.021621253125 0.74496255 0.01928638125 0.7591126499999999 0.021071196875 0.7874504499999999 0.025730507812499998 0.7955711328125 0.0309117953125 0.7966130062500001 0.038427957812500003 0.783504778125 0.038889817187499995 0.7359579
1 0.0333179625 0.9716499046875 0.051507009375 0.9414050656249999 0.042780929687500004 0.922132071875 0.03975811875 0.8968221390625001 0.028175185937500003 0.8987780546874999 0.0200135671875 0.9118825218750001 0.018288871875 0.9240127921875001 0.0163244265625 0.959410603125 0.019622265625 0.963476584375 0.0212306890625 0.9816964265625 0.0333179625 0.9716499046875