1 0.4091688140625 0 0.40707541249999996 0.0201872859375 0.40850445156250004 0.0246505265625 0.4273966734375 0.0051417796875 0.4287604984375 0 0.4091688140625 0
1 0.4735677296875 0 0.47827560625 0.017728071875 0.48411587031250003 0.025262239062500004 0.493805721875 0 0.4735677296875 0
1 0.549207484375 0 0.54208238125 0.013590253125000002 0.5374849875 0.0259975296875 0.538531053125 0.0417555 0.554316975 0.033957871875000004 0.5634133640625001 0.007051579687499999 0.5646524734375 0 0.549207484375 0
1 0.61177396875 0 0.6090318078125 0.004992453125 0.5947839578125 0.039006735937499995 0.6023484640625 0.05727935468749999 0.6103837078125001 0.046687309375 0.6202823859375 0.0044427 0.6191271796875 0.0000416296875 0.6189438218750001 0 0.61177396875 0
1 0.6694837484375 0.0114746265625 0.65791785 0.0088486953125 0.6454660875 0.0474095546875 0.647645990625 0.0613555546875 0.652316075 0.06345055468750001 0.6627173921875 0.051326306249999995 0.66737684375 0.033759628125 0.6694837484375 0.0114746265625
1 0.717986284375 0.0276601734375 0.7120839640625001 0.025285406249999996 0.7050220953124999 0.0371331484375 0.6933371187499999 0.073798703125 0.6951597625 0.08662889375 0.70096368125 0.08691192343750001 0.7059546828125 0.08287159375 0.7102932203125001 0.0714402421875 0.717986284375 0.0276601734375
1 0.772955528125 0.0494527171875 0.7652048546875 0.0466583 0.762678325 0.0512581640625 0.754974628125 0.075376559375 0.74548463125 0.093915903125 0.7542450296875 0.10521715312499999 0.7638077125 0.10118008437499999 0.768726025 0.0826374796875 0.772955528125 0.0494527171875
1 0.8199107921875 0.12116065937500001 0.8267758593750001 0.10512944375 0.8307722171874999 0.0605100703125 0.8271375640624999 0.05451136718750001 0.8160217296875001 0.06440399375 0.8147637812499999 0.07653476406250001 0.8023899968749999 0.0985581609375 0.8094625000000001 0.1063720953125 0.8131334953125 0.11962193593749999 0.8199107921875 0.12116065937500001
1 0.8779907843749999 0.0795081984375 0.8657260375 0.1232850078125 0.8655035234374999 0.131512071875 0.8722187625 0.13821019375000002 0.8810305843749999 0.12469036874999999 0.8900799968750001 0.0708712640625 0.8839188171875 0.069472425 0.8779907843749999 0.0795081984375
1 0.940276309375 0.1402109625 0.9449978171875 0.11748488593749999 0.94459358125 0.0894562625 0.9375574249999999 0.08889346406250001 0.932147109375 0.096977384375 0.9285851468749999 0.10548095625000001 0.9244177 0.1335063171875 0.9271516625 0.152751603125 0.933954671875 0.14187978750000002 0.940276309375 0.1402109625
1 0.9923254203124999 0.15823642499999999 0.997042725 0.14614689218750002 0.9979969687500001 0.0914783515625 0.9914806031250001 0.09492804218749999 0.9794126546875 0.1428883234375 0.9844142890625 0.158509671875 0.9923254203124999 0.15823642499999999
1 0.15975499375 0.08819920625 0.1670757203125 0.0753755375 0.17277060625000001 0.0539051546875 0.1738317515625 0.0375909109375 0.1714913921875 0.026712573437499998 0.167794684375 0.025873271875 0.16439318125 0.031309178124999996 0.15312752031250002 0.06393114375 0.150710025 0.0902844203125 0.154147875 0.0920996515625 0.15975499375 0.08819920625
1 0.2518712984375 0.031511021875 0.24642463593750003 0.032343803125 0.2369966984375 0.045723746875 0.22602624218749998 0.0846209234375 0.225223953125 0.099959240625 0.239223578125 0.0865825578125 0.2527569078125 0.0503366546875 0.254532571875 0.03625403125 0.2518712984375 0.031511021875
1 0.3188632515625 0.101559921875 0.33722712499999996 0.064341353125 0.3378689546875 0.05207069843749999 0.3301803359375 0.0441168796875 0.31401144375 0.0632092375 0.3123962359375 0.0742241984375 0.30413847656250004 0.0930433078125 0.304112765625 0.10545384531249999 0.3066756390625 0.10810511874999999 0.3188632515625 0.101559921875
1 0.4040160890625 0.0588112171875 0.4003193828125 0.0579719125 0.393417971875 0.06675198906249999 0.3764831359375 0.1084338015625 0.37655582656250003 0.12293607656250001 0.3821008875 0.12419503125 0.392957865625 0.11527833125 0.406133934375 0.07791661562499999 0.4040160890625 0.0588112171875
1 0.4712456359375 0.088560840625 0.4707172875 0.07085101875000001 0.46727943749999995 0.0690357875 0.46290455625 0.0732160015625 0.4545483953125 0.089943375 0.4472019578125 0.1151775796875 0.4471762453125 0.12758811718750002 0.4503552375 0.130379275 0.463319425 0.1209062984375 0.4712456359375 0.088560840625
1 0.5197584984375 0.10267933437500001 0.5138047546875 0.12512564375 0.5115477171875 0.1484112578125 0.5274214046875 0.12304369062500001 0.5392411265625 0.09572100781250001 0.5386143765625 0.07591945 0.533167715625 0.07675223125 0.5197584984375 0.10267933437500001
1 0.5776948515625 0.155151775 0.5899596 0.111374965625 0.5908602875 0.098128384375 0.5837257328125001 0.0954738515625 0.5694415390625001 0.122236996875 0.5617378421875 0.1463553921875 0.5627475625 0.154862225 0.5654088374999999 0.15960523437500002 0.5750699234375001 0.157659903125 0.5776948515625 0.155151775
1 0.620119221875 0.1823737046875 0.6346365625 0.167045171875 0.6455343296875 0.11364571875 0.6391763484374999 0.1080634046875 0.6323733390624999 0.11893522031249999 0.6164118828125 0.161872725 0.620119221875 0.1823737046875
1 0.6913602062499999 0.1354317421875 0.6873319515625 0.121066090625 0.6829570687500001 0.125246303125 0.6778419546875 0.13960543281249999 0.6719609 0.1765540171875 0.6734883390624999 0.18310899687499999 0.678158425 0.18520399375000002 0.6840864578125 0.1751682234375 0.6913602062499999 0.1354317421875
1 0.7468365343750001 0.1356107578125 0.742523709375 0.1346315703125 0.736497275 0.1425756046875 0.7308023875 0.1640459890625 0.7233212046874999 0.1799373203125 0.7259567671875 0.19709086874999998 0.736358084375 0.1849666203125 0.74749963125 0.16266345468750001 0.7468365343750001 0.1356107578125
1 0.78406865625 0.21442343125000002 0.7886403421875 0.21442669374999998 0.7944079171875 0.207458584375 0.806646953125 0.1760923125 0.8090023921875 0.1548984375 0.804591165625 0.1518275109375 0.8008324015625 0.156147609375 0.790405371875 0.18068239531250002 0.782370128125 0.19127444062500001 0.7814073828125 0.20968042343749999 0.78406865625 0.21442343125000002
1 0.8591003031250001 0.2221463984375 0.8660788500000001 0.17613470625 0.8636764343750001 0.1704157703125 0.8591047484375001 0.17041250937500002 0.852301740625 0.181284325 0.8517219671875 0.18839557812500002 0.8403579062500001 0.21892580625 0.843573240625 0.22896809999999998 0.8476272078125 0.23092321562499998 0.8591003031250001 0.2221463984375
1 0.9273546515625 0.228330640625 0.925630409375 0.21759218749999998 0.929280140625 0.191518678125 0.92204718125 0.18677240625 0.9156634890625 0.19360063125 0.906997046875 0.23612500781249998 0.9063552171874999 0.24839566249999998 0.91076644375 0.2514665859375 0.9246676656249999 0.23599816875 0.9273546515625 0.228330640625
1 0.9614636531249999 0.2277971921875 0.9548317328125 0.25526301875 0.968262215625 0.26865926562500003 0.98240103125 0.21289157187500002 0.98129290625 0.20229300156250002 0.977855059375 0.20047777187500002 0.9713729624999999 0.2052142609375 0.9614636531249999 0.2277971921875
1 0.133884225 0.15371964375 0.1289552828125 0.1526005734375 0.12519651874999999 0.1569206703125 0.11221725 0.198465859375 0.11060204062500001 0.20948081875 0.113263315625 0.21422382812500002 0.12499526875 0.204471084375 0.1370375046875 0.1689213390625 0.133884225 0.15371964375
1 0.2168270015625 0.1611693640625 0.20943358750000002 0.1594907578125 0.2015951453125 0.174266278125 0.19042788593749999 0.20897998125 0.1880361015625 0.2229227203125 0.1902780609375 0.23170931874999998 0.2039204234375 0.21721682812499998 0.217329640625 0.19128972500000002 0.2168270015625 0.1611693640625
1 0.29653936718749996 0.19064900468749998 0.2958869046875 0.18325798124999998 0.29024344062499996 0.179907290625 0.2870023953125 0.182275534375 0.2756019890625 0.205554625 0.26903212656250003 0.2278610515625 0.26829189375 0.23803996718749998 0.2715692875 0.2429228625 0.28304238125 0.2341460453125 0.29653936718749996 0.19064900468749998
1 0.3615526671875 0.199201490625 0.34640413125 0.2464623546875 0.3531193734375 0.253160478125 0.3634586328125 0.2461956296875 0.371840503125 0.21705771875000002 0.3717314703125 0.19530430625 0.367677503125 0.1933491921875 0.3615526671875 0.199201490625
1 0.44320115312499997 0.21153084375 0.44121805468749997 0.2017683171875 0.4377802046875 0.19995308750000002 0.43165536875 0.20580538437499998 0.41571962500000004 0.2363323515625 0.41406807187499994 0.240096175 0.41955107812500003 0.24651452968749998 0.42069554531250003 0.26436423593749997 0.4317129796875 0.252379871875 0.44320115312499997 0.21153084375
1 0.5037305375 0.20251012968749998 0.4960782640625 0.20180745 0.48467785937499996 0.225086540625 0.47733142187500005 0.250320746875 0.47559209999999996 0.27165450625 0.47753885625 0.2741658953125 0.49062715937499995 0.2543741203125 0.5029903078125 0.21268904531250002 0.5037305375 0.20251012968749998
1 0.5559401078125 0.217467928125 0.5503329890625 0.2213683734375 0.541878428125 0.236004009375 0.53274569375 0.2556591640625 0.5286039578125 0.2712739875 0.5378457265625001 0.2733722453125 0.5417028921875 0.27114388749999996 0.55556776875 0.2484243296875 0.5559401078125 0.217467928125
1 0.6005913578125 0.2855486703125 0.612644225 0.26966060000000003 0.6183391125 0.24819021718749998 0.616837384375 0.2292247 0.619684828125 0.21848950781249998 0.61579131875 0.21346673124999999 0.6110591765625 0.2165311328125 0.6054884015625001 0.227682715625 0.599881284375 0.2315831609375 0.5895890031250001 0.265460821875 0.593099540625 0.2817783265625 0.6005913578125 0.2855486703125
1 0.676072478125 0.2250836203125 0.6700096984374999 0.2257765171875 0.648306378125 0.26327159375 0.645360534375 0.27191504843750003 0.6510403421875 0.2825168796875 0.6560676859375 0.2857276875 0.6628086390625 0.2800152734375 0.6772426578124999 0.23052278906249998 0.676072478125 0.2250836203125
1 0.7263716359375 0.24478116718749998 0.7243885375 0.23501864062500002 0.715700828125 0.2382196671875 0.701624071875 0.2888279609375 0.7021781328125 0.2941272453125 0.71048286875 0.30222094843749997 0.71475935 0.295948996875 0.7202937781250001 0.277546278125 0.7263716359375 0.24478116718749998
1 0.787403659375 0.2658808140625 0.7870100546875001 0.257513865625 0.7859382765625 0.25416643437499997 0.7783844046875 0.255555490625 0.7676621734375 0.273815065625 0.7589230421875001 0.30183716718750003 0.7591561875 0.313271778125 0.765156909375 0.31773828125 0.774325990625 0.305334265625 0.787403659375 0.2658808140625
1 0.8329963890625001 0.2762322265625 0.8213477578124999 0.3201489171875 0.8209647859375 0.331443646875 0.841446503125 0.3133304765625 0.8427407953125 0.3084508453125 0.8430147328125001 0.2754027046875 0.8372728703125001 0.26996027499999997 0.8329963890625001 0.2762322265625
1 0.9115022296875 0.2930215578125 0.9099747890625001 0.2864665796875 0.90494744375 0.2832557703125 0.8978492328125001 0.287852375 0.8930550328125 0.296076178125 0.8875206046875 0.3144788984375 0.8796821625 0.32925441875 0.884166078125 0.3468276171875 0.8969334640625 0.33317116874999997 0.9115022296875 0.2930215578125
1 0.937877375 0.3807509328125 0.9596427500000001 0.33809645625 0.964327915625 0.308119240625 0.9558006640625001 0.3082526015625 0.9449179765625001 0.329579840625 0.9366965625000001 0.3556500890625 0.937877375 0.3807509328125
1 0.0906654921875 0.33636105 0.1000570875 0.3157299703125 0.108941596875 0.3167124171875 0.11219772343750001 0.2822719609375 0.110313025 0.274601171875 0.1062590578125 0.2726460578125 0.0917417171875 0.2879745921875 0.0791454203125 0.318225053125 0.07436185468749999 0.34611053125 0.0813616671875 0.339422190625 0.0906654921875 0.33636105
1 0.182347403125 0.3157886671875 0.18688274375 0.30854079218749997 0.1718627640625 0.29374896562499997 0.1665145046875 0.29667348437499996 0.1564704484375 0.30991354375 0.1454273015625 0.33430844375 0.13954624843750002 0.3712570296875 0.156947375 0.352444440625 0.1728831203125 0.3219174734375 0.182347403125 0.3157886671875
1 0.26045963906249997 0.3242110546875 0.26048535 0.311800515625 0.2578240765625 0.30705750468750004 0.251662896875 0.3056586671875 0.2436276515625 0.3162507125 0.230291125 0.3566800921875 0.2347129828125 0.379412690625 0.249033521875 0.3599006828125 0.2524607375 0.3420542375 0.26045963906249997 0.3242110546875
1 0.3314222359375 0.36205111875 0.34139360625 0.334308784375 0.3394725625 0.319386859375 0.33541859375 0.31743174375 0.3276422078125 0.32704786406249997 0.31233321406250003 0.3773763921875 0.310976865625 0.38741542500000004 0.3129236203125 0.38992681406249996 0.316521925 0.38867437968749996 0.3314222359375 0.36205111875
1 0.4036427859375 0.3877604140625 0.405713653125 0.3799530015625 0.4038910109375 0.3671228109375 0.4091045234375 0.35485541875000004 0.41217448125 0.3358931625 0.4070487359375 0.3305906171875 0.40154001875 0.3365828 0.38864852031249997 0.36055804999999996 0.3860599359375 0.3703173140625 0.38980361874999997 0.39806943125 0.4036427859375 0.3877604140625
1 0.46949916406250003 0.33649183125 0.46240095156249994 0.34108843437499997 0.4578656125 0.3483363109375 0.4451088578125 0.3816544359375 0.4483605375 0.3989478671875 0.45189678750000006 0.4028548359375 0.465699609375 0.3852946796875 0.47420559375 0.3458379671875 0.46949916406250003 0.33649183125
1 0.5123384046874999 0.411404059375 0.5159987671875 0.4049922265625 0.5230969796875 0.400395621875 0.5265756203125 0.3577281 0.5244320640625 0.3510332390625 0.51723545 0.35353810625 0.5019778796875001 0.37904555625 0.4987731765625 0.38866493750000003 0.5006942203125 0.4035868640625 0.505783621875 0.4016382734375 0.5123384046874999 0.411404059375
1 0.5790546812499999 0.3913716484375 0.5815448640625 0.3795206453125 0.5876697 0.37366834843749996 0.58918650625 0.36056165 0.5864268296875 0.353726903125 0.5785156984375 0.35400014999999996 0.553990646875 0.3898198796875 0.550169825 0.399299378125 0.552386071875 0.420496515625 0.55618118125 0.42342755624999995 0.5790546812499999 0.3913716484375
1 0.6162549046875 0.4111992953125 0.6147381000000001 0.4243059921875 0.616622796875 0.43197678125000005 0.62255083125 0.42194100937499995 0.6281579484375001 0.41804056406249995 0.6344326078125 0.38945892656250003 0.641038815625 0.37440363906249996 0.640287953125 0.3649208796875 0.6364928421875 0.3619898390625 0.6316623015625 0.3629625046875 0.628260796875 0.3683984125 0.6227884234375 0.3816417328125 0.6162549046875 0.4111992953125
1 0.68756413125 0.4304934953125 0.699321796875 0.40833021406250003 0.70268695625 0.39564316875 0.7012215734375 0.383928790625 0.6974264640625 0.38099775 0.6926943234375 0.384062153125 0.687480809375 0.39632954531250003 0.6775094421875 0.424071878125 0.675536975 0.43397102656250003 0.67959094375 0.4359261421875 0.68756413125 0.4304934953125
1 0.75494795 0.38577989218750003 0.749698090625 0.390796146875 0.7324680531250001 0.42620274843750006 0.7290044921875001 0.4367980546875 0.7290771828125 0.45130033125 0.7483630078125 0.44015853125 0.7657535015625 0.40168426718749994 0.764386521875 0.392061625 0.75494795 0.38577989218750003
1 0.785573865625 0.4796478546875 0.7891358265624999 0.47114428437500006 0.806376496875 0.45539935781249996 0.8165446671875 0.43184049843750005 0.8157574593750001 0.41510660312500003 0.8190242187500001 0.4003278203125 0.8172379203125001 0.39474876875 0.8096840468750001 0.396137825 0.79782798125 0.41620936875 0.7936241890625 0.43698359375000007 0.7877945578125 0.449111103125 0.785573865625 0.4796478546875
1 0.8750909515625 0.41305725937500004 0.870876528125 0.414169809375 0.8594397765625 0.4301977625 0.8483966296875 0.454592665625 0.852756434375 0.48248466562500003 0.8694430437499999 0.46144045624999996 0.8718968828125 0.442338315625 0.8787256046874999 0.4190559625 0.8750909515625 0.41305725937500004
1 0.9254477218750001 0.47932929375000005 0.9379713296875 0.43457655781250004 0.9361486875 0.42174636874999993 0.92972865 0.42132345625 0.9227288375 0.428011796875 0.9166146359375 0.45352577031249997 0.907285096875 0.46899745 0.91293919375 0.4920098171875 0.918903571875 0.48922518281249994 0.9254477218750001 0.47932929375000005
1 0.9906986140624999 0.44758250312500003 0.990305009375 0.43921555625 0.9865099031250001 0.436284515625 0.9811616437499999 0.439209034375 0.9662976750000001 0.4730834328125 0.9636106890624999 0.48075096093749997 0.9636213218749999 0.5004126359375001 0.9689075265625 0.50264751875 0.979826559375 0.48857141718749997 0.9906986140624999 0.44758250312500003
1 0.05721514062500001 0.4156810828125 0.0499201265625 0.4160942109375 0.0457420453125 0.4244578984375 0.034352273437500004 0.46739866562500004 0.034166103125 0.4828768671875 0.03656851875 0.48859580312500006 0.05069225468750001 0.4649003203125 0.060145906250000006 0.43910984218750004 0.05721514062500001 0.4156810828125
1 0.117087615625 0.45100323593749997 0.10669693281249999 0.48278915937500005 0.1056357875 0.4991034046875 0.12394823749999999 0.4867059109375 0.136052528125 0.4459967640625 0.13504280625 0.43748993281250004 0.129140484375 0.43511516562499997 0.117087615625 0.45100323593749997
1 0.1889101140625 0.520079471875 0.2002227515625 0.5143703187499999 0.208444165625 0.4883000703125 0.217711646875 0.477987790625 0.21381813749999998 0.4729650140625 0.2149156265625 0.4639019078125 0.2108253140625 0.45469565625 0.2058963703125 0.45357658437500004 0.200128796875 0.46054469375 0.19546934375 0.47811137031250006 0.1822205828125 0.5009708109375001 0.1889101140625 0.520079471875
1 0.27260375468750003 0.53701195 0.27982608125 0.5220965453125 0.29424501875 0.504676275 0.303082553125 0.478745909375 0.3021712296875 0.472330815625 0.29451895625 0.47162813437500006 0.2827870046875 0.48138087812499997 0.2743324421875 0.49601651406249997 0.26296837968750003 0.52654674375 0.2585677859375 0.5431374953125 0.2622644953125 0.5439767984375 0.27260375468750003 0.53701195
1 0.362189084375 0.5366575203124999 0.3728022828125 0.49664453281250004 0.37205141875000003 0.48716177343749995 0.36640795625 0.48381108125 0.3584711109375 0.496494865625 0.3543293765625 0.5121096890625 0.344580521875 0.5316249578125001 0.3494474109375 0.53790343125 0.35045713125 0.5464102625 0.362189084375 0.5366575203124999
1 0.4353511109375 0.5046374828125 0.4333316671875 0.48762381875000005 0.4190474734375 0.514386965625 0.404799625 0.5484012468749999 0.403246475 0.5542568078125 0.40590775 0.5589998171875 0.4196848578125 0.5538502000000001 0.42943371093750005 0.5343349296875 0.4353511109375 0.5046374828125
1 0.48497209531249996 0.5293545453124999 0.490863784375 0.5120676359375 0.4893984015625 0.5003532578125001 0.4858621515625 0.4964462890625 0.47782690624999996 0.5070383359374999 0.465883071875 0.5446798187499999 0.46384854999999997 0.5597383687499999 0.46541233281250005 0.5735444843749999 0.4853399875 0.55013203125 0.48497209531249996 0.5293545453124999
1 0.5387241828125 0.518795109375 0.5277537265625 0.5576922875 0.5327553593750001 0.5733136328125 0.5399156281249999 0.5635576296875 0.5505031125000001 0.535955178125 0.553635128125 0.5118335234375 0.5458844515625 0.5090391046875 0.5387241828125 0.518795109375
1 0.5961215531249999 0.5338960515625 0.5795803234375 0.5839448109375 0.583214975 0.589943515625 0.597768659375 0.58186611875 0.608516603125 0.55119600625 0.610059121875 0.525678771875 0.603022965625 0.5251159750000001 0.5961215531249999 0.5338960515625
1 0.650532290625 0.6021232015625 0.6598618296875001 0.586651521875 0.666395346875 0.5570939578125 0.6662606 0.547751084375 0.663081609375 0.544959928125 0.6564027125 0.545512940625 0.6517689734375 0.5506690812499999 0.6456547718750001 0.5761830531250001 0.637039753125 0.593886353125 0.641942984375 0.6074159640625 0.650532290625 0.6021232015625
1 0.7217839078125 0.5748429140625 0.7234248265625001 0.551417415625 0.7136653390625 0.551271009375 0.710165434375 0.55461518125 0.7001063000000001 0.5999274515625 0.699143553125 0.6183334328125001 0.70144756875 0.62196063125 0.7155713031250001 0.59826515 0.7217839078125 0.5748429140625
1 0.7753755375 0.5673511390625 0.7687329859375 0.5751552906249999 0.7621267765625 0.5902105796875 0.75529805625 0.6134929328125 0.7576747609375001 0.63162240625 0.769567171875 0.618802 0.7802894015625 0.600542425 0.784099590625 0.5714012515625 0.7753755375 0.5673511390625
1 0.8341656015625001 0.5796641874999999 0.8267207624999999 0.6028066562500001 0.8174896265625 0.6203700734375001 0.8154187578125001 0.628177484375 0.8206792484375001 0.6428229046875 0.8391521546874999 0.627357746875 0.84296234375 0.598216575 0.8419783328125 0.5772992046875001 0.8341656015625001 0.5796641874999999
1 0.8828708187500001 0.6497000453124999 0.8913980703125001 0.6495666828125 0.9136191078125 0.610119753125 0.9151359140625 0.59701305625 0.9070279796875 0.5931028281249999 0.9009031437499999 0.5989551265624999 0.8958864328124999 0.6154059937499999 0.8857439749999999 0.626554315625 0.88091343125 0.6275269812500001 0.8763780921875 0.63477485625 0.8769321531250001 0.6400741421875 0.8828708187500001 0.6497000453124999
1 0.9578448546875 0.610848521875 0.9545674625 0.6059656296875 0.9415412171875 0.620598003125 0.9323207124999999 0.6578230953124999 0.9334288359375 0.668421665625 0.9414383687500001 0.67024015625 0.9549823328124999 0.653655928125 0.9590256671875 0.6359493656249999 0.9578448546875 0.610848521875
1 0.9190736953125 0.8038119890625 0.9168937921874999 0.7898659890624999 0.908884259375 0.7880474984375 0.90269736875 0.799059196875 0.8979758578125001 0.8217852734375001 0.8976655765625001 0.8475822765625001 0.9021752031249999 0.8527449390624999 0.9085588984375 0.8459167140625 0.9190736953125 0.8038119890625
1 0.8681663437499999 0.9784995750000001 0.868170790625 0.9793868296875001 0.8731877484374999 0.9792700578125 0.8880012203125001 0.9234215453125 0.8874929609375 0.9228750234374999 0.8791988578125001 0.9344429984374999 0.8681663437499999 0.9784995750000001
1 0.816354825 0.9201748359374999 0.80984701875 0.9373218609375 0.8086995874999999 0.9539614140625 0.8050634546875 0.965207340625 0.806269978125 0.977897646875 0.8041710234374999 0.9808764406250001 0.8148642953125 0.9806275515625 0.8299927421875 0.9574162328125 0.8272481468749999 0.9185092718750001 0.8207297062500001 0.9159946234375 0.816354825 0.9201748359374999
1 0.8425101640625 0.8412679328125 0.851974446875 0.835139128125 0.8586427109375 0.8149244390625 0.8613190640624999 0.787595234375 0.8460145156250001 0.7861898734375 0.8385590437499999 0.7896706671875 0.8417123203125 0.8048723609374999 0.8326779875 0.8266192515625 0.8373223609375 0.8411247890625001 0.8425101640625 0.8412679328125
1 0.780763621875 0.817936665625 0.784201471875 0.8197518953125 0.79696885625 0.8060954453125 0.803083059375 0.7805814734375 0.8012604187499999 0.76775128125 0.8043667203125 0.7560401640625 0.803196540625 0.7506009953125 0.7944724890625 0.7465508828125 0.7881871953124999 0.7554708453125001 0.7823939078125 0.7748494921875 0.774037746875 0.791576865625 0.780763621875 0.817936665625
1 0.7710209546875 0.9088474984375001 0.769752375 0.9013165921875 0.7653411453125 0.8982456687499999 0.758859053125 0.90298215625 0.75416325625 0.9132976953125 0.7448700625 0.9360205125000001 0.7498459828125 0.9640523968749999 0.753123375 0.9689352906250001 0.7662116765625 0.9491435140625001 0.7710209546875 0.9088474984375001
1 0.6369616515625001 0.9291107625 0.6446759796875 0.92465404375 0.652871684375 0.9109943328125001 0.6612535546875 0.8818564203125 0.6612429234375 0.8621947453125 0.6566348953125 0.8549403468750001 0.6489205640625 0.8593970671875001 0.6395289703125 0.8800281468750001 0.64073549375 0.8927184531250001 0.6354599234375 0.9101452453125001 0.6369616515625001 0.9291107625
1 0.69481468125 0.9474192531250001 0.69883230625 0.9421232296875001 0.7128833515624999 0.9039254718749999 0.7150783328125 0.8857992593749999 0.7085598937500001 0.8832846109375 0.7035688921875 0.8873249390625 0.6899992203124999 0.91631970625 0.6860179421875 0.928866865625 0.6868672046875 0.9404413609375 0.6890107624999999 0.9471362234375 0.69481468125 0.9474192531250001
1 0.7246605421875 0.7979560890624999 0.7296878890625 0.8011668984375 0.7359731796875 0.7922469359375001 0.745266371875 0.7695241187499999 0.7510339484374999 0.7625560109375 0.7509612578125 0.7480537359375 0.7445305890625 0.7279691484375 0.746958715625 0.7212775453125 0.7434588109375 0.724621715625 0.7214966296875 0.7630927203125 0.71738060625 0.7662970062500001 0.7246605421875 0.7979560890624999
1 0.6881535703125 0.7410367109375 0.6937500578125 0.717474590625 0.692025815625 0.7067361390625 0.6824631328125 0.7107732078125 0.6778657359375 0.723180484375 0.668287971875 0.7592897640625 0.678083803125 0.7666873078124999 0.6851820140625 0.7620907046875 0.688547175 0.749403659375 0.6881535703125 0.7410367109375
1 0.574350765625 0.9262772125 0.5867608921875 0.9115049515625 0.591580803125 0.8908706109375 0.597964496875 0.8840423859375001 0.595142765625 0.882367040625 0.597436146875 0.866332565625 0.59386355 0.8551744609374999 0.5875419140625 0.8568432843749999 0.5831049765625 0.8661828984375 0.5762141984375 0.8946246500000001 0.5619920609375 0.9162283953125 0.574350765625 0.9262772125
1 0.600489284375 0.75631306875 0.606847265625 0.7618953828125 0.6067594984375 0.779465321875 0.6098400890625 0.780164740625 0.6192680265625 0.7667847984375 0.62908956875 0.7617718046874999 0.63177655625 0.7541042765625 0.6304867078124999 0.70725001875 0.62808429375 0.7015310828125 0.6222803734375 0.7012480546875001 0.6193965859375 0.704732109375 0.6150943921875001 0.723414596875 0.600489284375 0.75631306875
1 0.566913078125 0.7228224515624999 0.5697968671875 0.719338396875 0.573322484375 0.7035836890625 0.5704644078125 0.694657203125 0.5639459687499999 0.6921425546875 0.55607118125 0.6996669375 0.5517326437500001 0.7110982890625 0.5410831015625 0.7438601375 0.549460528125 0.7664561156249999 0.566664853125 0.743460053125 0.566913078125 0.7228224515624999
1 0.45795589375 0.8750180734375 0.4606535140625 0.88701221875 0.4596544234375 0.8981670625 0.4623156984375 0.9029100734375 0.48184974843750006 0.8711306703125 0.48472290312500005 0.8479849421875001 0.4782922328125 0.827900353125 0.4734616890625 0.8288730187500001 0.46779251562499996 0.8379328656249999 0.46504347343749997 0.85075979375 0.4607669921875 0.85703174375 0.45795589375 0.8750180734375
1 0.5354777234375 0.8708900359375 0.5416903265624999 0.8474678000000001 0.5400281421875001 0.831569946875 0.5343226234375 0.8333786546875 0.5301445421875 0.841742340625 0.5241907984374999 0.86418865 0.514084684375 0.8825881109375 0.52417571875 0.896260865625 0.5354520109375 0.8833005734375 0.5354777234375 0.8708900359375
1 0.4778303859375 0.7532972421874999 0.48564311875 0.7509322593750001 0.50916908125 0.726267371875 0.5108206328125 0.7225035515625 0.5080139796875 0.688755990625 0.50246891875 0.6874970359375 0.496442484375 0.6954410703125 0.4908096546875 0.711752053125 0.479310846875 0.7329394078125 0.477177925 0.7459062203125 0.4736780171875 0.7492503921875 0.4778303859375 0.7532972421874999
1 0.41986832031250004 0.7132353390625 0.4260295 0.7146341796875 0.422565940625 0.7252294859374999 0.425584471875 0.7310883078125 0.4371923125 0.7316543640625001 0.44069221875000003 0.72831019375 0.45225308125 0.7019634390625 0.45904545937499996 0.67142995 0.4589107140625 0.662087075 0.4500262015625 0.6611046265625 0.43900876875000006 0.6730889906249999 0.435742009375 0.6878677718749999 0.42245690625 0.703476075 0.41986832031250004 0.7132353390625
1 0.3911199515625 0.8536353968749999 0.3895668015625 0.8594909562499999 0.39294259375 0.8664655859374999 0.39162258906249997 0.88375575625 0.400149840625 0.8836223953125 0.4133728875 0.8731734921875001 0.414040428125 0.8484923 0.41814582031249997 0.8256263390624999 0.41739495625 0.8161435812500001 0.41359984687500007 0.8132125406249999 0.40329693281249995 0.827428525 0.400030171875 0.8422073062500001 0.3911199515625 0.8536353968749999
1 0.3203497078125 0.8717126937499999 0.33529699687500003 0.8720022453125 0.3416443453125 0.8579228828125001 0.35826889687499996 0.8420380734374999 0.356104075 0.7960198609375 0.3514339890625 0.7939248625 0.3467018484375 0.7969892656249999 0.3391586078125 0.8180399968750001 0.3210172484375 0.8470315015625 0.316171628125 0.88007638125 0.3203497078125 0.8717126937499999
1 0.365551540625 0.6988338171875 0.371329746875 0.7115273828124999 0.371205634375 0.7218461828125 0.3749023421875 0.7226854875 0.3847495953125 0.7052619546875001 0.38999945468749997 0.7002457 0.3936961625 0.701085003125 0.4003644265625 0.6808703140625 0.39380964375 0.6711045265625 0.3954869078125 0.654930165625 0.39062001875 0.6486516953125 0.3792453265625 0.6595202484375 0.373674553125 0.67067183125 0.365551540625 0.6988338171875
1 0.297851253125 0.6979488578125 0.2990214328125 0.7033880265625 0.31522666718750003 0.69154680625 0.3259125546875 0.6660360953125 0.33168013125 0.6590679875000001 0.3338751109375 0.640941771875 0.33137429531249996 0.6331311000000001 0.324596996875 0.6315923765625 0.31785604375 0.637304790625 0.3145272265625 0.6572429734375 0.3027695640625 0.6794062546874999 0.297851253125 0.6979488578125
1 0.28629657656249996 0.7956911765625 0.27916201875 0.79303664375 0.271028371875 0.8015369515625 0.2595144875 0.8547965203125001 0.263247540625 0.8628869625 0.27076506718750004 0.8542467671875 0.282843646875 0.8259481609374999 0.28879739375 0.8035018515625 0.28629657656249996 0.7956911765625
1 0.1924303171875 0.854051446875 0.20782263437499998 0.8378868703125001 0.21608039375 0.819067759375 0.2216041890625 0.7810033640625 0.2163179875 0.77876848125 0.21035360937499997 0.781553115625 0.191435675 0.8134724015625 0.1869366796875 0.827971415625 0.190053615625 0.8359219734375 0.1889924671875 0.8522362171875001 0.1924303171875 0.854051446875
1 0.173876796875 0.6604893125 0.1807055171875 0.637206959375 0.17872241875 0.627444434375 0.1808553421875 0.614477621875 0.177836809375 0.6086188 0.1735239828125 0.6076396140625 0.1624081484375 0.617532240625 0.15292878593749998 0.655733259375 0.1545289140625 0.6767905125 0.1594578578125 0.677909584375 0.173876796875 0.6604893125
1 0.242529196875 0.6233066140625 0.22928043593749997 0.646166053125 0.22568212812500002 0.6474184859375 0.2221201671875 0.655922059375 0.2267281953125 0.66317645625 0.2235598375 0.680046975 0.22515996718750003 0.701104228125 0.22973165 0.701107490625 0.23531305625 0.7096175828125 0.241525659375 0.6861953468750001 0.24956090468749997 0.6756032984375 0.249426159375 0.666260425 0.2526308625 0.65664104375 0.2506477609375 0.6468785171875 0.2531016015625 0.627776378125 0.24674361875 0.622194065625 0.242529196875 0.6233066140625
1 0.143378475 0.8025614546875 0.14796523749999999 0.7704925031250001 0.1450451046875 0.76672541875 0.13528561875 0.7665790125 0.1165901984375 0.790271234375 0.10585288906250001 0.840603021875 0.105273115625 0.8477142765625001 0.10906822499999999 0.8506453171875 0.12786204375000002 0.8290448328125001 0.143378475 0.8025614546875
1 0.007900765625 0.8380231515625001 0.0096870640625 0.8436022046874999 0.013999889062500001 0.8445813921875001 0.0300703796875 0.8233972984375001 0.052032559374999995 0.7849262953125 0.055387085937500004 0.7525775765625 0.04358244375 0.7478280421875 0.030074825 0.771663409375 0.0244677078125 0.7755638546875 0.021780721875 0.7832313828124999 0.0218534109375 0.7977336578124999 0.007900765625 0.8380231515625001
1 0.0614951015625 0.6556680375 0.0677546828125 0.6591586140625 0.0752722109375 0.650518421875 0.082567225 0.650105290625 0.0920572203125 0.6315659484375 0.093206134375 0.597681765625 0.08561591562500001 0.591819684375 0.07657095 0.5939049 0.068473646875 0.6096563453125 0.0678318171875 0.621927 0.058797484375 0.6436738906249999 0.0614951015625 0.6556680375
1 0 0.6279603703125 0.0093263234375 0.5962274890625 0.0024142796875 0.585345890625 0 0.588528390625 0 0.6279603703125