1 0.0828796125 0.107007575 0.085904415625 0.0700757578125 0.0822746515625 0.0558712125 0.075620084375 0.0482954546875 0.071385359375 0.053977273437499994 0.06836055625000001 0.08143939375 0.06412583125 0.0918560609375 0.063520871875 0.09943181875 0.0707804 0.111742425 0.07622504531249999 0.11268939375 0.0828796125 0.107007575
1 0.1542649734375 0.0871212125 0.15305505156250002 0.053977273437499994 0.150635209375 0.04356060625 0.146400484375 0.0388257578125 0.14337568125 0.0397727265625 0.1373260734375 0.058712121875 0.13551119218750002 0.084280303125 0.1397459171875 0.0918560609375 0.142165759375 0.1079545453125 0.1542649734375 0.0871212125
1 0.22988505781250002 0.0871212125 0.229280096875 0.051136364062499995 0.2244404109375 0.0388257578125 0.22020568593749998 0.0397727265625 0.216575921875 0.046401515625 0.2081064734375 0.0738636359375 0.208711434375 0.0861742421875 0.21355111875000002 0.096590909375 0.216575921875 0.097537878125 0.22988505781250002 0.0871212125
1 0.2867513609375 0.1136363640625 0.2994555359375 0.0918560609375 0.2994555359375 0.061553029687500004 0.29461585 0.0397727265625 0.28856624375 0.0397727265625 0.28433151875 0.0482954546875 0.278886871875 0.065340909375 0.278886871875 0.075757575 0.28433151875 0.10984848437500001 0.2867513609375 0.1136363640625
1 0.35995160312499996 0.0710227265625 0.3551119171875 0.0321969703125 0.3490623109375 0.03125 0.34482758593749996 0.0426136359375 0.339382940625 0.07481060625 0.349667271875 0.09280302968750001 0.3569268 0.09848484843750001 0.35995160312499996 0.0710227265625
1 0.4258923171875 0.065340909375 0.424077434375 0.044507575 0.4186327890625 0.0426136359375 0.4143980640625 0.047348484375 0.40774349687500006 0.075757575 0.406533575 0.08806818125 0.4113732609375 0.1022727265625 0.424077434375 0.0918560609375 0.4258923171875 0.065340909375
1 0.47791893593749996 0.051136364062499995 0.47307924999999995 0.0426136359375 0.47005444687500003 0.044507575 0.46763460312499994 0.053977273437499994 0.46279491874999995 0.08806818125 0.474289171875 0.10321969687500002 0.47912885625 0.0918560609375 0.47791893593749996 0.051136364062499995
1 0.5287356328125 0.0852272734375 0.5287356328125 0.06818181875 0.5232909859375 0.0359848484375 0.51663641875 0.034090909375 0.5142165765625 0.040719696875 0.5117967328125 0.0852272734375 0.5172413796875001 0.097537878125 0.5220810640625 0.09848484843750001 0.5287356328125 0.0852272734375
1 0.576527525 0.1051136359375 0.577737446875 0.09375 0.5741076828125 0.05208333281250001 0.5680580765625 0.051136364062499995 0.5644283125 0.06344697031249999 0.5626134296874999 0.09943181875 0.567453115625 0.1107954546875 0.5728977609375 0.10984848437500001 0.576527525 0.1051136359375
1 0.63460375 0.10984848437500001 0.63460375 0.0918560609375 0.6303690265624999 0.0606060609375 0.6225045375 0.059659090625 0.621294615625 0.0643939390625 0.62008469375 0.08806818125 0.6158499703125 0.107007575 0.6267392625 0.11553030312499998 0.63460375 0.10984848437500001
1 0.6848154875 0.1164772734375 0.6914700546875 0.1164772734375 0.693889896875 0.1003787875 0.68663036875 0.058712121875 0.681790684375 0.053977273437499994 0.6739261953125 0.065340909375 0.6757410765625 0.07670454531250001 0.6696914703125 0.09943181875 0.6781609203125 0.1051136359375 0.6848154875 0.1164772734375
1 0.74894131875 0.107007575 0.7441016328125001 0.0558712125 0.7380520265625 0.0558712125 0.7350272234374999 0.066287878125 0.7344222625 0.10890151562499999 0.7362371453125001 0.1164772734375 0.7441016328125001 0.121212121875 0.74894131875 0.107007575
1 0.8021778578125 0.111742425 0.8076225046875001 0.10890151562499999 0.8064125828125001 0.0871212125 0.7991530546875001 0.061553029687500004 0.7924984875 0.0625 0.789473684375 0.0710227265625 0.7882637625 0.07954545468749999 0.791288565625 0.10606060625 0.79854809375 0.12310606093750001 0.8021778578125 0.111742425
1 0.8626739265625 0.09375 0.857834240625 0.059659090625 0.849364790625 0.05208333281250001 0.8439201453124999 0.05681818125 0.8445251062500001 0.10321969687500002 0.8529945546875 0.1164772734375 0.8602540828125 0.1145833328125 0.8626739265625 0.09375
1 0.9128856624999999 0.10984848437500001 0.9159104656249999 0.11268939375 0.9165154265625001 0.09280302968750001 0.911675740625 0.0482954546875 0.9038112515625001 0.04356060625 0.8971566843750001 0.05681818125 0.8965517234375 0.0918560609375 0.899576528125 0.10321969687500002 0.907441015625 0.111742425 0.9128856624999999 0.10984848437500001
1 0.0719903203125 0.2234848484375 0.075620084375 0.2102272734375 0.075620084375 0.1893939390625 0.07259528125 0.174242425 0.0677555953125 0.1647727265625 0.06412583125 0.1647727265625 0.06231095 0.17045454531249998 0.0598911078125 0.202651515625 0.06412583125 0.2272727265625 0.0677555953125 0.22821969687500002 0.0719903203125 0.2234848484375
1 0.1488203265625 0.169507575 0.14700544531249998 0.15625 0.14337568125 0.152462121875 0.1385359953125 0.1543560609375 0.13309134843749998 0.16856060625 0.13248638906250002 0.20643939375000003 0.13551119218750002 0.2206439390625 0.1451905625 0.205492425 0.1488203265625 0.169507575
1 0.21294615781249998 0.21117424218749997 0.2226255296875 0.202651515625 0.23049001875 0.1647727265625 0.22807017499999999 0.15340909062500002 0.21899576562499998 0.1477272734375 0.208711434375 0.16856060625 0.2099213546875 0.1789772734375 0.2068965515625 0.1979166671875 0.2099213546875 0.20928030312499998 0.21294615781249998 0.21117424218749997
1 0.29461585 0.19981060625 0.297640653125 0.1628787875 0.2909860859375 0.1458333328125 0.28735632187500004 0.1458333328125 0.283121596875 0.1553030296875 0.2776769515625 0.19696969687500002 0.281306715625 0.2102272734375 0.2867513609375 0.2102272734375 0.29461585 0.19981060625
1 0.361161525 0.19034090937499998 0.36055656406250003 0.15909090937499998 0.355716878125 0.142992425 0.35208711406250004 0.14204545468750002 0.3490623109375 0.14678030312499998 0.345432546875 0.1638257578125 0.34482758593749996 0.1884469703125 0.3478523890625 0.19981060625 0.351482153125 0.2017045453125 0.361161525 0.19034090937499998
1 0.42528735624999997 0.1515151515625 0.41984271093750003 0.1335227265625 0.415003025 0.1354166671875 0.40895341875 0.16193181875 0.40895341875 0.183712121875 0.41258318281250006 0.205492425 0.42105263125 0.1789772734375 0.42528735624999997 0.1515151515625
1 0.4736842109375 0.200757575 0.47549909218749997 0.1979166671875 0.476104053125 0.1553030296875 0.4736842109375 0.142992425 0.4664246828125 0.14204545468750002 0.45977011562500003 0.169507575 0.45856019375 0.19318181875 0.461584996875 0.200757575 0.46521476093749997 0.2045454546875 0.4736842109375 0.200757575
1 0.528130671875 0.1458333328125 0.52087114375 0.14204545468750002 0.5172413796875001 0.15340909062500002 0.5130066546875 0.1960227265625 0.5214761046875 0.2140151515625 0.531155475 0.19696969687500002 0.528130671875 0.1458333328125
1 0.575922565625 0.2045454546875 0.57894736875 0.1941287875 0.575922565625 0.15625 0.5686630375 0.14393939375 0.5656382328125 0.1486742421875 0.5644283125 0.1628787875 0.5680580765625 0.1979166671875 0.5710828796875 0.203598484375 0.575922565625 0.2045454546875
1 0.629764065625 0.1922348484375 0.63460375 0.169507575 0.6273442218749999 0.1448863640625 0.6231094984375 0.1448863640625 0.619479734375 0.15340909062500002 0.619479734375 0.174242425 0.6164549296875 0.19034090937499998 0.6231094984375 0.205492425 0.629764065625 0.1922348484375
1 0.6811857234375001 0.20928030312499998 0.6854204484374999 0.20833333281250002 0.6890502125 0.200757575 0.6926799765625 0.169507575 0.6896551718749999 0.1496212125 0.6848154875 0.1477272734375 0.68239564375 0.152462121875 0.6787658796875 0.1770833328125 0.6739261953125 0.1884469703125 0.677555959375 0.205492425 0.6811857234375001 0.20928030312499998
1 0.7441016328125001 0.21117424218749997 0.7525710828125 0.200757575 0.747731396875 0.1571969703125 0.7441016328125001 0.152462121875 0.739866909375 0.15340909062500002 0.7362371453125001 0.1647727265625 0.737447065625 0.171401515625 0.7344222625 0.2017045453125 0.739866909375 0.2102272734375 0.7441016328125001 0.21117424218749997
1 0.8166969140625 0.19981060625 0.8173018750000001 0.1922348484375 0.81306715 0.1827651515625 0.810042346875 0.1581439390625 0.8021778578125 0.1553030296875 0.797943134375 0.1628787875 0.8003629765625 0.203598484375 0.8027828187500001 0.21496212187500002 0.8076225046875001 0.2168560609375 0.8166969140625 0.19981060625
1 0.86085904375 0.1571969703125 0.8572292796875001 0.15625 0.8523895953125 0.16193181875 0.84875983125 0.18465909062500002 0.849364790625 0.21117424218749997 0.8650937687500001 0.2206439390625 0.8644888078124999 0.1666666671875 0.86085904375 0.1571969703125
1 0.9207501515625 0.200757575 0.9165154265625001 0.1571969703125 0.911675740625 0.15056818125 0.907441015625 0.15056818125 0.9038112515625001 0.15625 0.9038112515625001 0.1884469703125 0.907441015625 0.2045454546875 0.9159104656249999 0.2102272734375 0.9207501515625 0.200757575
1 0.06836055625000001 0.3371212125 0.0707804 0.3020833328125 0.06412583125 0.28882575781250003 0.059286146875 0.28882575781250003 0.056866303124999996 0.29356060624999997 0.05505142187499999 0.334280303125 0.056261343750000005 0.3446969703125 0.0598911078125 0.3484848484375 0.06836055625000001 0.3371212125
1 0.1445856015625 0.3323863640625 0.150635209375 0.3058712125 0.1427707203125 0.27840909062499997 0.13551119218750002 0.27840909062499997 0.131881428125 0.29356060624999997 0.1300665453125 0.327651515625 0.1312764671875 0.34090909062499997 0.13551119218750002 0.3484848484375 0.1445856015625 0.3323863640625
1 0.22202056875 0.33143939375000003 0.22383545 0.28882575781250003 0.22141560781249997 0.2821969703125 0.2153660015625 0.2803030296875 0.21294615781249998 0.2831439390625 0.2081064734375 0.30681818125000004 0.2075015125 0.328598484375 0.20931639375 0.33806818125000004 0.21355111875000002 0.3418560609375 0.22202056875 0.33143939375000003
1 0.3000604953125 0.297348484375 0.29461585 0.277462121875 0.290381125 0.2765151515625 0.28614639999999997 0.2831439390625 0.2837265578125 0.32954545468749996 0.291591046875 0.334280303125 0.2994555359375 0.325757575 0.3000604953125 0.297348484375
1 0.364186328125 0.3172348484375 0.36479128906249997 0.277462121875 0.36055656406250003 0.26893939375000003 0.3569268 0.267992425 0.352692075 0.2746212125 0.345432546875 0.3058712125 0.34482758593749996 0.30965909062499997 0.351482153125 0.3143939390625 0.3569268 0.330492425 0.364186328125 0.3172348484375
1 0.41923775 0.30681818125000004 0.42044767031249997 0.266098484375 0.4186327890625 0.2566287875 0.4113732609375 0.25757575781250003 0.406533575 0.28125 0.40592861406249997 0.3058712125 0.409558378125 0.325757575 0.411978221875 0.327651515625 0.41923775 0.30681818125000004
1 0.4706594078125 0.3115530296875 0.47791893593749996 0.2878787875 0.4706594078125 0.259469696875 0.4664246828125 0.26420454531250004 0.46218995781250005 0.2793560609375 0.45856019375 0.299242425 0.45856019375 0.3143939390625 0.46763460312499994 0.3143939390625 0.4706594078125 0.3115530296875
1 0.5359951609375 0.29545454531250004 0.5359951609375 0.2746212125 0.5299455531249999 0.25757575781250003 0.5299455531249999 0.247159090625 0.52510586875 0.2433712125 0.5214761046875 0.247159090625 0.5190562609375 0.25852272656249997 0.5148215359375 0.263257575 0.513611615625 0.296401515625 0.52087114375 0.3106060609375 0.5287356328125 0.3125 0.5359951609375 0.29545454531250004
1 0.5849969749999999 0.294507575 0.586206896875 0.24621212187500002 0.583787053125 0.2414772734375 0.5783424078125 0.2433712125 0.567453115625 0.2821969703125 0.5668481546875 0.290719696875 0.5747126437500001 0.299242425 0.5801572890625 0.3011363640625 0.5849969749999999 0.294507575
1 0.6370235937500001 0.29829545468749996 0.6376285546875 0.2803030296875 0.6352087109375 0.24905302968749998 0.6309739859375 0.24053030312499998 0.6237144578125 0.2452651515625 0.6231094984375 0.294507575 0.6249243796874999 0.299242425 0.63460375 0.30492424218749997 0.6370235937500001 0.29829545468749996
1 0.6944948578125001 0.294507575 0.6969147 0.25568181874999996 0.6944948578125001 0.2481060609375 0.6926799765625 0.2452651515625 0.6860254078125 0.2481060609375 0.6805807625 0.26704545468749996 0.6793708406250001 0.294507575 0.68239564375 0.30492424218749997 0.6890502125 0.3077651515625 0.6944948578125001 0.294507575
1 0.7586206890625 0.2831439390625 0.7507562015625 0.25284090937500003 0.7441016328125001 0.24905302968749998 0.7416817906250001 0.25568181874999996 0.7416817906250001 0.29829545468749996 0.7441016328125001 0.308712121875 0.7586206890625 0.2878787875 0.7586206890625 0.2831439390625
1 0.8148820328124999 0.294507575 0.818511796875 0.2547348484375 0.8154869937500001 0.24905302968749998 0.810042346875 0.247159090625 0.8045977015625001 0.25284090937500003 0.8021778578125 0.2613636359375 0.8015728984375 0.2793560609375 0.797943134375 0.294507575 0.8064125828125001 0.30965909062499997 0.8148820328124999 0.294507575
1 0.8711433749999999 0.25757575781250003 0.8632788874999999 0.259469696875 0.8584392015625 0.28125 0.8572292796875001 0.30681818125000004 0.8644888078124999 0.32954545468749996 0.8741681796874999 0.2859848484375 0.8711433749999999 0.25757575781250003
1 0.9249848765625 0.30018939375000003 0.9249848765625 0.285037878125 0.921960071875 0.2708333328125 0.9195402296875 0.26420454531250004 0.9128856624999999 0.263257575 0.9086509375 0.27367424218749997 0.909860859375 0.3134469703125 0.9140955843749999 0.32102272656249997 0.9195402296875 0.32102272656249997 0.9249848765625 0.30018939375000003
1 0.0689655171875 0.464962121875 0.07259528125 0.44412878750000007 0.08106473125 0.44318181875 0.075620084375 0.4109848484375 0.0719903203125 0.4043560609375 0.0677555953125 0.403409090625 0.058076225 0.42045454531250004 0.0538415 0.450757575 0.056261343750000005 0.47727272656249997 0.061101028125 0.4696969703125 0.0689655171875 0.464962121875
1 0.1415607984375 0.434659090625 0.1488203265625 0.4270833328125 0.15124016875 0.419507575 0.13369630937500002 0.409090909375 0.129461584375 0.41287878750000007 0.123411978125 0.4270833328125 0.11917725312500001 0.45170454531250004 0.1228070171875 0.486742425 0.1343012703125 0.465909090625 0.1415607984375 0.434659090625
1 0.22020568593749998 0.4365530296875 0.223230490625 0.41856060624999997 0.22020568593749998 0.4071969703125 0.216575921875 0.403409090625 0.210526315625 0.403409090625 0.2056866296875 0.41477272656249997 0.2032667875 0.45454545468749996 0.21294615781249998 0.47443181875 0.22141560781249997 0.45359848437499994 0.22020568593749998 0.4365530296875
1 0.2909860859375 0.465909090625 0.2982456140625 0.4384469703125 0.30066545625 0.4109848484375 0.29522081093749997 0.39772727343750003 0.2909860859375 0.396780303125 0.28614639999999997 0.4071969703125 0.28433151875 0.45643939375000003 0.2855414390625 0.465909090625 0.2879612828125 0.4678030296875 0.2909860859375 0.465909090625
1 0.37144585625 0.446969696875 0.37144585625 0.4393939390625 0.3666061703125 0.428030303125 0.368421053125 0.415719696875 0.3666061703125 0.39772727343750003 0.36055656406250003 0.39393939375000003 0.3569268 0.40056818125 0.35087719375000004 0.42518939375000003 0.35087719375000004 0.434659090625 0.361161525 0.459280303125 0.37144585625 0.446969696875
1 0.428312159375 0.43181818125 0.426497278125 0.39393939375000003 0.41984271093750003 0.3863636359375 0.4143980640625 0.39204545468749996 0.411978221875 0.3996212125 0.40834845781249995 0.4327651515625 0.4156079859375 0.4479166671875 0.41984271093750003 0.450757575 0.428312159375 0.43181818125
1 0.47791893593749996 0.44602272656249997 0.4797338171875 0.4393939390625 0.4851784640625 0.433712121875 0.47791893593749996 0.39393939375000003 0.474289171875 0.388257575 0.4682395640625 0.39204545468749996 0.46037507499999997 0.41856060624999997 0.45977011562500003 0.428030303125 0.46521476093749997 0.441287878125 0.4694494859375 0.4384469703125 0.47791893593749996 0.44602272656249997
1 0.5347852390625001 0.4138257578125 0.534180278125 0.402462121875 0.538415003125 0.3958333328125 0.5366001203125 0.38352272656249997 0.5323653968750001 0.37784090937500003 0.52510586875 0.3797348484375 0.511191771875 0.41761363593749995 0.5099818515625001 0.4270833328125 0.5172413796875001 0.44602272656249997 0.5214761046875 0.4479166671875 0.5347852390625001 0.4138257578125
1 0.5795523296875 0.44318181875 0.5825771328125 0.4327651515625 0.5868118578125 0.428030303125 0.5856019359375 0.40056818125 0.588021778125 0.3854166671875 0.5849969749999999 0.3768939390625 0.58076225 0.375 0.576527525 0.3768939390625 0.5747126437500001 0.38257575781250003 0.5728977609375 0.3958333328125 0.5741076828125 0.424242425 0.575922565625 0.4365530296875 0.5795523296875 0.44318181875
1 0.6448880828125 0.4270833328125 0.650332728125 0.4043560609375 0.650332728125 0.39204545468749996 0.646098003125 0.3816287875 0.641863278125 0.3797348484375 0.6382335140625 0.38352272656249997 0.6364186328125 0.3958333328125 0.633998790625 0.42329545468749996 0.63460375 0.4327651515625 0.638838475 0.433712121875 0.6448880828125 0.4270833328125
1 0.7102238359374999 0.384469696875 0.706594071875 0.3759469703125 0.6963097406250001 0.37215909062499997 0.6926799765625 0.37784090937500003 0.6854204484374999 0.4138257578125 0.6848154875 0.424242425 0.6884452515625 0.4375 0.70356926875 0.42329545468749996 0.7102238359374999 0.384469696875
1 0.74894131875 0.44318181875 0.7610405328125001 0.42518939375000003 0.764670296875 0.4015151515625 0.7598306109374999 0.3863636359375 0.7592256500000001 0.37215909062499997 0.756200846875 0.36742424218749997 0.7495462796875 0.3702651515625 0.7434966734375 0.391098484375 0.7447065937499999 0.4109848484375 0.7422867515625 0.42329545468749996 0.747731396875 0.45170454531250004 0.74894131875 0.44318181875
1 0.818511796875 0.3996212125 0.8191167578125 0.3768939390625 0.8142770718750001 0.37215909062499997 0.8106473078124999 0.3740530296875 0.8039927406249999 0.391098484375 0.7997580156249999 0.415719696875 0.8106473078124999 0.440340909375 0.8209316390625 0.41761363593749995 0.818511796875 0.3996212125
1 0.87356321875 0.4327651515625 0.8771929828125 0.42234848437499994 0.8777979437500001 0.378787878125 0.8729582578124999 0.36742424218749997 0.8669086515625001 0.3683712125 0.862068965625 0.3759469703125 0.8626739265625 0.40056818125 0.857834240625 0.4166666671875 0.8687235328125 0.4365530296875 0.87356321875 0.4327651515625
1 0.9298245609375 0.419507575 0.9298245609375 0.3797348484375 0.9274047187500001 0.37215909062499997 0.92316999375 0.3702651515625 0.91893526875 0.3740530296875 0.9134906234375 0.4081439390625 0.9128856624999999 0.415719696875 0.9177253484375001 0.433712121875 0.92316999375 0.434659090625 0.9298245609375 0.419507575
1 0.063520871875 0.5909090906250001 0.0659407140625 0.5653409093749999 0.057471264062500006 0.544507575 0.050816696875 0.5464015156250001 0.049001815625 0.5549242421875 0.049001815625 0.5965909093749999 0.0526315796875 0.6107954546875 0.056261343750000005 0.615530303125 0.063520871875 0.5909090906250001
1 0.137931034375 0.5558712124999999 0.13490623125 0.5482954546875 0.128856625 0.5473484843749999 0.121597096875 0.5643939390625 0.1197822140625 0.5956439390625 0.1228070171875 0.6107954546875 0.13672111250000002 0.5956439390625 0.137931034375 0.5558712124999999
1 0.2141560796875 0.6051136359375 0.2153660015625 0.5795454546875 0.22141560781249997 0.5681818187500001 0.216575921875 0.5643939390625 0.2153660015625 0.5558712124999999 0.20931639375 0.5482954546875 0.204476709375 0.5482954546875 0.2008469453125 0.5558712124999999 0.2008469453125 0.5729166671875 0.194192378125 0.5965909093749999 0.20508167031250002 0.61268939375 0.2141560796875 0.6051136359375
1 0.2897761640625 0.5956439390625 0.298850575 0.5767045453125 0.30066545625 0.5511363640625 0.2982456140625 0.5454545453125 0.2909860859375 0.5464015156250001 0.2825166359375 0.5577651515625 0.2782819109375 0.5729166671875 0.2752571078125 0.603219696875 0.2752571078125 0.6193181812499999 0.278886871875 0.6193181812499999 0.2867513609375 0.6107954546875 0.2897761640625 0.5956439390625
1 0.361161525 0.603219696875 0.3696309734375 0.5918560609375 0.3696309734375 0.553030303125 0.3666061703125 0.544507575 0.36055656406250003 0.5426136359375 0.3563218390625 0.5558712124999999 0.3563218390625 0.5710227265625 0.35208711406250004 0.5909090906250001 0.358136721875 0.5956439390625 0.361161525 0.603219696875
1 0.4271022390625 0.5956439390625 0.4313369625 0.575757575 0.42952208125 0.5473484843749999 0.42347247499999996 0.5321969703125 0.41681790625000004 0.5596590906250001 0.411978221875 0.59375 0.411978221875 0.5994318187500001 0.4156079859375 0.603219696875 0.4271022390625 0.5956439390625
1 0.48699334531250005 0.5785984843749999 0.4815487 0.5596590906250001 0.48275862031249994 0.5426136359375 0.4785238953125 0.5321969703125 0.474289171875 0.5293560609375 0.4694494859375 0.540719696875 0.46763460312499994 0.5776515156250001 0.4694494859375 0.5918560609375 0.474289171875 0.6041666671875 0.48699334531250005 0.5785984843749999
1 0.5438596484375 0.5520833328125 0.5408348453125 0.5293560609375 0.53297035625 0.5284090906250001 0.5287356328125 0.5388257578125 0.528130671875 0.5767045453125 0.5366001203125 0.589962121875 0.5408348453125 0.5795454546875 0.5438596484375 0.5520833328125
1 0.6013309140625 0.5539772734375 0.596491228125 0.5303030296875 0.5898366609375 0.53125 0.5856019359375 0.540719696875 0.5825771328125 0.589962121875 0.5874168171874999 0.5946969703125 0.5989110703125 0.584280303125 0.6013309140625 0.5539772734375
1 0.6527525703125 0.5918560609375 0.65759225625 0.575757575 0.656382334375 0.5473484843749999 0.6539624921875 0.5388257578125 0.650332728125 0.5369318187500001 0.644283121875 0.5388257578125 0.6412583187500001 0.544507575 0.641863278125 0.5691287875000001 0.6382335140625 0.5871212124999999 0.646098003125 0.5984848484375 0.6527525703125 0.5918560609375
1 0.7047791890624999 0.5994318187500001 0.7120387171875 0.57481060625 0.7120387171875 0.5520833328125 0.7078039921875 0.5303030296875 0.6987295828125 0.5321969703125 0.6963097406250001 0.5359848484375 0.698124621875 0.5795454546875 0.7017543859375001 0.5965909093749999 0.7047791890624999 0.5994318187500001
1 0.7725347859375 0.5634469703125 0.768905021875 0.5359848484375 0.7598306109374999 0.5340909093749999 0.7555958859375 0.5426136359375 0.75317604375 0.5577651515625 0.7525710828125 0.580492425 0.7592256500000001 0.5965909093749999 0.7670901390625 0.5823863640625 0.7725347859375 0.5634469703125
1 0.83000605 0.5482954546875 0.8239564421875001 0.5293560609375 0.8173018750000001 0.5331439390625 0.8160919546875001 0.5558712124999999 0.8118572296875 0.5738636359375 0.8118572296875 0.58143939375 0.820326678125 0.59375 0.8336358140625 0.575757575 0.83000605 0.5482954546875
1 0.8874773140625001 0.5852272734375 0.89836660625 0.544507575 0.8965517234375 0.5321969703125 0.888082275 0.5303030296875 0.8838475499999999 0.5369318187500001 0.8832425890625 0.553030303125 0.8765880218750001 0.5653409093749999 0.872353296875 0.5672348484375 0.8699334546875 0.57481060625 0.8717483359375 0.5795454546875 0.879612825 0.5871212124999999 0.8874773140625001 0.5852272734375
1 0.9473684203125 0.575757575 0.9467634609375001 0.558712121875 0.9395039328125 0.5359848484375 0.9352692078124999 0.5321969703125 0.9267997578125 0.5482954546875 0.9274047187500001 0.584280303125 0.9310344828125 0.59375 0.938898971875 0.59375 0.9473684203125 0.575757575
1 0.9473684203125 0.76893939375 0.9516031453125 0.7613636359375 0.9509981843749999 0.7206439390625 0.9455535390625001 0.7083333328125 0.93768905 0.7083333328125 0.9346642468749999 0.7196969703125 0.9358741687500001 0.7414772734375 0.941923775 0.7651515156250001 0.9473684203125 0.76893939375
1 0.9655172406249999 0.88731060625 0.9600725953125 0.869002525 0.9582577125 0.8409090906250001 0.9509981843749999 0.8361742421875 0.9461584999999999 0.8484848484375 0.9467634609375001 0.891098484375 0.950393225 0.9043560609375 0.9546279484375001 0.9090909093749999 0.9655172406249999 0.88731060625
1 0.8892921953125 0.9034090906250001 0.8874773140625001 0.9081439390625 0.8965517234375 0.9081439390625 0.9062310953124999 0.8797348484375 0.8941318812500001 0.8446969703124999 0.8874773140625001 0.84375 0.8844525109375001 0.8484848484375 0.8826376281250001 0.865530303125 0.8856624312499999 0.880997475 0.885057471875 0.8920454546875 0.8892921953125 0.9034090906250001
1 0.8844525109375001 0.771780303125 0.8892921953125 0.7708333328125 0.8965517234375 0.763257575 0.8977616453125 0.7433712124999999 0.8935269203124999 0.7178030296875 0.8790078640625 0.7196969703125 0.8729582578124999 0.7244318187500001 0.879612825 0.73768939375 0.8765880218750001 0.759469696875 0.8844525109375001 0.771780303125
1 0.83000605 0.763257575 0.8384754984375 0.7481060609375 0.8378705390625001 0.7234848484375 0.8330308531249999 0.7121212124999999 0.8330308531249999 0.700757575 0.8306110109375 0.6960227265625 0.8215366 0.6941287875000001 0.8179068359375 0.7035984843749999 0.8173018750000001 0.722537878125 0.8136721109374999 0.7395833328125 0.8263762859374999 0.76231060625 0.83000605 0.763257575
1 0.8451300671875 0.8854166671874999 0.8396854203125 0.847537878125 0.8366606171875001 0.8409090906250001 0.83182093125 0.8390151515625 0.8269812468750001 0.8446969703124999 0.8251663640625001 0.8551136359375 0.8221415609375 0.8778409093749999 0.8336358140625 0.902462121875 0.8378705390625001 0.90625 0.8451300671875 0.8854166671874999
1 0.7205081671875 0.89393939375 0.7265577734375 0.8882575750000001 0.7307924984375 0.8740530296875001 0.731397459375 0.8456439390625 0.7265577734375 0.827651515625 0.7205081671875 0.821969696875 0.7144585609375 0.827651515625 0.710828796875 0.8484848484375 0.7150635203125 0.859848484375 0.7144585609375 0.8768939390625 0.7205081671875 0.89393939375
1 0.7785843921875 0.8986742421875 0.781004234375 0.8929924249999999 0.7846339984374999 0.8551136359375 0.78221415625 0.83806818125 0.7755595890625 0.8371212124999999 0.771929825 0.8418560609375 0.766485178125 0.871212121875 0.7658802171875 0.8835227265625001 0.7695099812499999 0.89393939375 0.7731397453125 0.8996212124999999 0.7785843921875 0.8986742421875
1 0.7749546281249999 0.7575757578125 0.7785843921875 0.7481060609375 0.7816091953125001 0.7253787875000001 0.785238959375 0.7178030296875 0.7816091953125001 0.7045454546875 0.770719903125 0.6875 0.7713248640625 0.6808712124999999 0.768905021875 0.6846590906250001 0.7580157296875 0.7244318187500001 0.754990925 0.728219696875 0.7695099812499999 0.7556818187500001 0.7749546281249999 0.7575757578125
1 0.72413793125 0.71875 0.7217180890625 0.7111742421875 0.7211131281250001 0.6884469703125 0.7168784031250001 0.6789772734375 0.7090139140625 0.6846590906250001 0.7078039921875 0.696969696875 0.7078039921875 0.732007575 0.718693284375 0.736742425 0.72413793125 0.73106060625 0.72413793125 0.71875
1 0.6696914703125 0.8882575750000001 0.669086509375 0.8683712124999999 0.673321234375 0.8607954546875 0.6702964312499999 0.859848484375 0.6684815484375 0.8446969703124999 0.6624319421875 0.8352272734374999 0.6569872953125 0.83806818125 0.6551724140624999 0.847537878125 0.655777375 0.875 0.6479128859375 0.8977272734374999 0.6618269812500001 0.9043560609375 0.6696914703125 0.8882575750000001
1 0.655777375 0.763257575 0.658802178125 0.763257575 0.6642468234375001 0.7490530296875 0.6721113125 0.7424242421875 0.6727162734375 0.7348484843749999 0.6600120984375 0.6922348484375 0.656382334375 0.6875 0.6509376890625 0.6884469703125 0.6491228062500001 0.6922348484375 0.6497277671874999 0.7102272734375 0.644283121875 0.7433712124999999 0.65154265 0.7471590906250001 0.655777375 0.763257575
1 0.604960678125 0.7196969703125 0.606775559375 0.7159090906250001 0.6061705984375 0.700757575 0.6013309140625 0.6931818187500001 0.5946763453125 0.6922348484375 0.5892317 0.700757575 0.588021778125 0.7121212124999999 0.586206896875 0.7443181812499999 0.5995160312500001 0.763257575 0.6098003624999999 0.7386363640625 0.604960678125 0.7196969703125
1 0.546884453125 0.8920454546875 0.548699334375 0.902462121875 0.5523290984375 0.90625 0.5626134296874999 0.8731060609375 0.5595886265625001 0.8513257578125 0.548699334375 0.834280303125 0.5444646093750001 0.8361742421875 0.54143980625 0.8456439390625 0.5420447671875 0.8579545453125 0.539624925 0.8645833328125001 0.54143980625 0.8816287875000001 0.546884453125 0.8920454546875
1 0.6152450093749999 0.8731060609375 0.6122202062500001 0.8617424249999999 0.6122202062500001 0.8390151515625 0.606775559375 0.82481060625 0.6019358734375 0.827651515625 0.6001209921874999 0.8361742421875 0.6001209921874999 0.8579545453125 0.59528130625 0.8768939390625 0.60798548125 0.88731060625 0.6152450093749999 0.8731060609375
1 0.5366001203125 0.76231060625 0.5523290984375 0.7348484843749999 0.552934059375 0.73106060625 0.5420447671875 0.700757575 0.5366001203125 0.700757575 0.53297035625 0.709280303125 0.5317604359375 0.7253787875000001 0.5263157890625 0.7471590906250001 0.5275257109375 0.759469696875 0.52510586875 0.763257575 0.5299455531249999 0.7660984843749999 0.5366001203125 0.76231060625
1 0.476104053125 0.7566287875000001 0.48699334531250005 0.7547348484375 0.4894131875 0.7509469703125 0.4936479125 0.7244318187500001 0.49243799218750006 0.6950757578125 0.49001814843749997 0.6865530296875 0.4815487 0.6875 0.474289171875 0.700757575 0.47489413125 0.714962121875 0.4664246828125 0.732007575 0.4664246828125 0.7414772734375 0.47247428906250005 0.7414772734375 0.47186932812500004 0.7518939390625 0.476104053125 0.7566287875000001
1 0.47912885625 0.88731060625 0.48215365937500004 0.9034090906250001 0.49001814843749997 0.9015151515625 0.49969752031250003 0.8892045453125 0.4942528734375 0.8664772734374999 0.49243799218750006 0.8446969703124999 0.4894131875 0.8361742421875 0.4851784640625 0.834280303125 0.47912885625 0.84943181875 0.4797338171875 0.8636363640625 0.474289171875 0.8759469703124999 0.474289171875 0.8816287875000001 0.47912885625 0.88731060625
1 0.4131881421875 0.9071969703124999 0.4271022390625 0.9043560609375 0.42952208125 0.890151515625 0.441016334375 0.8721590906250001 0.42770719843749994 0.8304924249999999 0.42286751406249995 0.8295454546875 0.41923775 0.8333333328125001 0.41742286718750005 0.8541666671874999 0.40774349687500006 0.884469696875 0.4113732609375 0.915719696875 0.4131881421875 0.9071969703124999
1 0.4271022390625 0.759469696875 0.43194192343750004 0.7414772734375 0.43557168749999997 0.7357954546875 0.4392014515625 0.7357954546875 0.4404113734375 0.7159090906250001 0.43194192343750004 0.7083333328125 0.42952208125 0.6931818187500001 0.42347247499999996 0.6884469703125 0.4156079859375 0.700757575 0.4131881421875 0.7121212124999999 0.41258318281250006 0.7395833328125 0.42105263125 0.75 0.42347247499999996 0.759469696875 0.4271022390625 0.759469696875
1 0.35208711406250004 0.7575757578125 0.364186328125 0.7433712124999999 0.3678160921875 0.7178030296875 0.37144585625 0.7102272734375 0.3690260140625 0.6931818187500001 0.36479128906249997 0.6865530296875 0.358136721875 0.6865530296875 0.3532970359375 0.6931818187500001 0.3551119171875 0.7121212124999999 0.349667271875 0.7348484843749999 0.349667271875 0.7528409093749999 0.35208711406250004 0.7575757578125
1 0.36721113125 0.8731060609375 0.36721113125 0.8513257578125 0.36297640625 0.8446969703124999 0.355716878125 0.84375 0.3502722328125 0.853219696875 0.352692075 0.9043560609375 0.358136721875 0.9109848484375 0.36297640625 0.9015151515625 0.36721113125 0.8731060609375
1 0.290381125 0.9176136359375 0.30066545625 0.8996212124999999 0.303690259375 0.88068181875 0.2994555359375 0.8446969703124999 0.2940108890625 0.84375 0.289171203125 0.847537878125 0.2794918328125 0.88068181875 0.278886871875 0.8948863640625 0.2837265578125 0.9015151515625 0.2867513609375 0.9166666671874999 0.290381125 0.9176136359375
1 0.2256503328125 0.7443181812499999 0.22625529375000003 0.7215909093749999 0.22202056875 0.7130681812499999 0.22081064687500002 0.700757575 0.216575921875 0.6960227265625 0.21234119843750002 0.6960227265625 0.204476709375 0.7073863640625 0.20508167031250002 0.7443181812499999 0.21173623749999998 0.763257575 0.216575921875 0.763257575 0.2256503328125 0.7443181812499999
1 0.283121596875 0.7708333328125 0.28735632187500004 0.7698863640625 0.29461585 0.7765151515625 0.29461585 0.753787878125 0.2994555359375 0.7424242421875 0.29703569218750003 0.7339015156250001 0.297640653125 0.7244318187500001 0.293405928125 0.7159090906250001 0.2909860859375 0.6979166671875 0.2837265578125 0.6941287875000001 0.28009679374999996 0.6960227265625 0.2734422265625 0.7196969703125 0.27041742343749997 0.7215909093749999 0.2692075015625 0.7301136359375 0.2752571078125 0.7357954546875 0.2764670296875 0.7518939390625 0.283121596875 0.7708333328125
1 0.2244404109375 0.9081439390625 0.2323049 0.88068181875 0.22867513593750002 0.8503787875000001 0.225045371875 0.847537878125 0.2159709625 0.84943181875 0.204476709375 0.875 0.2068965515625 0.9232954546875 0.2081064734375 0.9299242421875 0.21234119843750002 0.93181818125 0.2244404109375 0.9081439390625
1 0.11857229218750001 0.9460227265625001 0.1228070171875 0.9460227265625001 0.13248638906250002 0.9232954546875 0.14337568125 0.8835227265625001 0.1385359953125 0.853219696875 0.12643678125 0.8513257578125 0.1197822140625 0.8759469703124999 0.11554748906250001 0.88068181875 0.11494252812500001 0.8882575750000001 0.11857229218750001 0.9015151515625 0.11554748906250001 0.941287878125 0.11857229218750001 0.9460227265625001
1 0.1270417421875 0.7651515156250001 0.131881428125 0.7556818187500001 0.1385359953125 0.753787878125 0.1427707203125 0.7348484843749999 0.13551119218750002 0.7035984843749999 0.1270417421875 0.69981060625 0.11917725312500001 0.7035984843749999 0.11554748906250001 0.7196969703125 0.1179673328125 0.73106060625 0.11494252812500001 0.7528409093749999 0.120387175 0.763257575 0.1270417421875 0.7651515156250001
1 0.049001815625 0.7765151515625 0.056261343750000005 0.7642045453125 0.057471264062500006 0.7196969703125 0.048396854687500004 0.7111742421875 0.0411373265625 0.728219696875 0.038717482812499995 0.7414772734375 0.0399274046875 0.767992425 0.0441621296875 0.7755681812499999 0.049001815625 0.7765151515625
1 0.048396854687500004 0.9403409093749999 0.0659407140625 0.91193181875 0.058076225 0.89393939375 0.0556563828125 0.8702651515625 0.044767090625 0.8721590906250001 0.0369026015625 0.884469696875 0.03508771875 0.8958333328125001 0.032667876562499996 0.9289772734374999 0.0356926796875 0.9327651515625 0.0369026015625 0.94981060625 0.048396854687500004 0.9403409093749999