1 0.872752003125 0.07736195625 0.9105941937500001 0.0786951265625 0.924693715625 0.0743122953125 0.9317653625 0.06715524218749999 0.925585540625 0.0631002078125 0.8973728234375 0.0613167109375 0.8863782625000001 0.0574868421875 0.878617234375 0.0572292140625 0.866788296875 0.0652293203125 0.8663423859374999 0.07083536406249999 0.872752003125 0.07736195625
1 0.9333410687500001 0.146515359375 0.9437036953125 0.1435484390625 0.9481162953125001 0.13899804531249998 0.9468661046875001 0.1359536265625 0.927032671875 0.1306753828125 0.9008607468750001 0.1300375984375 0.89355930625 0.134723090625 0.8774189921875 0.137960209375 0.8997528046875001 0.1493272875 0.9333410687500001 0.146515359375
1 0.9434684015625001 0.22423440156250002 0.95552713125 0.21870585468749998 0.9541620453125 0.21442565781249998 0.9470767234374999 0.21103354687500003 0.918346971875 0.2036890375 0.9058861031250001 0.20489235468749997 0.8957532671875 0.21033083593750002 0.8950775625 0.21346531875000002 0.9069338484375 0.22656353906249999 0.9434684015625001 0.22423440156250002
1 0.9087256703125 0.2978460515625 0.9395399875000001 0.296405003125 0.96122819375 0.2904261265625 0.9606537093749999 0.28424722812500003 0.9515850453124999 0.2803272921875 0.9337349546875 0.275576875 0.923142534375 0.276072234375 0.8889934609375001 0.28325442500000003 0.8853714640625 0.285906115625 0.9087256703125 0.2978460515625
1 0.9631075656249999 0.3418460953125 0.929850315625 0.33781620156250003 0.9125309375 0.3491759546875 0.90744263125 0.3568608328125 0.93565535 0.35864433125 0.9746766078125001 0.3518548640625 0.975065071875 0.3456309328125 0.9631075656249999 0.3418460953125
1 0.9701162640625001 0.41722867656249996 0.9648993875 0.413128609375 0.9353790328124999 0.40768280468749996 0.9227458203125 0.4070324515625 0.90876119375 0.4126510625 0.92056003125 0.425131390625 0.9476949046875 0.42572414375 0.968707403125 0.42287975156249996 0.9701162640625001 0.41722867656249996
1 0.9632142109374999 0.46781816093749995 0.9280885156249999 0.4644962203125 0.9137728765625001 0.47695665624999994 0.9257878312500001 0.48135938125 0.9670796749999999 0.4781871921875 0.9752866156250001 0.47283877656250006 0.973073478125 0.4698393921875 0.9632142109374999 0.46781816093749995
1 0.9867954593749999 0.5238084171875 0.988089421875 0.5169215609375 0.9811189984375 0.51476523125 0.935630675 0.5144102109375 0.92362939375 0.52055665 0.9231260328124999 0.5255448015625 0.937239228125 0.5317111328124999 0.9545722828125 0.5309005421874999 0.9867954593749999 0.5238084171875
1 0.975251015625 0.5764767359375 0.9756394796875 0.5702528015625 0.962776471875 0.5671308890625 0.926012125 0.5669884656249999 0.9149163421875001 0.5724719781250001 0.916396325 0.57798795625 0.921555753125 0.58147013125 0.9332260171875 0.58216551875 0.975251015625 0.5764767359375
1 0.971927184375 0.6343458 0.972143303125 0.6262681984375 0.9672136703125 0.62525758125 0.9430250875 0.6251476203124999 0.9233640015625 0.621723046875 0.91573154375 0.6332503625 0.92225605625 0.6410127359375 0.9405520578125 0.6401571125000001 0.971927184375 0.6343458
1 0.9209155703125 0.699409625 0.9375154703125 0.7011156265625 0.979195778125 0.6917195031250001 0.9835509265625 0.6865512203125 0.9712487281250001 0.6790590437499999 0.9598657046874999 0.6814531078125 0.9361804828125001 0.6763549953125 0.931207075 0.6852756515625 0.9202836390625 0.692612834375 0.9209155703125 0.699409625
1 0.9760880656250001 0.7415109671875 0.9326979828124999 0.742919553125 0.9251667484375 0.7451334843749999 0.9210988406249999 0.75339121875 0.9360026390625 0.7576588484375 0.9875422125 0.75028395625 0.9869677296875 0.7441050578125 0.9760880656250001 0.7415109671875
1 0.9396492343749999 0.8176842437499999 0.9616821281249999 0.8154127093750001 0.9869923265624999 0.8067821437499999 0.9853974484375 0.8000303859375 0.9764436796875 0.7973462312499999 0.9676622578125 0.7965157484375001 0.9409869703125 0.8008661140625 0.9243432968749999 0.8090913859375 0.93624335625 0.81225833125 0.9396492343749999 0.8176842437499999
1 1 0.8562256078124999 0.9960582421874999 0.8522808390625001 0.9489312671875 0.8551053359375 0.9362542812499999 0.8643862546875001 0.93886955625 0.8717108703124999 0.9602841921874999 0.8731917078125001 0.9944907125 0.8666274078124999 1 0.8594320921874999 1 0.8562256078124999
1 1 0.906687875 0.9654271953125001 0.907703484375 0.9541590671875 0.9113333265625 0.94623936875 0.9197711937499999 0.9486822984375 0.9252421359375 0.9460807000000001 0.9284666843749999 0.96636004375 0.9281388859374999 1 0.9228377171875 1 0.906687875
1 0.7532753984375 0.0717789703125 0.7671013531249999 0.07485585156249999 0.7882861953125 0.07386513125000001 0.8034061109374999 0.07005515625 0.8125760015625 0.06466170624999999 0.8122313109375 0.060954367187500004 0.8062812812500001 0.05937089375 0.773311275 0.058430448437500004 0.7486767796875 0.0639265328125 0.7480585234375 0.0676789046875 0.7532753984375 0.0717789703125
1 0.8322753609375001 0.14131253125 0.8298898796874999 0.1364594765625 0.8149286328124999 0.131573959375 0.7763532875 0.13275738125 0.762196315625 0.136522321875 0.7785226515625 0.14568803749999998 0.8154593421874999 0.14768413125 0.8287682609375 0.1452000015625 0.8322753609375001 0.14131253125
1 0.78876488125 0.224642859375 0.8280296078125 0.23087411875 0.839355184375 0.2278621625 0.8442711421875 0.21832361718749999 0.8221096781250001 0.20881020781249998 0.8116321515625 0.21054135000000002 0.7920859609375 0.20835255625000002 0.7808178328125 0.2119824 0.7791791796875 0.2151619140625 0.78876488125 0.224642859375
1 0.8530333921875 0.29176246250000004 0.8526887015625 0.288055121875 0.8426570890624999 0.28418021875 0.7997703656249999 0.280600653125 0.7866337921875 0.28493845156250003 0.7871508281249999 0.2904994625 0.7984900781250001 0.29803667031250003 0.8363322703125 0.2993698421875 0.8530333921875 0.29176246250000004
1 0.8461586875 0.3634502703125 0.8620692062499999 0.3577415921875 0.8626874640625 0.3539892203125 0.8575854843749999 0.351124934375 0.8399077406250001 0.348228184375 0.8148136609375 0.34878114843749997 0.8035455328125 0.3524109921875 0.801964328125 0.356208396875 0.814438871875 0.36555424375 0.8461586875 0.3634502703125
1 0.8478657140625 0.4130165703125 0.825717921875 0.41405232343750004 0.8039148218750001 0.4187954171875 0.831681628125 0.4261849609375 0.8600092406250001 0.42920423906250005 0.87778820625 0.42278760625 0.875402725 0.41793455156250003 0.8478657140625 0.4130165703125
1 0.8175930296875 0.48269571562499997 0.8609831140624999 0.4812871296875 0.8732716359375001 0.47823014375 0.8735452031250001 0.47077043124999995 0.8449877953125 0.46527959062499996 0.8207992125000001 0.4651696328125 0.8133828765625 0.46861934375000003 0.8098757765625001 0.47250681562499997 0.8145318421875001 0.4809771453125 0.8175930296875 0.48269571562499997
1 0.8055889984375 0.5304209125 0.823841225 0.5394965640625 0.8755531453125001 0.5339753421875 0.8787155546875001 0.5263805296874999 0.8668154953125 0.523213584375 0.8230807234374999 0.52091483125 0.8055889984375 0.5304209125
1 0.86949914375 0.5832840125 0.8813280796875 0.5752839062499999 0.8762261 0.5724196203125 0.8616669921875 0.5718593328125 0.826382628125 0.5772328859375 0.8208921859375 0.5805925328125 0.820388825 0.5855806859375 0.8312684875 0.5881747749999999 0.86949914375 0.5832840125
1 0.885937621875 0.6352642687500001 0.8855354828124999 0.6309390390625 0.8765242671875001 0.62763699375 0.8553394234375 0.628627715625 0.8386820765625 0.626303825 0.82390685 0.6338211390625 0.8380200437499999 0.63998746875 0.8615903703125 0.6438498015625 0.885937621875 0.6352642687500001
1 0.8255701 0.6933187109375 0.8269351859375 0.6975989078125 0.8349834546875 0.7009459859375 0.8671054109374999 0.7031672421875 0.887040065625 0.6991321046875 0.8885063750000001 0.69409891875 0.8834618421875 0.691852521875 0.8580805203124999 0.689316034375 0.8460655640624999 0.684913309375 0.8290772000000001 0.6894312390625 0.8255701 0.6933187109375
1 0.8410155328125001 0.765824434375 0.8848515296875 0.75880980625 0.8893215734375 0.7548773015625 0.8879564890625 0.75059710625 0.8760564296875 0.7474301578125 0.86943069375 0.7489811671875 0.8383291359375 0.7473327671875001 0.83017964375 0.7532990734375 0.829618834375 0.7576693359375 0.8410155328125001 0.765824434375
1 0.855829034375 0.8315333703125001 0.8650563703125 0.8267578109375 0.889805759375 0.822497509375 0.891947775 0.814329840625 0.88384205625 0.8103648734375 0.8426651109375 0.8147728437499999 0.8313395328125001 0.8177847984375 0.8298732265625001 0.8228179828125001 0.8480680062499999 0.83127574375 0.855829034375 0.8315333703125001
1 0.8665199265625001 0.8633033875 0.8396148453125001 0.865182196875 0.83147903125 0.8816976640625 0.8863095859375001 0.878512903125 0.89559436875 0.8743552359375 0.8962126265625001 0.8706028640625 0.8899753546875001 0.865929940625 0.8665199265625001 0.8633033875
1 0.9071606624999999 0.9259427671875 0.9067585250000001 0.9216175375000001 0.9006361500000001 0.9181803937499999 0.8678959374999999 0.9197115078125 0.8518705203125 0.92418440625 0.8468971140624999 0.9331050640624999 0.856986175 0.9375978546875 0.90087961875 0.9312011171875 0.9071606624999999 0.9259427671875
1 0.6860851968749999 0.066853665625 0.685625609375 0.061910543750000005 0.6805810796875 0.059664148437499995 0.6390019953125 0.05974689062500001 0.6285244703124999 0.061478029687500005 0.6250173703125 0.06536549999999999 0.6373770171875 0.07347556718750001 0.6732358640625 0.07428091406250001 0.6860851968749999 0.066853665625
1 0.7041459046874999 0.14668400312500002 0.703456525 0.139269325 0.6877046765625 0.136282509375 0.6528662234375 0.13605001875 0.6394998546874999 0.13791625937500002 0.632198415625 0.1426017515625 0.649430246875 0.15110454375 0.6769672578125 0.156022525 0.7041459046874999 0.14668400312500002
1 0.7012515609375 0.229976625 0.7077624 0.22718983593750003 0.7091138124999999 0.22092086875 0.7059951765625 0.21858440781250002 0.6814619046875 0.21476710781250002 0.659256665625 0.215184971875 0.6497995359375001 0.217488971875 0.646349884375 0.22199433281249997 0.6577465828125 0.23014943125 0.7012515609375 0.229976625
1 0.7129464265625 0.293349096875 0.665532209375 0.29308414531250004 0.6614643015625 0.3013418796875 0.67087765625 0.3089691546875 0.699823528125 0.3082360609375 0.7195283890625 0.30172936093749997 0.7200891984375 0.2973591 0.7129464265625 0.293349096875
1 0.7261923968749999 0.3734046015625 0.7344567843750001 0.3686740765625 0.73507504375 0.364921703125 0.727932271875 0.360911703125 0.6954656265625 0.3549831046875 0.6915563890625 0.3545453453125 0.687373584375 0.3615673015625 0.6715205125 0.36789386875 0.68569115625 0.3746780875 0.7261923968749999 0.3734046015625
1 0.75249014375 0.427406090625 0.750837815625 0.42003644375000004 0.72630454375 0.41621914374999996 0.7012104625 0.41677210625 0.6813332546875001 0.421425134375 0.6796371546875 0.42398675937499997 0.701511378125 0.43041071718749996 0.743033015625 0.4297100875 0.75249014375 0.427406090625
1 0.754541859375 0.480679728125 0.7493249843750001 0.4765796625 0.7335156875 0.47297495625 0.7129491015625 0.47021330624999996 0.69754194375 0.47093382968749997 0.6984036687499999 0.48020218124999997 0.7015797515625 0.48315653125 0.72634281875 0.48944539374999996 0.754541859375 0.480679728125
1 0.7061318453125 0.5425190062499999 0.7241542796875 0.5491230953125 0.7453391218750001 0.5481323734375 0.7620976921875 0.5411428828125 0.772690115625 0.540647521875 0.77608231875 0.5355242703124999 0.7718858375 0.5319970625 0.760100675 0.5300658953124999 0.7548838 0.52596583125 0.72106574375 0.5263061984374999 0.7073109125 0.53439636875 0.7061318453125 0.5425190062499999
1 0.7835807031249999 0.5953695359375 0.781137771875 0.589898590625 0.7406228578125 0.580622915625 0.7318988828124999 0.580410321875 0.723979184375 0.5888481859375 0.7225703265625001 0.5944992609375 0.7297705437500001 0.5991271515625 0.7789957578125 0.598066259375 0.7835807031249999 0.5953695359375
1 0.7807602328125001 0.648250446875 0.789024621875 0.6435199234375 0.7835205046875 0.6363304078125 0.7333897890625 0.6380542234375 0.7287473984374999 0.6401330578125 0.7238888875 0.65028949375 0.7308593125 0.6524458234375 0.7492127609375 0.6522080906250001 0.7807602328125001 0.648250446875
1 0.7798793328125 0.7115904578125 0.78735311875 0.7087586359375 0.7900696171875 0.7067698671875 0.7865488421875 0.700108175 0.766772859375 0.695447821875 0.7387324859375 0.69551799375 0.7284273078125 0.6991028046875 0.726170396875 0.7060346921875 0.74016869375 0.7109652421875 0.7798793328125 0.7115904578125
1 0.7841305109375 0.7573143171875001 0.7407978765625 0.7593407937500001 0.73043525 0.762307715625 0.752998853125 0.7761463546875 0.757813590625 0.7759211890625 0.7878810781250001 0.7664475703125 0.7911009375 0.7594706484375 0.7841305109375 0.7573143171875001
1 0.7923894 0.8357413156250001 0.7978798421875 0.8323816687500001 0.7992887015625 0.8267305921875 0.7929939828125 0.8214397796874999 0.7840976609375 0.8193735156249999 0.7657442140625 0.8196112484375 0.7499923640625 0.8166244328125 0.73538948125 0.82599541875 0.7516009171875 0.8339253515625 0.7923894 0.8357413156250001
1 0.7206826265624999 0.8862585453125 0.7658973828125 0.894073278125 0.7944985625000001 0.88963284375 0.7918258406249999 0.8816903390625 0.7692184625 0.8777829734375 0.7431039859374999 0.8777630796875 0.7206826265624999 0.8862585453125
1 0.771685990625 0.94593100625 0.7858429609375001 0.9421660624999999 0.7923538 0.9393792734374999 0.792684815625 0.9325374500000001 0.78169025625 0.92870758125 0.741361359375 0.9318347390625 0.7340599203125 0.9365202328125 0.7345769546875001 0.9420812406250001 0.7562788328125001 0.94665153125 0.771685990625 0.94593100625
1 0.5074365625 0.08017288593750001 0.5289660953124999 0.0828895046875 0.5307333203125 0.09149493125 0.5629564968749999 0.08440280624999999 0.5693524390625 0.080380234375 0.569913246875 0.0760099734375 0.551661021875 0.06693432499999999 0.5204445640625 0.0640501453125 0.4937118296875 0.0677826234375 0.501874996875 0.0723654796875 0.5074365625 0.08017288593750001
1 0.55353764375 0.159933053125 0.561471015625 0.16204435156250002 0.5703974328125 0.14363018125 0.5661435046875 0.13948508125 0.5511248109375 0.1339816734375 0.5256860390625 0.13082729531249998 0.49040167500000004 0.1362008515625 0.5126780390625 0.14695003906249998 0.54514468125 0.1528786375 0.55353764375 0.159933053125
1 0.5692703156250001 0.23552822812500002 0.5805384421875 0.23189838593749998 0.5840455421875 0.22801091406250001 0.583471059375 0.2218320140625 0.571456103125 0.21742928749999998 0.5307825187499999 0.21684910624999998 0.5114797953125 0.22768103437499998 0.5334689171875 0.2353407734375 0.550687071875 0.23329440156249998 0.5692703156250001 0.23552822812500002
1 0.556172015625 0.31309227812499996 0.584327284375 0.3142578859375 0.5972915125 0.3080664171875 0.5978523234375 0.3036961546875 0.5868003125000001 0.29924839531249997 0.536554703125 0.29973643125 0.527040125 0.30142253750000003 0.525344025 0.303984165625 0.5275571609374999 0.30698355 0.556172015625 0.31309227812499996
1 0.5544567390624999 0.3882622625 0.5621603187499999 0.387902 0.5732560999999999 0.38241848749999996 0.5859467640625 0.38368673124999997 0.6040704171875 0.3809774375 0.6073477265625 0.37461840625 0.600262403125 0.37122629687500003 0.5746512874999999 0.36621825 0.5650218125 0.3666685765625 0.5409618015625 0.378343559375 0.5544567390624999 0.3882622625
1 0.62068124375 0.4348113640625 0.614386525 0.42952055 0.6064531484375 0.4274092515625 0.5724053015624999 0.4252780609375 0.5576875203125 0.43341326718750006 0.5552008171875 0.43787359375 0.5752640437500001 0.44562339843750004 0.613609596875 0.44196841718749996 0.62068124375 0.4348113640625
1 0.565530596875 0.49696587187499996 0.5724435734375 0.4985043109375 0.5787382937500001 0.503795125 0.61849270625 0.4944890671875 0.6239257 0.49051153125 0.6194994281249999 0.4845127609375 0.5917900687500001 0.477741109375 0.582103146875 0.477573546875 0.56913891875 0.4837650171875 0.5724298984375 0.4879551484375 0.565530596875 0.49696587187499996
1 0.6036709546875 0.553516415625 0.615168875 0.5523581328125 0.622311646875 0.55636813125 0.6346576171875 0.5539290359375 0.6400331640625 0.549333609375 0.6374178890625 0.5420089953125 0.5975786796875 0.5295988375 0.587834309375 0.528813384375 0.5692647390625 0.537128721875 0.567740984375 0.541544015625 0.6036709546875 0.553516415625
1 0.5968126765624999 0.5941746265625001 0.584466703125 0.5966137234375 0.5780707625 0.6006362921874999 0.5889504265625 0.6032303828125001 0.5941673015625 0.607330446875 0.6219778812500001 0.604788715625 0.63761483125 0.6065397515625001 0.6459941171875 0.60304500625 0.647517875 0.598629709375 0.645189840625 0.594394546875 0.6392398109374999 0.592811071875 0.6255862015625 0.5915878625000001 0.5968126765624999 0.5941746265625001
1 0.6006452906249999 0.66660285625 0.6242730640625 0.671083078125 0.63679138125 0.6704976515625 0.6469816625 0.6656770609375 0.6485054203125 0.661261765625 0.644308940625 0.6577345546875 0.6316182796875001 0.6564663125 0.6034630109375 0.6553007046875 0.5938909859375 0.6563689218750001 0.593330175 0.660739184375 0.6006452906249999 0.66660285625
1 0.66137935 0.7165116015625 0.655256975 0.713074459375 0.6179755953125 0.7073710265625001 0.607325725 0.707248496875 0.5941891499999999 0.7115862953125001 0.610069571875 0.726358053125 0.650182346875 0.7313085 0.6585041828125 0.7271958640625 0.66137935 0.7165116015625
1 0.585374878125 0.7728150078125 0.5941563015625 0.7736454937499999 0.6136012703125 0.7851476703125 0.6380196437500001 0.7877291890625 0.6529672171875001 0.7820655453125 0.6673539796875 0.7807721640625 0.671881475 0.7774575484375 0.6683607 0.7707958578125 0.6466013734375 0.7656076781250001 0.6264943749999999 0.7677891484375 0.613746265625 0.7659030140625 0.585374878125 0.7728150078125
1 0.6725817796875 0.8370001531250001 0.6703111953125 0.8333828796875 0.652346209375 0.827396678125 0.6269074375 0.8242423015625 0.602904875 0.8365351750000001 0.6269922359375 0.84595851875 0.6450584421875 0.8426313359375 0.6682266296875 0.8421684375 0.6725817796875 0.8370001531250001
1 0.62752019375 0.9036474515625 0.671873225 0.902193834375 0.6829690078125 0.89671031875 0.6814315765625001 0.8905764515625 0.673268409375 0.88599359375 0.648289225 0.8877823359375 0.6314595328125 0.883604775 0.6122717062499999 0.8956724843750001 0.616583084375 0.900435471875 0.62752019375 0.9036474515625
1 0.6758508359375 0.95537740625 0.683324621875 0.9525455828125 0.684848378125 0.9481302875000001 0.68059445 0.9439851890625001 0.6454113078125 0.9400453593749999 0.6376502796875 0.93978773125 0.6198138656250001 0.9455864765625 0.6193679515625 0.9511925187499999 0.63540704375 0.9572687828124999 0.6758508359375 0.95537740625
1 0.425457459375 0.07221573125 0.4228996328125 0.06550900625 0.41406076093750005 0.06406063125 0.371691075 0.0660420765625 0.3575915515625 0.0704249078125 0.35312150625 0.0743574125 0.37884751875 0.0806012390625 0.4050768921875 0.0818569140625 0.425457459375 0.07221573125
1 0.4113250875 0.13865776093749999 0.379375478125 0.13829017187499998 0.3642555625 0.14210014843750002 0.38098403125 0.15559109375 0.421542721875 0.15493549375 0.428959059375 0.1514857828125 0.429347521875 0.1452618484375 0.4113250875 0.13865776093749999
1 0.37014264375 0.226223253125 0.378707946875 0.23513134062500002 0.404822425 0.2351512359375 0.41695227656249995 0.2407897421875 0.4203444796875 0.23566649062499997 0.4288961109375 0.2340254140625 0.43602520624999996 0.227486253125 0.4355656203125 0.222543134375 0.42751735 0.21919605625 0.41018429687499997 0.22000664531249997 0.38547867812500003 0.21433567656250002 0.37014264375 0.226223253125
1 0.3798240640625 0.3095483375 0.3955184640625 0.3119172625 0.415639140625 0.3202849578125 0.4418110640625 0.32092274062500004 0.44735895625 0.3181809859375 0.44570662812500006 0.31081133906249997 0.43334698281249995 0.302701271875 0.41753768593749996 0.29909656562500003 0.386436125 0.297448165625 0.3700660203125 0.2982137234375 0.3704107109375 0.30192106406249997 0.3798240640625 0.3095483375
1 0.4069534375 0.39329861250000003 0.44643428125 0.3914522671875 0.45481356718750005 0.387957521875 0.45616497968749997 0.38168855625 0.4422815765625 0.3779937875 0.42687441875000004 0.3787143109375 0.40625038281250003 0.3753347703125 0.402010128125 0.3817388328125 0.394593790625 0.385188546875 0.4069534375 0.39329861250000003
1 0.457899353125 0.4523531796875 0.4727320296875 0.44545375624999994 0.44417462187499995 0.43996291718749997 0.409048928125 0.43664097812499997 0.4032712421875 0.436911175 0.39976414375 0.440798646875 0.4085592421875 0.45217829375 0.42918327500000003 0.4555578359375 0.457899353125 0.4523531796875
1 0.45032159531250004 0.5060771468749999 0.4677695453125 0.5065023359375 0.4779598296875 0.501681746875 0.48044653281249994 0.49722141718749996 0.46843157812499997 0.49281869062499994 0.43070428281249995 0.49272130000000003 0.416432415625 0.49525046250000004 0.40437368593749995 0.500779009375 0.43157968437500005 0.5125388140625 0.45032159531250004 0.5060771468749999
1 0.47598741093749997 0.5532818453125 0.43741206562499996 0.5544652671875 0.424735078125 0.5637461874999999 0.43572963906249995 0.56757605625 0.46394235625 0.5693595546875 0.4867658515625 0.5651893171875 0.486981971875 0.557111715625 0.47598741093749997 0.5532818453125
1 0.4794616609375 0.611453571875 0.42910115156249995 0.610705828125 0.424746003125 0.6158741109375 0.43642994375 0.627118659375 0.467474053125 0.628149171875 0.49108815312500004 0.62208023125 0.4894932734375 0.6153284734375 0.4794616609375 0.611453571875
1 0.4338392671875 0.6824711328124999 0.450668959375 0.68664869375 0.4794424859375 0.68406193125 0.48787921875 0.6811850765624999 0.48946042500000003 0.6773876703124999 0.4869600453125 0.6712988359375001 0.48089511875 0.6684795828125 0.4559159359375 0.6702683265625 0.43727524375 0.667416609375 0.426466703125 0.6759895734375 0.4338392671875 0.6824711328124999
1 0.4799129984375 0.741132975 0.50165865 0.735771990625 0.4988710296875 0.72659370625 0.49478944687500004 0.7243022765625 0.450666209375 0.72822745625 0.43367784687500005 0.7327453875 0.4310762453125 0.7359699359375 0.456802259375 0.7422137625 0.4799129984375 0.741132975
1 0.5027474187500001 0.7890906640625001 0.49367875312500004 0.785170728125 0.4780418015625 0.7834196921875 0.45487361562500006 0.783882590625 0.43913543906249997 0.7914449390625 0.45432648125 0.798802015625 0.4741024625 0.80346236875 0.5016832499999999 0.798449078125 0.5027474187500001 0.7890906640625001
1 0.5091679578125 0.8477451796875 0.485942325 0.8475901875 0.467244184375 0.84412058125 0.4595406046875 0.8444808421875001 0.44782656562499995 0.8537167296874999 0.4673864296875 0.8664546859375 0.494967215625 0.8614413953125 0.5136516796875 0.8543618374999999 0.5091679578125 0.8477451796875
1 0.46019713749999996 0.9139547203125 0.462869859375 0.921897225 0.5053106703125 0.9310828328125 0.517656640625 0.9286437375000001 0.518778259375 0.9199032125000001 0.5116354875 0.9158932109375 0.49520793281250003 0.916040878125 0.4820576859375 0.909829515625 0.47972965156249997 0.90559435 0.4717962796875 0.903483053125 0.46715388593749996 0.9055618859375001 0.46019713749999996 0.9139547203125
1 0.517883684375 0.9726940578125 0.5213333359375001 0.968188696875 0.5041589531249999 0.9603037953125 0.4676243984375 0.9626329328125 0.4583396140625 0.9667906 0.45908644218749994 0.9748231687500001 0.4781867203125 0.9826180062500001 0.495462325 0.9811895249999999 0.517883684375 0.9726940578125
1 0.3312004546875 0.9932153640625 0.34320173593750003 0.9870689296874999 0.3424549078125 0.979036359375 0.3306122953125 0.976487303125 0.30857940156249997 0.9787588375 0.28508020156249997 0.9860635562500001 0.2817454453125 0.9918046984375 0.2898511640625 0.995769665625 0.3312004546875 0.9932153640625
1 0.213023953125 1 0.2137208671875 0.9987093671875 0.20074296406249997 0.9943516734375001 0.15746777812499999 0.9969960406249999 0.1483705984375 1 0.213023953125 1
1 0.13949186875 0.9388819156249999 0.13450478593749998 0.937253409375 0.13536651093750002 0.9465217609375 0.1651741078125 0.9550570171875 0.199654196875 0.9410330015625 0.1999852109375 0.9341911796875 0.19488323125 0.9313268921875 0.17737783437500002 0.9302838140624999 0.161936934375 0.9341088 0.1506450984375 0.9340162937500001 0.13949186875 0.9388819156249999
1 0.274304509375 0.9325773234374999 0.2826974703125 0.9396317421875 0.30303426093749997 0.9399218312500001 0.3286317015625 0.9343807156249999 0.32532704843750004 0.919641421875 0.319937828125 0.9136876859375 0.30708849374999997 0.9211149359374999 0.2846534625 0.919061240625 0.2728819734375 0.927679234375 0.274304509375 0.9325773234374999
1 0.27699640625 0.86791146875 0.27637815 0.871663840625 0.292589584375 0.8795937765625 0.31756877031249997 0.8778050343749999 0.3286645515625 0.87232151875 0.340219921875 0.8717811265625001 0.3448048640625 0.8690844015625 0.34586903593749996 0.8597259875000001 0.3358948703125 0.856468975 0.3165784734375 0.8567517421874999 0.29890072968750003 0.8538549906249999 0.27699640625 0.86791146875
1 0.1915950015625 0.885558 0.19804839375 0.882153321875 0.1995147 0.877120134375 0.1932774296875 0.8724472125 0.1825126625 0.8710889015625 0.15911468281250002 0.869080240625 0.1351695671875 0.881991003125 0.13171991562500002 0.886496365625 0.15359414062500001 0.892920321875 0.1915950015625 0.885558
1 0.133093253125 0.766040278125 0.139445421875 0.7719489796875 0.15429177031250002 0.77559871875 0.183237640625 0.774865625 0.20107405625000002 0.7690668796875 0.2062772578125 0.7626177843749999 0.1999250890625 0.75670908125 0.17839555468749999 0.7539924640625 0.167242325 0.7588580875 0.1498518234375 0.7590507875 0.133093253125 0.766040278125
1 0.1337935578125 0.8255828828125 0.13980103593749998 0.8277842453125 0.1786636234375 0.8296902734374999 0.19576688125 0.826408121875 0.1960978984375 0.8195662984375 0.190938471875 0.8160841234375 0.16057006406250002 0.8119191296875 0.14799430156249999 0.8118866656250001 0.13774656875 0.8160893687499999 0.13231357500000002 0.8200669046875 0.1337935578125 0.8255828828125
1 0.2783368953125 0.8095145796875001 0.276928034375 0.815165653125 0.2869021984375 0.8184226671875001 0.310300178125 0.820431328125 0.318348446875 0.82377840625 0.331485021875 0.8194406078125 0.34778400625 0.807507996875 0.354582084375 0.8078106578125 0.35050050312500003 0.8055192296874999 0.30902264218750003 0.7962885859375 0.3048836078125 0.7933792671875 0.2783368953125 0.8095145796875001
1 0.3190570046875 0.7585847265625 0.34211029375 0.7568860500000001 0.35133762812499997 0.752110490625 0.344813115625 0.74434811875 0.332179903125 0.7436977625 0.2965508484375 0.745363978125 0.29277018125 0.7567111625 0.29906489999999997 0.762001975 0.31158321718750004 0.7614165484375001 0.3190570046875 0.7585847265625
1 0.11692834062499999 0.706600309375 0.1340452765625 0.713867321875 0.1542097234375 0.712303740625 0.162315440625 0.716268709375 0.162991146875 0.713134228125 0.1782259609375 0.71056003125 0.18728095312499998 0.703930803125 0.1838750734375 0.6985048921875 0.17407325468749998 0.69710155 0.146205228125 0.6990253921875 0.1223476609375 0.6920736093750001 0.11692834062499999 0.706600309375
1 0.2789634 0.681025921875 0.27580099062499996 0.6886207343749999 0.259833025 0.6937115203124999 0.2601202671875 0.6968009687500001 0.2750815109375 0.7016864890625001 0.2825689734375 0.7094038296875 0.29033000000000003 0.70966145625 0.33245621875000003 0.6946592921875 0.3369262671875 0.6907267859374999 0.3354462828125 0.685210809375 0.3314221484375 0.6835372703125 0.31318359687499997 0.685010784375 0.2789634 0.681025921875
1 0.29930294375 0.6397372515625 0.30332707812500004 0.6414107890625 0.3186767875 0.640072375 0.32592078281250003 0.6347689937500001 0.3262517984375 0.6279271703125 0.317068234375 0.6227714546875001 0.30539796875 0.62207606875 0.27248541249999997 0.6217535140625 0.254490328125 0.63624775 0.2805035828125 0.6455810265624999 0.29930294375 0.6397372515625
1 0.1286068578125 0.5825594109375001 0.11853147187499999 0.5886157812499999 0.10811139218750002 0.5909648125 0.10460429375 0.594852284375 0.139284075 0.603780265625 0.16114462499999999 0.5996550609375 0.177443609375 0.58772245 0.175115575 0.5834872875 0.165198859375 0.5808481640625 0.152737990625 0.58205148125 0.14576756562499998 0.57989515 0.1286068578125 0.5825594109375001
1 0.155550209375 0.653906853125 0.17866094999999999 0.652826065625 0.192588125 0.6465895625 0.1892396953125 0.6417815421874999 0.1804008234375 0.640333165625 0.1582530328125 0.6413689203125 0.138534496875 0.6373264562500001 0.129148490625 0.65079750625 0.1442820828125 0.6575366953125 0.155550209375 0.653906853125
1 0.244994925 0.5653254984375 0.24947864687500002 0.5719421578125 0.27889777968749996 0.586701346875 0.2828070171875 0.5871391046875 0.3125872640625 0.5745760359375 0.3120702296875 0.5690150265625 0.3030590125 0.56571298125 0.286574009375 0.5652427578125 0.26390918281250003 0.560717503125 0.25150576406249997 0.562538709375 0.2474241796875 0.56024728125 0.244994925 0.5653254984375
1 0.26399948125 0.4992761953125 0.2645739625 0.5054550953125 0.25392409374999997 0.5053325656250001 0.2495114953125 0.5098829609375 0.2524714609375 0.5209149156249999 0.2565530421875 0.52320634375 0.2839177109375 0.52627065625 0.313654184375 0.5236388578125 0.322090915625 0.520762003125 0.3203236921875 0.512156575 0.306153046875 0.50537235625 0.2917662859375 0.5066657390625 0.27362895625 0.49882586875 0.26399948125 0.4992761953125
1 0.128007775 0.5137034234375 0.12223009062500001 0.5139736218750001 0.11691199062499999 0.5191869375 0.100829128125 0.52304194375 0.10350185 0.5309844499999999 0.116939340625 0.5402852625000001 0.1395330453125 0.5336434671875 0.161508490625 0.530754040625 0.16988777500000002 0.527259296875 0.17141153125 0.5228440015625 0.1554298890625 0.517385625 0.141043125 0.5186790078125 0.128007775 0.5137034234375
1 0.0904282265625 0.452782615625 0.0946383796875 0.4668589890625 0.10931238593749999 0.46865505625 0.12869990625 0.47953934218749994 0.169805728125 0.4639643203125 0.1703090890625 0.45897616562500004 0.166112609375 0.45544895781249994 0.1447554203125 0.454586009375 0.113021928125 0.4461408203125 0.081589353125 0.45133424062499994 0.0904282265625 0.452782615625
1 0.260812471875 0.4441939203125 0.25102432812500003 0.453339740625 0.241624646875 0.45626162812500004 0.2419693375 0.45996896875 0.2607249234375 0.46405646562499997 0.2668472984375 0.46749360937500006 0.26719198906249997 0.4712009484375 0.28752878125 0.47149104062499997 0.294428084375 0.46248031718749993 0.3096054515625 0.45928823124999996 0.3138457046875 0.45288416875 0.3005805578125 0.44543702500000004 0.288795396875 0.4435058578125 0.260812471875 0.4441939203125
1 0.2413565796875 0.38056381875 0.2367716359375 0.3832605421875 0.2523648140625 0.39494285156250003 0.278709084375 0.3974343046875 0.286757353125 0.40078138281250003 0.303860615625 0.3974992328125 0.31019910781250004 0.39285877187499996 0.309567175 0.3860619828125 0.3023669578125 0.3814340921875 0.283280353125 0.38418841718749996 0.25965258125 0.3797081953125 0.2413565796875 0.38056381875
1 0.14921454375 0.3985255796875 0.14948810937499998 0.39106586718749997 0.1393416 0.3859551859375 0.0875722328125 0.3908585171875 0.0813486359375 0.3967347578125 0.091437696875 0.4012275484375 0.1207282578125 0.4042017953125 0.14287605 0.4031660421875 0.14921454375 0.3985255796875
1 0.0681737875 0.3278463078125 0.0874464125 0.3374948125 0.10699260156249998 0.3396836078125 0.1431824671875 0.33364713125 0.143628378125 0.3280410875 0.1393170015625 0.3232781 0.10469466875 0.3149680078125 0.0901930078125 0.3150256109375 0.0839119640625 0.320283959375 0.068792046875 0.3240939328125 0.0681737875 0.3278463078125
1 0.2382461953125 0.2534910734375 0.26141438125 0.25302817499999997 0.2696787703125 0.2482976515625 0.2820821890625 0.24647644375 0.2864947875 0.24192605 0.28609265 0.23760082031250002 0.273790453125 0.23010864375 0.23629295 0.23248281249999997 0.2176659328125 0.24018025937499998 0.21812552031250002 0.245123378125 0.2382461953125 0.2534910734375
1 0.2925268640625 0.30680450000000004 0.267821246875 0.30113353125 0.265608109375 0.298134146875 0.2568266875 0.2973036625 0.2516234859375 0.3037527578125 0.23536827656249998 0.30575409531250003 0.216741259375 0.31345154218750004 0.2181063453125 0.3177317375 0.21205509375 0.32546164843750003 0.23516583125 0.32438086093749996 0.2471807875 0.3287835875 0.2556175234375 0.32590673125 0.2653044453125 0.3260742953125 0.2735688328125 0.32134376875 0.291635040625 0.31801658593750004 0.2947974484375 0.310421775 0.2925268640625 0.30680450000000004
1 0.100213696875 0.2667725875 0.1306833234375 0.261624196875 0.133227475 0.257781759375 0.13043985625 0.248603475 0.10334875624999999 0.23807945 0.05446823125 0.2428476828125 0.0478424953125 0.24439869218750002 0.046318739062499996 0.2488139890625 0.0715413921875 0.26004596874999997 0.100213696875 0.2667725875
1 0.027497528124999997 0.1504019171875 0.022970034375 0.15371653125 0.023372171875 0.1580417609375 0.047402084375 0.1668472140625 0.088879946875 0.17607785625 0.119234678125 0.1696936859375 0.12001160468750001 0.15724581875000002 0.094343040625 0.1516198828125 0.0891261640625 0.1475198171875 0.0813651359375 0.14726219062499998 0.0682285625 0.1515999890625 0.027497528124999997 0.1504019171875
1 0.2089912328125 0.14687886875 0.20769727031250002 0.15376572500000002 0.2177863296875 0.1582585171875 0.2203441578125 0.164965240625 0.24000524531249998 0.16838981718749998 0.2710931296875 0.15948905156249998 0.2741406421875 0.1506584609375 0.2695420234375 0.142806021875 0.2528272265625 0.139864240625 0.2415016515625 0.14287619375 0.21906661875000003 0.1408224984375 0.2089912328125 0.14687886875
1 0.24731218593749998 0.0805468015625 0.2551169875 0.0708731546875 0.237094553125 0.0642690640625 0.2233834953125 0.062427964062499994 0.196535865625 0.0649246625 0.18923442343750002 0.06961015625 0.1887310609375 0.0745983078125 0.201938759375 0.0814275625 0.24731218593749998 0.0805468015625
1 0.022083709375 0.08177109375 0.052638134375 0.0983389203125 0.0701873078125 0.089450725 0.09403120000000001 0.085853346875 0.091071234375 0.0748213921875 0.0778060890625 0.06737424843749999 0.066078375 0.0660609734375 0.032145421875 0.065165559375 0.028580873437499998 0.06843514218749999 0.0113627171875 0.0704815109375 0.022083709375 0.08177109375