1 0.682524140625 0.035769575 0.6603906734375 0.034609609375 0.662570471875 0.05323997968750001 0.678943259375 0.074941275 0.68106534375 0.0705575765625 0.682524140625 0.035769575
1 0.6175680125 0.040204639062500006 0.615241584375 0.0322434453125 0.5950698921875001 0.0311862921875 0.5950118875 0.038847960937499995 0.6017072812500001 0.0679213859375 0.608786965625 0.060867887499999995 0.6175680125 0.040204639062500006
1 0.5471463359375 0.06327444374999999 0.544301709375 0.0502222984375 0.5363021703124999 0.02810640625 0.5230967515625 0.027414339062499998 0.523510946875 0.041433121875 0.528788584375 0.0696496 0.5437345062500001 0.0791557015625 0.5471463359375 0.06327444374999999
1 0.4867496578125 0.07068266875 0.4772736421875 0.0347343546875 0.47348688125000005 0.024890326562500002 0.4733045890625 0.024804842187500002 0.46943442968750004 0.024602015625 0.46587667499999996 0.0330397484375 0.469690759375 0.07689850937500001 0.476313040625 0.088456434375 0.4867496578125 0.07068266875
1 0.42577729062499997 0.027649809375 0.414949178125 0.0289779796875 0.41346513749999997 0.058023839062500006 0.4156054375 0.0763166296875 0.424413809375 0.0896681140625 0.4294903171875 0.08801458281249999 0.433789384375 0.074086196875 0.42577729062499997 0.027649809375
1 0.36407203125 0.091915353125 0.36679775000000003 0.1039512296875 0.37128883749999997 0.1085546078125 0.3772525828125 0.10885395 0.3810211296875 0.09602148906249999 0.3745544375 0.057642353125000004 0.36911210625 0.0449088421875 0.3627367453125 0.046721692187500004 0.36407203125 0.091915353125
1 0.3027881140625 0.0973707046875 0.305047321875 0.11667976093750002 0.3142033015625 0.12174179843749999 0.32482283125 0.111161553125 0.3178987328125 0.09139383906250001 0.3136272390625 0.0661465015625 0.3117338578125 0.061224490625 0.3034102171875 0.0632763140625 0.3027881140625 0.0973707046875
1 0.24021445312499998 0.11432361718749999 0.2448335578125 0.1312815078125 0.25197725000000004 0.1304052671875 0.25769407499999997 0.11733383281250001 0.2660726140625 0.1101210171875 0.2567246125 0.0865272140625 0.2572460265625 0.07409304531250001 0.247376615625 0.062933409375 0.2427757296875 0.0686520078125 0.24021445312499998 0.11432361718749999
1 0.18194897031249999 0.12868638906250002 0.188927965625 0.143293115625 0.196775984375 0.1371762265625 0.1977730203125 0.128807121875 0.1917728421875 0.08315480625 0.1872177484375 0.0723741703125 0.18072348124999998 0.073170753125 0.18194897031249999 0.12868638906250002
1 0.1177564203125 0.11491234531250001 0.11919239687500001 0.1384457828125 0.12539395312499999 0.14077765625 0.13071738125000001 0.15249490000000002 0.1363702 0.133246209375 0.1362879765625 0.104392465625 0.133918971875 0.09540538750000001 0.129601690625 0.0866572828125 0.122339090625 0.0865172578125 0.1177564203125 0.11491234531250001
1 0.058192085937500006 0.129434434375 0.0634057140625 0.15147365468750001 0.0714366453125 0.1525502890625 0.07886394062499999 0.13720734375000002 0.0736869921875 0.087330646875 0.067247625 0.08296624062499999 0.059106896875 0.0922115875 0.058192085937500006 0.129434434375
1 0 0.101749284375 0.0002742078125 0.13550775937499998 0.00342065 0.1567696921875 0.00631106875 0.1533226015625 0.012393718750000001 0.15463820781249998 0.019766115625 0.1444562546875 0.0215863828125 0.13186276875 0.016537448437499998 0.09434058125 0.007729076562499999 0.080989096875 0 0.0870132796875 0 0.101749284375
1 0.9232827625000001 0.16454943125 0.9284232781249999 0.169073153125 0.93220093125 0.1675789375 0.9326164875 0.15987021562499998 0.9261276390625 0.10441112187499998 0.9243531624999999 0.10050537343749999 0.920456603125 0.10098332343750001 0.916450246875 0.11178325 0.9151056015625001 0.1284418015625 0.9177215249999999 0.15079965625 0.9232827625000001 0.16454943125
1 0.8343115640625 0.102272171875 0.8340279625000001 0.11673887187500001 0.8424429343750001 0.15487903593750002 0.85473625 0.169864759375 0.8561998000000001 0.15422247656250002 0.8507941484374999 0.11365149062499999 0.8431657265625001 0.0991244234375 0.8377325000000001 0.09772915625 0.8343115640625 0.102272171875
1 0.7457608375 0.12241141874999999 0.758959609375 0.16202650624999998 0.7704205843749999 0.169898365625 0.77342990625 0.16746754375 0.7752501734374999 0.15487405625 0.769624928125 0.13494702812499998 0.76961581875 0.123608784375 0.75595964375 0.10260512031249999 0.7469316796875 0.10989759218749999 0.7457608375 0.12241141874999999
1 0.6734366703125 0.12922096249999998 0.6813211203125 0.16845705 0.691071628125 0.1786004203125 0.69691646875 0.1778834953125 0.69914835 0.16317781874999998 0.6880716640625 0.11917903437499999 0.6823366234375 0.10957398125 0.6784400625 0.1100519328125 0.6734366703125 0.12922096249999998
1 0.608594696875 0.11552657656250001 0.6054206765625 0.13344036718750002 0.608695134375 0.1670568078125 0.6205128281250001 0.17797746718750002 0.624171578125 0.17546698593750001 0.6259918437499999 0.1628735 0.6222508718750001 0.1365302390625 0.6162140109375 0.11871539843750001 0.61237235 0.114032359375 0.608594696875 0.11552657656250001
1 0.5349807828124999 0.13383368125 0.54297503125 0.1627477921875 0.5553963609375 0.190088025 0.5565580921875 0.16623595468750002 0.5538232625 0.1428618328125 0.543999640625 0.11520296562500001 0.5385664171875 0.1138077 0.5349807828124999 0.13383368125
1 0.4809045671875 0.144590046875 0.4869047453125 0.1902423640625 0.48920974375000004 0.1930521875 0.4987773375 0.1960020359375 0.502198275 0.1914590203125 0.5044941640625 0.18293059843749998 0.500222671875 0.1576832640625 0.48963071406249997 0.1290877875 0.481956503125 0.1310599546875 0.4809045671875 0.144590046875
1 0.4270385890625 0.1965546671875 0.43956971562499997 0.213572921875 0.44640248437499996 0.1931486515625 0.436505746875 0.1479742828125 0.43118231875 0.1362570390625 0.4238648203125 0.14127800468750001 0.4270385890625 0.1965546671875
1 0.37537716875 0.1997988765625 0.3799322625 0.2105795125 0.38500877031249997 0.20892597968749999 0.387542471875 0.202430090625 0.38703952343750003 0.16435029375000001 0.3839570859375 0.14926561875 0.380115425 0.1445825828125 0.373868078125 0.158749940625 0.37537716875 0.1997988765625
1 0.3125383734375 0.1807045265625 0.32058752031250004 0.20445764687499998 0.32939589062499997 0.2178091296875 0.3346370953125 0.20067263125 0.329368565625 0.1837943984375 0.32675264375 0.16143654375 0.32178593437499997 0.1527680984375 0.31723994843750003 0.15332570625 0.3125383734375 0.1807045265625
1 0.2501934140625 0.188351728125 0.258013859375 0.22141055937499998 0.2628616640625 0.22906273906250002 0.26752655625 0.229521396875 0.27094749375 0.22497838125 0.272703753125 0.2062076421875 0.2660814734375 0.1946497140625 0.2590933671875 0.1687047453125 0.255901134375 0.16394205 0.25094353125 0.166611846875 0.2501934140625 0.188351728125
1 0.18954981875000002 0.182389178125 0.1898240625 0.2297746859375 0.200223996875 0.23983839687500003 0.204651078125 0.2382645234375 0.2094257671875 0.22840120156250002 0.20237365624999998 0.196278978125 0.20284016875000002 0.1890058 0.19751674218749998 0.17728855625 0.1928518515625 0.17682989843750002 0.18954981875000002 0.182389178125
1 0.12262219218749999 0.21843146406249997 0.1192652625 0.2291517359375 0.1208659328125 0.23720220625000002 0.1327476328125 0.254300121875 0.1377052359375 0.251630321875 0.13887607500000002 0.23911649375000002 0.1363608421875 0.19509841875 0.1308636109375 0.18752589687500001 0.12277778125000001 0.19161025468749998 0.12262219218749999 0.21843146406249997
1 0.0681070375 0.197285290625 0.065399534375 0.2079259 0.071527725 0.265932728125 0.0872237625 0.25369894843749996 0.0845438328125 0.225163840625 0.0777935375 0.2012514015625 0.07188469374999999 0.195791071875 0.0681070375 0.197285290625
1 0.0083597875 0.2046138578125 0.0092834578125 0.25191970625 0.0156679265625 0.2614451015625 0.024046465625 0.2542322875 0.02592163125 0.23647781406249999 0.021878840625 0.201924765625 0.017268846875 0.19630511875 0.0127228609375 0.196862728125 0.0083597875 0.2046138578125
1 0.9399297953125 0.23363623437499997 0.9344507796875 0.24874020156249999 0.9414479921875 0.286023415625 0.9482101046875 0.293146259375 0.9412286484375001 0.23347691875 0.9399297953125 0.23363623437499997
1 0.8492020859375 0.26332016875 0.8590257093749999 0.2909790375 0.8707885031249999 0.3070606859375 0.8743832453125 0.2983729484375 0.8740174203125 0.28398590625 0.8677885390625001 0.24763930156249997 0.861989490625 0.2318569921875 0.8541963703125001 0.23281289218749998 0.8492020859375 0.26332016875
1 0.7702465296875001 0.24723354375 0.7684811625 0.2546660390625 0.77578019375 0.300159040625 0.786180128125 0.31022275 0.7902504921875 0.305600078125 0.791009715625 0.295198440625 0.787625459375 0.271903978125 0.7794574078125 0.24713459218749997 0.776502984375 0.2444044265625 0.7702465296875001 0.24723354375
1 0.68772355625 0.2738493859375 0.6919401484375001 0.3042577109375 0.701452846875 0.3123685484375 0.7093008640625 0.306251659375 0.7008767859375 0.256773253125 0.6954984609375 0.2502169984375 0.6910713796875 0.25179087187500004 0.68772355625 0.2738493859375
1 0.619213725 0.2513272375 0.6157378890625 0.261031240625 0.6213813515625 0.303634759375 0.630839146875 0.3169065859375 0.6346625921875 0.2989131375 0.6412117578125 0.2929555640625 0.640086709375 0.28897015625 0.6283697046875 0.25638927499999997 0.6229913796875 0.249833021875 0.619213725 0.2513272375
1 0.5545637718750001 0.2561646171875 0.5609755640625 0.29970474375 0.5713846078125 0.321106696875 0.573744503125 0.3187555296875 0.5751440453125001 0.2969359921875 0.5714030734375 0.27059273125 0.563235021875 0.2458233453125 0.5553229953125001 0.245762978125 0.5545637718750001 0.2561646171875
1 0.49560306875000004 0.2871062796875 0.5063688281250001 0.31155703125 0.509972678125 0.3142075390625 0.519714078125 0.3130126640625 0.5178115890625 0.29675240468749997 0.5114180109375 0.2758887671875 0.5049695359374999 0.26018611875 0.49982902031250004 0.2556623953125 0.49560306875000004 0.2871062796875
1 0.439359228125 0.245555121875 0.4346394390625 0.2502574546875 0.4359474 0.26143638125 0.43159343437500003 0.2805257546875 0.43420935624999996 0.302883609375 0.4441427765625 0.3202205 0.4523475125 0.317152409375 0.45835704843749997 0.3009525171875 0.45289650000000004 0.26554251875 0.4477559859375 0.2610187984375 0.44373141250000003 0.2491422375 0.439359228125 0.245555121875
1 0.37412385625 0.2566494140625 0.38148689375 0.3083196703125 0.3875146453125 0.31479626562499996 0.3931216734375 0.312046809375 0.400494071875 0.301864853125 0.3987744921875 0.29279811875 0.38220968593750004 0.2525650578125 0.376127034375 0.2512494515625 0.37412385625 0.2566494140625
1 0.3232031921875 0.300005953125 0.326111825 0.3192353515625 0.32954187031250004 0.32603058125 0.3392192625 0.3186584515625 0.34057301562500003 0.31333814531250004 0.3337404984375 0.26057196718750003 0.3253528515625 0.2564465359375 0.32187701562500004 0.26615053906249997 0.3232031921875 0.300005953125
1 0.2581143 0.2729407921875 0.2564678375 0.2813895546875 0.2639406734375 0.32273783125 0.27145018906249996 0.33624863125000004 0.278237165625 0.332323590625 0.28017633750000004 0.320746371875 0.2754292234375 0.2914339703125 0.267206271875 0.2718255734375 0.2597058609375 0.26965301875000003 0.2581143 0.2729407921875
1 0.19367458125 0.3189864234375 0.194269109375 0.32406775312499997 0.212471271875 0.34451380781249996 0.213761015625 0.33301624687500003 0.2084102640625 0.287284271875 0.20498022031250002 0.280489040625 0.19831215 0.2854303484375 0.19367458125 0.3189864234375
1 0.12834787812499998 0.2898887265625 0.125814178125 0.29638461562499996 0.1347047703125 0.3385898421875 0.1456992328125 0.353734884375 0.1528887171875 0.33635940937500003 0.14708966875 0.32057710156249997 0.14418103437500002 0.301347703125 0.140513178125 0.292519940625 0.1339549046875 0.28713927031250003 0.12834787812499998 0.2898887265625
1 0.06999081093750001 0.3372499671875 0.08585129531249999 0.3827236734375 0.0907906796875 0.35737738750000003 0.0862813765625 0.33009751718749997 0.07835113437499999 0.3073606625 0.069670778125 0.306363690625 0.06999081093750001 0.3372499671875
1 0.0167836171875 0.3272827171875 0.0153200671875 0.34292500000000004 0.0172225578125 0.359185259375 0.0256833203125 0.3808261890625 0.031528159374999996 0.3801092640625 0.0351229 0.3714215265625 0.03142771875 0.32857903125 0.025573771875 0.3179577125 0.018548984375 0.3198502203125 0.0167836171875 0.3272827171875
1 0.9568508187500001 0.423299 0.9638024140624999 0.4264111328125 0.9566863734375 0.3655915140625 0.9504208078125 0.35708238593749997 0.9459937281249999 0.3586562609375 0.9429295078125 0.3662480734375 0.9411274578125 0.401518046875 0.9503383375000001 0.40141909531250003 0.9568508187500001 0.423299
1 0.862821328125 0.3853517609375 0.8663702796875 0.3931632578125 0.8751146453124999 0.40033748750000003 0.8868316484375001 0.43291836874999995 0.9017866765625 0.4537627140625 0.90128373125 0.41568291718749995 0.8936461984375 0.38981760625 0.8853683484375001 0.3753701984375 0.8803467390625 0.3718627421875 0.862821328125 0.3853517609375
1 0.7872409203124999 0.38122135468749996 0.785420653125 0.393814840625 0.7909269921875001 0.41272560468749997 0.7917684406250001 0.4311777125 0.8034763359375001 0.45242034999999997 0.8113701453125 0.429804225 0.8037784046875001 0.3874396828125 0.7971561234375 0.37588175625 0.7906618578125 0.37667833906250003 0.7872409203124999 0.38122135468749996
1 0.7013428 0.39588097968749997 0.7073887671875 0.4250340625 0.7186301484375 0.45354988125 0.7221150921875 0.4551841234375 0.7244749890625 0.45283295625 0.7245847875 0.44251097812499995 0.716453415625 0.38990411406250003 0.7099500421875 0.37936245468749996 0.7055229609375 0.380936328125 0.7013428 0.39588097968749997
1 0.62920154375 0.40988404687499996 0.632695596875 0.4228565296875 0.6289270499999999 0.43568898906250003 0.6298782953125001 0.44381911875 0.64246431875 0.4556763859375 0.650413028125 0.42789927499999997 0.6492239718749999 0.41773661406249996 0.6396381609375 0.3921102796875 0.6349092625 0.38547436562500004 0.6288906171875001 0.39033601406249996 0.62920154375 0.40988404687499996
1 0.5641217578125 0.3941571265625 0.5669297015625 0.435046746875 0.5783997875 0.45425685156249995 0.58258905625 0.45065044375 0.5884796859375 0.4334342859375 0.58042143125 0.398342921875 0.5768724796875 0.3905314265625 0.5703142062500001 0.38515075468750004 0.5641217578125 0.3941571265625
1 0.5089204953124999 0.4009280859375 0.506121409375 0.4445671625 0.5126796812500001 0.4499478359375 0.5154603015625 0.45682272187499995 0.52360103125 0.4475773765625 0.5285037328125 0.4500685671875 0.5326838953124999 0.435123915625 0.5308454125 0.4250409125 0.519073509375 0.39762101875 0.5121036203125 0.3943525390625 0.5089204953124999 0.4009280859375
1 0.44461814843749997 0.3974760171875 0.4442156421875 0.4109264515625 0.44959396875 0.41748270625000006 0.4503714078125 0.42975755781249997 0.4689393953125 0.46459065468749994 0.4732475703125 0.4620005140625 0.4786625765625 0.440719290625 0.47617466875 0.4307159484375 0.4564816328125 0.39189744375 0.4484507015625 0.3908208125 0.44461814843749997 0.3974760171875
1 0.3918316796875 0.3967348234375 0.389654696875 0.406279509375 0.3941548921875 0.422221134375 0.3963043 0.45185216875 0.401444815625 0.45637589062500006 0.4059999109375 0.46715652656250006 0.4090641296875 0.4595647140625 0.4094666375 0.44611427968750006 0.40719832343749995 0.415466978125 0.40358536406249995 0.4014782265625 0.4009236515625 0.39561960625000003 0.3961398546875 0.39414468125 0.3918316796875 0.3967348234375
1 0.326834115625 0.40986164687500004 0.323596090625 0.4215981828125 0.3251418640625 0.43480964218749996 0.33384043750000003 0.458483103125 0.3411670421875 0.46480038281249997 0.3455941234375 0.463226509375 0.3450544953125 0.4529841890625 0.33900852656249997 0.4238311046875 0.3355144734375 0.41085862031250003 0.3311422921875 0.40727150625 0.326834115625 0.40986164687500004
1 0.26117801875 0.411729884375 0.258351609375 0.42135422968749997 0.27037043125000004 0.4621448984375 0.28838967968749996 0.47539743124999995 0.29062156250000004 0.46069175625 0.28866417499999997 0.4495924875 0.2763526421875 0.4119302734375 0.27174265000000003 0.40631062812499996 0.26117801875 0.411729884375
1 0.2042022796875 0.414595096875 0.20533643750000002 0.429918746875 0.20204351250000002 0.44681627187500006 0.20891271250000001 0.471744975 0.22416045156250003 0.4894608640625 0.2265294546875 0.4984479421875 0.22880712656250002 0.4672430328125 0.22466365000000002 0.4543502078125 0.22346548593749999 0.4328493015625 0.2143552953125 0.41128803124999996 0.20685488593749998 0.40911547343750004 0.2042022796875 0.414595096875
1 0.1405035703125 0.42756260468749996 0.14400673125000002 0.45187333125 0.14366823125 0.471501021875 0.15756221718750002 0.49453721718750004 0.166160353125 0.46668044843749995 0.158522821875 0.4408151375 0.1492388265625 0.4233985890625 0.1451044546875 0.42184400625 0.1405035703125 0.42756260468749996
1 0.077746996875 0.4373219953125 0.08386608125 0.4839905796875 0.08907060156249999 0.49469155625 0.0947416375 0.49811935468749996 0.1039343 0.475343915625 0.09671749375000001 0.4587046578125 0.0942753734375 0.4322020796875 0.08812871718750001 0.42470921875 0.08151554375 0.424489534375 0.077746996875 0.4373219953125
1 0.023661675 0.43674011718749994 0.0220152125 0.4451888796875 0.027009246874999997 0.48787205624999996 0.0360554296875 0.5032560734375 0.0417813640625 0.5015228828125 0.044717570312499996 0.481576559375 0.0431169 0.4735260890625 0.032991459375 0.437657434375 0.02796985 0.4341499765625 0.023661675 0.43674011718749994
1 0.8942311171874999 0.5299416 0.9005240078125001 0.5724654609375001 0.917363309375 0.586893578125 0.9187079515625 0.570235028125 0.9128357890625001 0.5369372203125 0.9029023687500001 0.51960033125 0.89652700625 0.521413178125 0.8942311171874999 0.5299416
1 0.811104509375 0.54013786875 0.81087580625 0.54944358125 0.8061560156249999 0.5541459125 0.8140771484375 0.5655445234375 0.8185864531249999 0.5928243906249999 0.8292790953125 0.59975964375 0.8389473796875 0.5810492703125 0.8288310484375 0.556518859375 0.8266907484375 0.5382260671875 0.8218429437499999 0.5305738890625 0.8166475296875 0.53121115625 0.811104509375 0.54013786875
1 0.7287371234375 0.5399325 0.7208251 0.539872134375 0.718940825 0.5462883671875 0.72409955625 0.5734885750000001 0.7362190671875 0.5926190234375001 0.7413686890625 0.608480990625 0.7508813859375 0.6165918265625 0.7547779453125 0.6161138765625 0.75275655 0.598837353125 0.7457044390625 0.566715128125 0.7392559640624999 0.551012478125 0.7287371234375 0.5399325
1 0.6451439984375 0.55740195 0.6500191281250001 0.5990688609375 0.6605379671875 0.6101488374999999 0.66283385625 0.6016204171874999 0.6687335953125 0.5957425015625 0.6616905921875 0.574958521875 0.659788103125 0.5586982640625 0.6535774375 0.545028146875 0.6473209828125001 0.5478572640625 0.6451439984375 0.55740195
1 0.581756215625 0.5899174890625 0.58879921875 0.6107014687500001 0.602089571875 0.6173180890625 0.605510509375 0.612775075 0.6047970765625 0.6066774765625 0.5953210609374999 0.5707291624999999 0.58472910625 0.5421336875 0.5801373296875 0.5591905296874999 0.581756215625 0.5899174890625
1 0.5223932578125 0.5611191343749999 0.5258324109375 0.5792526062500001 0.5223656828125 0.6002948546875 0.53921409375 0.6260612140624999 0.542863734375 0.6122124875 0.543028428125 0.5967295218750001 0.5364428328125 0.5573341171874999 0.529820553125 0.545776190625 0.52563128125 0.5493825984375 0.5223932578125 0.5611191343749999
1 0.457990221875 0.5793272875000001 0.4646856171875 0.6084007140625001 0.47053956562500004 0.6190220328125 0.4779668609375 0.603679090625 0.4725612109375 0.563108103125 0.4667072640625 0.552486784375 0.45838362187500004 0.554538609375 0.457990221875 0.5793272875000001
1 0.396532503125 0.5889273625 0.4029351890625 0.6211292453125 0.41658225781249997 0.6307946640625001 0.42118314218749997 0.62507606875 0.41175291718749996 0.572628521875 0.40601787656250005 0.5630234671875 0.398755278125 0.5628834453125 0.396532503125 0.5889273625
1 0.338129896875 0.5795973812499999 0.3366023421875 0.5890624109375 0.3388706546875 0.6197097125 0.3460874625 0.6363489671875 0.35406349375 0.6425865875000001 0.36107917343749996 0.6293558359375 0.3549234078125 0.6105247312500001 0.3524812890625 0.584022153125 0.34852072343749996 0.578322846875 0.34178864375 0.5770869000000001 0.338129896875 0.5795973812499999
1 0.2803033515625 0.6258626953124999 0.291188015625 0.651329715625 0.2940784328125 0.647882625 0.295834690625 0.629111884375 0.292313315625 0.5821246671875 0.2892399875 0.5783782359375 0.27926077656250003 0.57754058125 0.2774496171875 0.6014723078124999 0.2803033515625 0.6258626953124999
1 0.21438211875 0.59168366875 0.2139338203125 0.6216333359374999 0.222156771875 0.641241734375 0.2323829015625 0.6554501687500001 0.23750520000000003 0.6372974015625 0.234002040625 0.6129866734375 0.22950184375 0.5970450484375001 0.22388570625 0.5884562625 0.21438211875 0.59168366875
1 0.15445195625000002 0.5918187171875 0.1503358 0.612940621875 0.14988750312500002 0.642890290625 0.1664340953125 0.6604468609375 0.17398029375 0.6461201875 0.17302905 0.6379900578125001 0.1662238578125 0.6192386078125 0.1620712703125 0.5950075390625 0.15445195625000002 0.5918187171875
1 0.0911099640625 0.6078350218749999 0.0857316390625 0.6012787687500001 0.0768774765625 0.6044265171875 0.07647496875000001 0.6178769515625 0.09327758750000001 0.6601425453124999 0.101957946875 0.6611395171875001 0.10944924687499999 0.6519738312500001 0.11080300000000001 0.646653525 0.107254046875 0.6388420296875 0.10247025000000001 0.6373671062499999 0.0937807859375 0.6250318874999999 0.0911099640625 0.6078350218749999
1 0.026304421875 0.6394936109375 0.027795295312500003 0.6578660609375 0.039146475 0.6760598984375 0.0475890203125 0.675024340625 0.050296525 0.664383728125 0.0464275390625 0.6256859578125 0.0353141703125 0.60952465 0.03124380625 0.6141473234375 0.026304421875 0.6394936109375
1 0.046554803125 0.857611828125 0.052052034375 0.8651843484375 0.0574212515625 0.860402359375 0.06094287968749999 0.834199121875 0.059506903124999996 0.8106656843750001 0.054832903125 0.798868784375 0.0463903578125 0.7999043421875001 0.042091289062499995 0.8138327265624999 0.046554803125 0.857611828125
1 0.0674640125 1 0.06804027968750001 0.99620301875 0.06333895625 0.9503913859375 0.05659776875 0.9378171937499999 0.0493991796875 0.9438544249999999 0.05097843125 0.974242628125 0.0474324328125 0.9946073640625 0.0509777921875 1 0.0674640125 1
1 0.1317333125 1 0.13440070312500002 0.989094134375 0.13236404531249998 0.9773173546875 0.133669053125 0.96032005 0.129580471875 0.942266234375 0.12573881250000002 0.9375831968749999 0.1187140234375 0.9394757031250001 0.11012499843750001 0.9786707171875 0.1203159890625 1 0.1317333125 1
1 0.1058904390625 0.8523954515625001 0.11463480156250001 0.8595696796875 0.119949121875 0.8599486781250001 0.12684589375 0.8457016609375 0.12086393437500001 0.82272583125 0.1263429484375 0.8076218656249999 0.11925415312500001 0.8033371171875 0.1034301046875 0.8032163859375 0.10209456875 0.8312131765625 0.1058904390625 0.8523954515625001
1 0.166232465625 0.776957759375 0.1676593328125 0.7891529515625 0.1638907875 0.8019854140625 0.16633290625 0.8284879921874999 0.17732736875 0.8436330328125001 0.181105021875 0.8421388171874999 0.1918892484375 0.8160756046875 0.1858523875 0.7982607640625 0.18282484999999998 0.7780151 0.177739234375 0.7683303890625 0.16823564687499998 0.7715577953125 0.166232465625 0.776957759375
1 0.1799339328125 0.9278430953125 0.17751913749999998 0.9353552515624999 0.176430521875 0.9767228203125 0.18683956562499998 0.9981247765625 0.19090992812500002 0.9935021031250001 0.20015748906250003 0.965565675 0.194056621875 0.9415735796875 0.19080038125 0.9306336265624999 0.18489153593750002 0.9251732968749999 0.1799339328125 0.9278430953125
1 0.2935286953125 0.9190638734375 0.297745290625 0.9494722 0.304074859375 0.9641585828125001 0.311282559375 0.969459596875 0.315636525 0.950370221875 0.312846796875 0.9321570906250001 0.3159659171875 0.9194042890624999 0.30945343593749997 0.8975243828125 0.302245734375 0.8922233703125 0.296464903125 0.8991175515625001 0.2935286953125 0.9190638734375
1 0.23802561249999998 0.917625046875 0.23756820781250002 0.9362364703124999 0.2462209890625 0.9764091640625001 0.2495321296875 0.982188128125 0.2554958765625 0.9824874703124999 0.2586790015625 0.9759119234375 0.2612676 0.9642550453125001 0.2590724015625 0.95112324375 0.2495414890625 0.92033591875 0.2450504 0.9157325390625 0.23802561249999998 0.917625046875
1 0.221909353125 0.7742518656249999 0.2196774703125 0.7889575421874999 0.22452527500000002 0.7966097203125 0.2306261421875 0.8206018140625 0.235711759375 0.830286525 0.24131878593749997 0.8275370687500001 0.2534567640625 0.79615355 0.249734009375 0.792486778125 0.2330502953125 0.75123745 0.229976965625 0.7474910203125 0.23145873125 0.754525225 0.221909353125 0.7742518656249999
1 0.28483062187499997 0.7490095046875 0.2870349296875 0.7734795515624999 0.2853884671875 0.7819283140625 0.2869342390625 0.7951397734375 0.29349251249999997 0.80052044375 0.3045876640625 0.7940052640624999 0.30018815625 0.7564034171875 0.29734353125 0.7433512734375001 0.288187553125 0.7382892359375 0.28483062187499997 0.7490095046875
1 0.360950159375 0.9097631406250001 0.3609043703125 0.9262623718749999 0.3577761421875 0.9276769312500001 0.3632733734375 0.9352494515625001 0.3651209625 0.9566706984375 0.37558490624999996 0.9729116624999999 0.38968937812500004 0.9639656578125001 0.3783930984375 0.9406108312500001 0.37559426406249996 0.9110594546874999 0.372456928125 0.90113576875 0.3662553703125 0.8988038953125 0.360950159375 0.9097631406250001
1 0.350898334375 0.7450290765625 0.3426111265625 0.7924338796875 0.3442117984375 0.8004843484374999 0.3534866828125 0.8065626531250001 0.36111510468749997 0.82108971875 0.3643622390625 0.8206914281250001 0.36688683125 0.80285729375 0.374204328125 0.79783633125 0.36419779375 0.7629839421875 0.3625880125 0.7435952265625 0.3601641125 0.7397691375 0.3542003671875 0.7394697984375 0.350898334375 0.7450290765625
1 0.41401162343750003 0.7383184828125 0.40976745625 0.7470858796875001 0.4110205171875 0.7634257953125 0.41344442031249995 0.767251884375 0.4106271171875 0.7882144734375001 0.42475891718750003 0.8132832015625 0.4366681921875 0.7912053953125 0.4306771203125 0.756891321875 0.4279514015625 0.744855446875 0.4210364109375 0.7364259750000001 0.41401162343750003 0.7383184828125
1 0.47867929374999996 0.9025385 0.47816698906250005 0.9263109125 0.4933689375 0.9605260359375001 0.496789875 0.9559830203124999 0.49743019374999997 0.9445651171874999 0.501967071875 0.932669265625 0.50177505 0.9141375015625 0.49834500625 0.907342271875 0.497448659375 0.8940511531249999 0.4930124703125 0.884286784375 0.48822867187499996 0.8828118578125 0.47867929374999996 0.9025385
1 0.4206334046875 0.896257315625 0.4234871375 0.920647703125 0.421666871875 0.9332411890625 0.431243575 0.9475292796874999 0.44357357343750003 0.934677528125 0.4360000484375 0.9149894734374999 0.4332652203125 0.8916153515625 0.43024678906249997 0.88270793125 0.42469465937499995 0.8802964 0.4206334046875 0.896257315625
1 0.4844515171875 0.7379251703125 0.47860667812499996 0.7386420953124999 0.470721978125 0.772596459375 0.4718470265625 0.7765818671875 0.49218038125 0.8039824671875 0.499799696875 0.8071712890624999 0.5046383921875 0.803485225 0.5015650640625 0.79973879375 0.5013181453125 0.786368015625 0.49273847656249997 0.7637108234375 0.4894182296875 0.7465936140625 0.4844515171875 0.7379251703125
1 0.541884665625 0.716448534375 0.5326737859375 0.7165474859375001 0.5311462296875 0.7260125125 0.5335334484375001 0.7576760796875 0.5414087921874999 0.785573921875 0.5444821203125 0.789320353125 0.5564096109375 0.7899190359375 0.5603610703124999 0.784280096875 0.5584036828125 0.7731808265625 0.5648979468750001 0.77238424375 0.5637088921875 0.7622215828125001 0.55247661875 0.745044009375 0.5513424625 0.729720359375 0.541884665625 0.716448534375
1 0.5499333125 0.886582559375 0.550719859375 0.91019565625 0.5477287546875 0.93530296875 0.559665353125 0.9472398953125 0.5683457109375001 0.9482368671874999 0.5695714484375001 0.9305620515624999 0.574053428125 0.9238271890625 0.5733399953125 0.9177295921875 0.56594938125 0.9052350578125001 0.564815225 0.8899114078125001 0.5564184703125 0.8744477328125001 0.55211029375 0.8770378750000001 0.5499333125 0.886582559375
1 0.6085828359375001 0.9092833171875 0.6231811484375 0.927078865625 0.6275624390625001 0.9420042234375 0.64285596875 0.94322088125 0.6458743984375 0.9521283015625001 0.645847075 0.9181135687499999 0.6316512703125 0.8868675859374999 0.6270870687500001 0.8647487078125 0.622714884375 0.8611615921875 0.617638378125 0.862815125 0.6085828359375001 0.9092833171875
1 0.5984487890625 0.7156955125 0.597753571875 0.732274403125 0.58961284375 0.7415197499999999 0.5934087140625001 0.762702021875 0.5973052734375 0.762224071875 0.601915265625 0.76784371875 0.6093698859375001 0.7865155078125 0.613266446875 0.7860375578125 0.6146750953125 0.7755562625 0.6224591078125 0.7632621187499999 0.61836141875 0.7338700593749999 0.6143368453125 0.7219935000000001 0.604348528125 0.7098175984374999 0.5984487890625 0.7156955125
1 0.6633914515625 0.7077296765625001 0.662934046875 0.7263411015625 0.6677818515625 0.7339932796874999 0.6748888609375 0.760954515625 0.6896609781249999 0.7746053390625 0.69166415625 0.7692053765625 0.68940495 0.7498963203125 0.6807063765625 0.7262228578125 0.6802765453124999 0.7056585609375 0.6742487921875 0.699181965625 0.6671051 0.70005820625 0.6633914515625 0.7077296765625001
1 0.685196965625 0.87720714375 0.6879317921875 0.9005812656250001 0.6960449468750001 0.9305116421875 0.7024294156249999 0.9400370359375 0.707441915625 0.932206246875 0.7036187218750001 0.8770092421875001 0.6965848265625 0.8675635078124999 0.6889106125 0.8695356734375 0.685196965625 0.87720714375
1 0.7571004078125 0.8611715468750001 0.7570728328125 0.90034726875 0.762698078125 0.9202742984375 0.7759975375 0.9382291625000001 0.7797751921875 0.9367349468749999 0.7811198359375 0.9200763984375 0.785482909375 0.9123252671875001 0.7830498984375 0.897160934375 0.768497378125 0.8628661546874999 0.76282634375 0.8594383562499999 0.7571004078125 0.8611715468750001
1 0.823452221875 0.6963435109375 0.8236991421875001 0.7097142875 0.8202233046874999 0.719418290625 0.8237264671875 0.7437290203125 0.8358459765624999 0.7628594671875 0.8410413906249999 0.7622222 0.845806971875 0.7410206359375 0.8418190828125001 0.7013065984375 0.8319496671875 0.6901469625 0.8274036812500001 0.690704571875 0.823452221875 0.6963435109375
1 0.7550795140625 0.6975141171875 0.747762015625 0.70253508125 0.747423515625 0.7221627703125 0.7439476796875 0.7318667750000001 0.7457861625 0.741949778125 0.7442586046875 0.75141480625 0.7508808859375 0.7629727328125 0.7537346203124999 0.78736311875 0.7606954015625 0.77929335625 0.7653602921875 0.779752015625 0.7701258734375 0.7585504484375 0.76940333125 0.7411146093750001 0.775184165625 0.734220428125 0.7728151609375 0.72523335 0.7693302171874999 0.723599109375 0.7592138859374999 0.6990686984375001 0.7550795140625 0.6975141171875
1 0.833796759375 0.85794911875 0.833705178125 0.8909475828125 0.8455959859375 0.9193837421875 0.86155715625 0.943197228125 0.86586533125 0.9406070874999999 0.8663318468749999 0.933333909375 0.86286536875 0.881185703125 0.8473158109375 0.8552600265624999 0.8373366000000001 0.8544223687500001 0.833796759375 0.85794911875
1 0.9462113249999999 0.92353593125 0.948981015625 0.9283699000000001 0.9525206359375 0.867596978125 0.9436687656249999 0.845503121875 0.93091804375 0.849128821875 0.9295276093749999 0.882286603125 0.9462113249999999 0.92353593125
1 0.915378096875 0.6881604828125 0.911508859375 0.7226531640625 0.9184329578125 0.742420878125 0.9258144625 0.74357716875 0.9321989328125 0.7531025625 0.9391048124999999 0.7501937890625 0.9436416921875 0.7382979359374999 0.9376597296875 0.71532210625 0.93883056875 0.7028082796875 0.9329126140625 0.68600970625 0.9239944453125 0.6829802 0.915378096875 0.6881604828125