1 0 0.1261645859375 0.0065744953125 0.124936396875 0.027215910937499997 0.1166069546875 0.0324664 0.1055609625 0.02828271875 0.09907325312500001 0 0.10577753125 0 0.1261645859375
1 0 0.1960129046875 0.0015624125000000002 0.19576952187500002 0.0167773015625 0.19069051406249998 0.047172721875000004 0.1738288234375 0.04696020625 0.17219099843750002 0.0322776609375 0.17493386093750002 0.015042828125 0.17088425000000002 0.002345865625 0.17605205625 0 0.176440171875 0 0.1960129046875
1 0 0.26201315 0.0181491171875 0.2592127078125 0.0475871640625 0.241411515625 0.03258690625 0.2352669390625 0.02503311875 0.2350005453125 0 0.24044266093750002 0 0.26201315
1 0 0.3336556421875 0.0020006296875 0.3343629359375 0.014590275 0.334806925 0.0414374359375 0.3292324015625 0.07275586875 0.3066065359375 0.0528957890625 0.308079921875 0.0450586484375 0.3056297640625 0.045520154687499995 0.302747678125 0.037363184375000004 0.30427149062500003 0.0075001109375 0.318797034375 0.004024809375 0.3177687359375 0 0.31982628125 0 0.3336556421875
1 0 0.40414695937499995 0.0206437578125 0.40077700624999996 0.0302196078125 0.39731060937499996 0.0635944609375 0.377655628125 0.060580665624999995 0.37374524062500003 0.051466321875 0.374329553125 0.0191926359375 0.3831545078125 0 0.38992145 0 0.40414695937499995
1 0.0053839234375 0.4634593859375 0.0030420296875 0.4711661453125 0.006871521875 0.47492415 0.017829773437499998 0.4756729 0.030065228125 0.47338718125 0.0484720671875 0.4671527078125 0.05716138125 0.4632927515625 0.0805353578125 0.44382851875 0.061456615625 0.4384458484375 0.043582118749999996 0.4423441765625 0.028579743749999997 0.449061009375 0.0213436703125 0.4576820546875 0.0053839234375 0.4634593859375
1 0.034807148437500005 0.5356880578125 0.047467631249999996 0.5366779875 0.0669735171875 0.5324748968749999 0.097476253125 0.5100014125000001 0.096306365625 0.5074240875 0.0835979515625 0.510357334375 0.0679351265625 0.507691578125 0.0417255078125 0.5181795703125001 0.03832104375 0.5176972125 0.0278930203125 0.5274737265625 0.029275423437499996 0.5316888750000001 0.034807148437500005 0.5356880578125
1 0.0489790046875 0.6191534734374999 0.060682115625 0.6192039 0.077670075 0.6149120124999999 0.09334646875 0.6069509171874999 0.10689560625000001 0.5954729953125 0.0965405375 0.592934040625 0.0761481125 0.596743571875 0.050292684374999994 0.6099612703124999 0.0474549265625 0.61384644375 0.0489790046875 0.6191534734374999
1 0.0670533109375 0.6940614218750001 0.087799925 0.6929815968749999 0.10088755468749999 0.684385765625 0.11603160625 0.678760815625 0.1082309453125 0.6701529234375 0.11355227187500001 0.6596528734375 0.0595016421875 0.6809336218750001 0.0479037296875 0.688132809375 0.0526197578125 0.6922843750000001 0.0670533109375 0.6940614218750001
1 0.07665293437500001 0.761605746875 0.0867954890625 0.7625068781250001 0.1146000234375 0.7578718578125 0.1336100453125 0.7498471765625 0.1409877953125 0.7423180125 0.14818739218750002 0.7398547 0.12485201093750001 0.740299784375 0.1168731953125 0.7367577453124999 0.095452559375 0.7390818343750001 0.0723984125 0.7545720953124999 0.0722202609375 0.7596379468750001 0.07665293437500001 0.761605746875
1 0.088025628125 0.8299371890625 0.093415678125 0.8328444890625001 0.1117860390625 0.8327677515625 0.1426064875 0.8191817046875001 0.14739546875 0.8110178015624999 0.15810684531250002 0.803425053125 0.1358705140625 0.805901521875 0.1169313296875 0.81447214375 0.102107109375 0.8161231234375 0.09341779375 0.81998308125 0.0882746203125 0.825417278125 0.088025628125 0.8299371890625
1 0.1365661921875 0.8885293890625 0.1574201203125 0.881837771875 0.1635571453125 0.8711853406250001 0.172033946875 0.865687559375 0.163451946875 0.8639357249999999 0.0996150703125 0.8741836375 0.092911340625 0.8804685390625 0.0940447515625 0.8892035984375 0.1365661921875 0.8885293890625
1 0.1276194171875 0.9483548953125001 0.144216709375 0.9474910359375001 0.1616661734375 0.940317059375 0.17737693125 0.9390596406249999 0.1592920390625 0.9284587359375 0.14397195000000002 0.9262881265624999 0.10577586875 0.9345419265625001 0.102264090625 0.9396713625 0.105207046875 0.9430358062499999 0.1276194171875 0.9483548953125001
1 0.1047436 0.095973003125 0.10924711406250001 0.0984867453125 0.1194605046875 0.099933815625 0.137476675 0.0971273703125 0.1668074078125 0.08493797187499999 0.1831234625 0.06902893593750001 0.171137 0.0667947453125 0.1713151546875 0.06172889375 0.1639738828125 0.063100325 0.148368325 0.0716073609375 0.1247839515625 0.07657235625 0.113789221875 0.081981340625 0.1041768953125 0.091605471875 0.1047436 0.095973003125
1 0.1168590359375 0.176467534375 0.1294486796875 0.176911521875 0.1555509828125 0.17203532187499998 0.178285296875 0.1605190296875 0.183428471875 0.15508483281250002 0.1764070296875 0.15248229375 0.169422065625 0.143722021875 0.16140677187500002 0.146337715625 0.15477388125 0.1531685578125 0.12792672031250002 0.15874308125 0.1211886296875 0.15832430625 0.110264740625 0.1642792328125 0.11029910000000001 0.1709829078125 0.1168590359375 0.176467534375
1 0.13170703125 0.24582727499999998 0.1417079078125 0.24563652343750003 0.17419411093749998 0.23844939062499998 0.1811811921875 0.234348253125 0.20068708124999998 0.2301451640625 0.1974264109375 0.2178932796875 0.1894475953125 0.21435124062500002 0.1277379796875 0.228115978125 0.11748810937500001 0.232826640625 0.12121028593750001 0.2421964375 0.13170703125 0.24582727499999998
1 0.12797426875 0.3007645234375 0.12807946718750002 0.308014140625 0.1350300703125 0.3100707359375 0.14659150468749998 0.30902928125 0.1675162734375 0.3028836046875 0.17620558749999998 0.2990236484375 0.1885848359375 0.2849684015625 0.20106928124999998 0.2781627734375 0.1618449875 0.28493113124999997 0.1477999859375 0.2925874625 0.1324434203125 0.2965745890625 0.12797426875 0.3007645234375
1 0.12260799375 0.36886794375 0.1149104140625 0.380371078125 0.1169668375 0.38334196249999997 0.1280667640625 0.38518259375 0.1636740765625 0.37629405781249997 0.18392694062499998 0.358531234375 0.1886450875 0.34982138749999997 0.1767638234375 0.3548368125 0.1617979265625 0.3553959109375 0.1555557015625 0.358798725 0.136723834375 0.361757553125 0.12260799375 0.36886794375
1 0.143932384375 0.5203348250000001 0.161982915625 0.5242320546875 0.18567460625 0.513655265625 0.1946837484375 0.5058213375 0.199296696875 0.489861875 0.20553891875 0.4864590609375 0.2053264046875 0.4848212375 0.19472234375 0.48680219375 0.179541815625 0.49858487656249995 0.143153165625 0.5143294703125 0.143932384375 0.5203348250000001
1 0.1385894 0.44696274375 0.1583786421875 0.44494341718749997 0.17664380468750002 0.4376170609375 0.2014001828125 0.42236797968750006 0.1920389640625 0.414610790625 0.1650136484375 0.42525116562500004 0.156573328125 0.4245912140625 0.1354704046875 0.4358027421875 0.13305767500000001 0.44296356093749994 0.1385894 0.44696274375
1 0.17161690000000002 0.5984800531250001 0.1894913953125 0.5945817234375 0.21726156875 0.583243028125 0.2417345953125 0.5658101828125 0.2304565125 0.5690354015625 0.20800766718750002 0.5698740484375 0.1820814015625 0.5825458046875001 0.16523511875000002 0.587929575 0.1609076421875 0.593211390625 0.1623608828125 0.5979724828124999 0.17161690000000002 0.5984800531250001
1 0.1771724 0.67348995625 0.2087355875 0.672067 0.22423383125 0.66917175625 0.224411984375 0.6641059046875 0.2288811390625 0.6599159703125 0.24590557500000002 0.6494663484375 0.259559909375 0.6452380437499999 0.23533799375000003 0.64528956875 0.1938082859375 0.653606953125 0.173379384375 0.66357421875 0.172598046875 0.670430275 0.1771724 0.67348995625
1 0.20127641562499998 0.74335726875 0.2170580109375 0.7426457906249999 0.23894015 0.7374396140624999 0.2503255484375 0.7286026031249999 0.25465514218749996 0.7104593765625 0.24901610000000002 0.7120719875 0.24014863281249998 0.720997796875 0.22716831875 0.7239818375 0.22280648125 0.722559978125 0.2091521484375 0.7267882828125 0.203654784375 0.7294927765625 0.197908428125 0.7367171781249999 0.20127641562499998 0.74335726875
1 0.2299912578125 0.8101265312500001 0.24446129062500002 0.8057458437499999 0.2659548796875 0.7911062875 0.2687582796875 0.780517440625 0.2469469734375 0.7862695578125 0.2341104546875 0.7774840703125 0.2330801265625 0.7888600390625 0.2293558328125 0.7923516515625 0.21896428750000002 0.79597043125 0.2122605578125 0.8022553312499999 0.20867793906249998 0.806838825 0.2119042484375 0.8123870359375 0.2299912578125 0.8101265312500001
1 0.2203704640625 0.8711962984375001 0.24845835156249998 0.8687450421875 0.2711561890625 0.8633864859375 0.2914434125 0.852327340625 0.29087670781249997 0.8479598109375001 0.2751315921875 0.8425135562499999 0.2356583078125 0.8538018234375 0.2174639828125 0.861674121875 0.2164701328125 0.866892353125 0.2203704640625 0.8711962984375001
1 0.23830732812500002 0.91928955 0.24674765 0.9199495015625001 0.278984859375 0.91728228125 0.292497515625 0.91196209375 0.2977823671875 0.907619778125 0.27678887812499997 0.9003581046875 0.26503783593749997 0.9042308515625 0.24260044218750001 0.9073040593749999 0.23554252187500002 0.910859253125 0.23284643906250002 0.9158363078124999 0.23830732812500002 0.91928955
1 0.2453203015625 0.9733377234375 0.23921975468749998 0.9778324203125001 0.2383675796875 0.9841425359375 0.2424665421875 0.98816498125 0.29953386875 0.985507028125 0.298834353125 0.9801159421875001 0.2779117015625 0.973400209375 0.2731248359375 0.9687027031250001 0.2453203015625 0.9733377234375
1 0.4202658828125 0.9630229328125001 0.40597400468749995 0.962337765625 0.405265625 0.956878353125 0.397641 0.9560660203125 0.3512171125 0.965297690625 0.33805864375 0.9733475828125 0.3412141171875 0.9783498515625 0.35096600312500004 0.9826790109375001 0.36749245468749997 0.9812692109375 0.37230059375 0.9821178625 0.3900543453125 0.98129096875 0.4035956359375 0.976202259375 0.40866797187500004 0.9702221203124999 0.41586756718749995 0.96775880625 0.4202658828125 0.9630229328125001
1 0.38200955 0.9064237437499999 0.3869037328125 0.9055094562500001 0.4067659296875 0.8911746624999999 0.40382297031250003 0.8878102171875 0.3970140421875 0.8868455031250001 0.3713732453125 0.8888396171874999 0.3518673578125 0.8930427062499999 0.3450927890625 0.8987816671875001 0.3501630078125 0.9056629359375 0.38200955 0.9064237437499999
1 0.33066770624999997 0.84555898125 0.3478317015625 0.8490626499999999 0.37095456875 0.8469797421875 0.3984049125 0.8396150140625 0.40539199375 0.835513878125 0.39251899843750004 0.8328861249999999 0.3935128484375 0.8276678921875 0.40124478906250005 0.8228684328125 0.3959255796875 0.8205070734375 0.37684471875000003 0.8279858109375 0.3598932375 0.826119965625 0.3321595390625 0.831300928125 0.325314134375 0.8364939453125 0.3251359828125 0.8415598 0.33066770624999997 0.84555898125
1 0.3173543734375 0.717199225 0.324375815625 0.7198017609375 0.34533494375 0.7203597609375 0.3855166109375 0.7145309046875 0.3855530875 0.70837316875 0.37445316093750003 0.7065325375 0.351544925 0.6973918640625001 0.326470834375 0.703753503125 0.31778151875 0.7076134625 0.315156275 0.71313645625 0.3173543734375 0.717199225
1 0.34922680625 0.7761093421874999 0.3943391328125 0.763208465625 0.3784523390625 0.756670328125 0.349336240625 0.7576361421875 0.3158926640625 0.763883771875 0.31394144062499996 0.7681625046875 0.31968568125 0.7737995109375 0.34922680625 0.7761093421874999
1 0.349887640625 0.6395473125 0.37145206875 0.6254536984375 0.3650338078125 0.621060953125 0.34247764531249997 0.6275113921875 0.3183265671875 0.6281088609375 0.30289916250000004 0.6315500468749999 0.301727159375 0.641834128125 0.3180046203125 0.644944240625 0.349887640625 0.6395473125
1 0.3230167015625 0.5741111125 0.3353229953125 0.5723713359375 0.3525599484375 0.5635595375 0.3646537265625 0.5601819375 0.3675623234375 0.5568427046875 0.353890809375 0.557719171875 0.33876605625 0.55383455 0.330076740625 0.5576945078125 0.3094009640625 0.5593202749999999 0.2932287 0.56345978125 0.28734066875000003 0.5695922999999999 0.2921275359375 0.57428980625 0.3230167015625 0.5741111125
1 0.2950102390625 0.5128012640625 0.3025640265625 0.51306765625 0.3190196421875 0.5111119140625 0.33430537031249996 0.506578846875 0.3588127578125 0.495849675 0.3609056578125 0.49266282656250004 0.3464721046875 0.4908857796875 0.3115044515625 0.491826378125 0.30260262187500003 0.49404851250000004 0.2900473375 0.5003082015625 0.2840884671875 0.5058947796875 0.2950102390625 0.5128012640625
1 0.28456056093750004 0.438705646875 0.3089949890625 0.44029194374999997 0.3261246265625 0.4370919390625 0.35116435625000003 0.42402662187500006 0.3546761375 0.418897184375 0.336518290625 0.42061175000000006 0.3357047109375 0.40790272187500004 0.327689415625 0.410518415625 0.3256673546875 0.41425120625 0.27821525625 0.42199743593749994 0.2676455546875 0.43068206875000004 0.272290746875 0.4342876890625 0.28456056093750004 0.438705646875
1 0.285388959375 0.3613848109375 0.2923760421875 0.3572836734375 0.3158895765625 0.35177273593749997 0.3369216609375 0.340015265625 0.3466391875 0.33764075 0.3542294515625 0.3317494078125 0.313373765625 0.338822528125 0.2944002203125 0.3406894734375 0.279824990625 0.33782054375000004 0.275143325 0.34037265156249996 0.2593596125 0.3539455421875 0.2772684671875 0.3567508875 0.285388959375 0.3613848109375
1 0.2762957875 0.233355028125 0.3050576984375 0.22965950937500001 0.329706759375 0.220022221875 0.31846515625 0.2170897046875 0.31789845 0.21272217656249998 0.32548871562500004 0.2068308359375 0.3229707859375 0.20674203906250002 0.2572191640625 0.2151109484375 0.250906103125 0.217967821875 0.24937990625 0.22552220156249997 0.2539542578125 0.2285818828125 0.2762957875 0.233355028125
1 0.2779187140625 0.284495903125 0.2898343375 0.2861841546875 0.3096235796875 0.2841648265625 0.32944929843750004 0.2759877671875 0.3448767015625 0.272546584375 0.3342747578125 0.26166613125 0.3205495875 0.26534849375 0.2798720546875 0.2673557609375 0.2702962078125 0.2708221609375 0.2657562140625 0.2744661546875 0.2671386171875 0.2786813015625 0.2779187140625 0.284495903125
1 0.255138965625 0.1411293421875 0.2576912546875 0.1479218140625 0.26219476875000003 0.15043555625 0.2739687171875 0.151031925 0.29340376875 0.14628289218749999 0.3035828 0.141026290625 0.3118470859375 0.1338906859375 0.32170840312500004 0.1197466421875 0.2980531921875 0.12416569687500001 0.278156634375 0.1317968171875 0.2609561609375 0.13445088125 0.255138965625 0.1411293421875
1 0.2927080890625 0.0636550265625 0.329062378125 0.0412067546875 0.31693424062500003 0.0378806796875 0.27607855625 0.0449538015625 0.266751696875 0.043900290625 0.2544797671875 0.052343740625 0.247172853125 0.060418846875 0.2556475359375 0.067782475 0.2927080890625 0.0636550265625
1 0.48090395468749997 0 0.4620939375 0.004053146875 0.4449299421875 0.000549478125 0.43159543593749994 0.0008038109375 0.41198223125 0.010618695312499999 0.4016980015625 0.0086256828125 0.392439865625 0.020979518750000002 0.39928315468750003 0.0286479109375 0.41180196249999995 0.028545956249999997 0.4459903953125 0.0216000046875 0.47042694531249996 0.010324890625 0.4814398890625 0 0.48090395468749997 0
1 0.40380832499999997 0.11503378125 0.40785033281249994 0.1204296109375 0.42153902812500005 0.1229049796875 0.4377821296875 0.11931141406250001 0.449592553125 0.11375005 0.4607654359375 0.1032752140625 0.46715145312499995 0.088102871875 0.47651478750000004 0.08299865 0.46346363593750006 0.08543674999999999 0.4517948875 0.0920899984375 0.4063627328125 0.10896484531249999 0.40380832499999997 0.11503378125
1 0.400247365625 0.20348940624999998 0.4130495265625 0.20557121875 0.4350733421875 0.201456925 0.44784114218750004 0.196835059375 0.4763926515625 0.1786403078125 0.4791595734375 0.17420919375 0.4753300796875 0.1704511921875 0.466960596875 0.1703371796875 0.4544053109375 0.1765968671875 0.43667249375 0.181587078125 0.4143653234375 0.1835176046875 0.400461996875 0.19226582187500002 0.3969502171875 0.19739525625 0.400247365625 0.20348940624999998
1 0.44477816406250004 0.2762508640625 0.45211943593750004 0.2748794328125 0.48279820781250005 0.26020150468750003 0.487196525 0.25546563125 0.4860266359375 0.25288830625 0.4714857671875 0.25672305 0.464606 0.25521239375000004 0.4432562046875 0.258082425 0.43467420468749995 0.2563305890625 0.4085719046875 0.26120678750000004 0.40608833281249995 0.267821665625 0.4142796640625 0.273001528125 0.44477816406250004 0.2762508640625
1 0.429445371875 0.3512487109375 0.4652652 0.34399799531249997 0.495411628125 0.331656215625 0.47927584218749997 0.3296379875 0.483107453125 0.3205345828125 0.478745615625 0.3191127234375 0.4731774125 0.321271275 0.46728938124999997 0.327403796875 0.45845838906249997 0.330171871875 0.438810825 0.33328308125 0.426079503125 0.331747209375 0.416857846875 0.3379433140625 0.414906621875 0.3422220453125 0.429445371875 0.3512487109375
1 0.42375926875000003 0.42332610156249995 0.449612578125 0.42296981406249995 0.46266373125 0.42053171406249995 0.48174459062499997 0.4130529734375 0.46177931250000004 0.4072767421875 0.43461443906249997 0.40396382500000005 0.4232655203125 0.40664310312499996 0.407376609375 0.412966375 0.41177280781250003 0.421091909375 0.42375926875000003 0.42332610156249995
1 0.4204150578125 0.4876967296875 0.4468350703125 0.49170797187500004 0.470385084375 0.4800392984375 0.4831893625 0.4692597 0.4912754921875 0.46718994687500004 0.47684193906249994 0.4654128984375 0.44517143593749997 0.47244765 0.41857326562499997 0.473502259375 0.413217578125 0.47729863593750005 0.41296858593749997 0.4818185453125 0.4204150578125 0.4876967296875
1 0.4447680640625 0.5530441328125 0.46019546875 0.5496029484375 0.4821140875 0.5382390375 0.4869030703125 0.5300751359375 0.484846646875 0.52710425 0.468354553125 0.535217728125 0.45665144375000005 0.5351673 0.446189059375 0.5382401375 0.4338119296875 0.5394339734375 0.42679048750000004 0.5368314359374999 0.4136684984375 0.53872359375 0.41685833125 0.5504295375 0.4289864703125 0.5537556109375 0.4447680640625 0.5530441328125
1 0.4208876359375 0.632993821875 0.43851313750000004 0.6336154031250001 0.45482707656250004 0.630567778125 0.48199406875 0.6210192875 0.48121485 0.6150139343750001 0.47440592031250006 0.6140492203125001 0.4548291953125 0.61770636875 0.43528894375 0.615205784375 0.436566146875 0.612171315625 0.41521635 0.6150413453125 0.40287358125 0.62293885625 0.4026245890625 0.6274587671875 0.4208876359375 0.632993821875
1 0.44456662187499996 0.6995854859375 0.47864773749999995 0.6982513265625 0.507091934375 0.685668365625 0.5065960671874999 0.6818467781249999 0.463578759375 0.6786993984375 0.430135184375 0.6849470281250001 0.426020221875 0.69186666875 0.42821832187500003 0.695929434375 0.44456662187499996 0.6995854859375
1 0.469947840625 0.7664183296875 0.4995619203125 0.7564126953125 0.48931416875 0.7482619484375 0.47569631093750003 0.74633251875 0.43218102187499996 0.7522249578125 0.4316121984375 0.7607188390624999 0.4352291765625 0.7628390203125 0.469947840625 0.7664183296875
1 0.46348251406249996 0.83249036875 0.47993813125000007 0.830534625 0.5030266375 0.8217480406250001 0.5185248796875 0.818852796875 0.511786790625 0.8184340234375 0.5094834921875 0.807121640625 0.506894725 0.8064869015625 0.4867856546875 0.8124801984375001 0.440007575 0.8189821625 0.43309133125 0.823629240625 0.43223915625 0.82993935625 0.46348251406249996 0.83249036875
1 0.43751342031249996 0.8899040859375 0.4549607703125 0.8955915187500001 0.48726881562499996 0.8934702421875 0.5172027296875 0.8794906375 0.510996984375 0.876735715625 0.49003785468750005 0.87617771875 0.44847379062500003 0.8777914265625 0.4374790609375 0.8832004109374999 0.43538615937499997 0.8863872609375001 0.43751342031249996 0.8899040859375
1 0.59865240625 0.9470327609375 0.6120577484374999 0.9473243671875 0.6382308890624999 0.942994109375 0.66334145625 0.9304747328125 0.6546177828124999 0.927631015625 0.6143652796875 0.9329139312500001 0.6065989796875 0.9310097140625 0.596881453125 0.93338423125 0.5926248140625 0.9392119890625 0.59414889375 0.9445190203125 0.59865240625 0.9470327609375
1 0.6333472921875 0.8796013500000001 0.65356368125 0.8679962609375 0.6648417609374999 0.8647710421875001 0.6451598374999999 0.861178575 0.6370393437499999 0.8565446546875 0.612888265625 0.857142121875 0.5909352859375 0.8618023546875 0.5902247875 0.869204353125 0.5983452796875001 0.8738382765624999 0.6333472921875 0.8796013500000001
1 0.588921690625 0.814089509375 0.612257075 0.8136444234375 0.663220953125 0.8007687578124999 0.6530440375000001 0.7931639515625 0.6307733453125 0.7889367468749999 0.6126863359375 0.7911972515625 0.58864045625 0.7990443359375 0.580447009375 0.80672588125 0.58190025 0.8114869718750001 0.588921690625 0.814089509375
1 0.5949619875 0.744741825 0.6197162484375001 0.742354153125 0.6374855453125 0.731206209375 0.6256772359375 0.723906165625 0.5924826515625 0.7256338859375 0.5831901562499999 0.731284046875 0.5790751921874999 0.7382036875 0.5949619875 0.744741825
1 0.5802213078125 0.6697702921875 0.61150114375 0.6661635687499999 0.6283839046875 0.6546220640625 0.6266473125 0.6476772093750001 0.63459176875 0.6445155765624999 0.6239168703125 0.645950590625 0.6144118578125 0.649962928125 0.5905441312499999 0.6527441625 0.5653992031249999 0.6585598609375001 0.5614967531249999 0.667117325 0.5802213078125 0.6697702921875
1 0.5763659234375 0.607862975 0.593991425 0.6084845578125 0.6175758 0.603519559375 0.6230023265625 0.6002691265625 0.6203791984375 0.5929307125000001 0.5942425359375 0.5911032374999999 0.578602615625 0.5929065984374999 0.5658712953125 0.591370728125 0.5611187906249999 0.593376896875 0.5550182421875001 0.5978715953125 0.5564714828125 0.6026326828124999 0.5763659234375 0.607862975
1 0.5488209656249999 0.5436710406249999 0.5550267125 0.5464259578124999 0.56754551875 0.5463240046875 0.5886828000000001 0.5418161515625 0.6091117015624999 0.5318488875 0.6155320796875 0.5233802203125 0.6295062437500001 0.5151779453125 0.621136759375 0.515063934375 0.601381878125 0.5237869374999999 0.5911684859374999 0.5223398640625 0.5659870796875001 0.5343132984375 0.5522619062499999 0.5379956609375001 0.5488209656249999 0.5436710406249999
1 0.5506754593750001 0.480697053125 0.5765652484375 0.47418302968750004 0.5853254 0.47086901406250004 0.6005767671875 0.459632271875 0.5967837515625 0.449716534375 0.572134690625 0.459353821875 0.5462792624999999 0.47257151875 0.5438665328125001 0.4797323390625 0.5506754593750001 0.480697053125
1 0.5454741515625 0.40841685468750005 0.5713274625 0.40806056718750006 0.5807959953124999 0.4102059609375 0.5848036421875 0.4088981125 0.5921105546875001 0.40082300625 0.6111205765625 0.392798328125 0.6048439921875 0.3894974671875 0.5895239046875 0.387326859375 0.546291965625 0.39540306406250003 0.5387725390625 0.401840346875 0.540154940625 0.406055496875 0.5454741515625 0.40841685468750005
1 0.5799930015625 0.3331898859375 0.5925482859375 0.32693019843750004 0.6171286281249999 0.303885559375 0.614859690625 0.2992768515625 0.5984749140625001 0.3017785359375 0.5937224078125001 0.3037847046875 0.5919128609375 0.30915531875 0.5857414750000001 0.313104075 0.5514822015624999 0.3195040859375 0.5437502624999999 0.3243035453125 0.5393175875 0.322335746875 0.5389612796875001 0.3324674484375 0.545521215625 0.337952075 0.5799930015625 0.3331898859375
1 0.5528387125 0.265569921875 0.5828069859375 0.2582939921875 0.6000439375 0.24948219374999997 0.6096562640625 0.23985806250000002 0.6239137796875001 0.23383955156249997 0.61962278125 0.23296363593749997 0.590186853125 0.23790342031249997 0.584088421875 0.22953670625 0.573943753125 0.24149698437499997 0.56131763125 0.24721073124999998 0.550288540625 0.245916040625 0.5465298859375001 0.2427039765625 0.5385833140625 0.258727021875 0.5426961593749999 0.2646687921875 0.5528387125 0.265569921875
1 0.5667891015625 0.186356928125 0.590373475 0.18139193125 0.6227430265625 0.1647206234375 0.6346357421875 0.1619397578125 0.6318344609375 0.1596671953125 0.6202021906249999 0.1601627078125 0.6089605875 0.1572301953125 0.6038903671875 0.15034892500000002 0.599882721875 0.15165677187499998 0.5904829078125 0.1629187296875 0.56555049375 0.17037225 0.5547339203125 0.1707153859375 0.549661584375 0.1766955234375 0.551610690625 0.1852782015625 0.5667891015625 0.186356928125
1 0.5440008859375001 0.094436003125 0.5472271953125001 0.0999842125 0.5647818609375 0.10005985312500001 0.5863098109375 0.092123971875 0.6296876609375001 0.05941682968749999 0.6277729140625 0.057537828125 0.60120910625 0.0652961140625 0.587945440625 0.066096390625 0.5691829984375001 0.07817542968749999 0.549676403125 0.08666565937500001 0.5440008859375001 0.094436003125
1 0.6885938781250001 0.056240940625 0.685648803125 0.065737903125 0.69043566875 0.07043540937500001 0.7094092125 0.06856846562499999 0.7343416281249999 0.061114940625 0.7538496328125001 0.0440504421875 0.75385175 0.03118903125 0.7511213078125001 0.0294624109375 0.7408714375 0.0341730734375 0.7122512078125001 0.0389604734375 0.7065756890625 0.0467308171875 0.696113303125 0.04980365625 0.6885938781250001 0.056240940625
1 0.713505121875 0.17740150625 0.73797603125 0.17283006875 0.7554254953124999 0.1656560953125 0.774897025 0.1547493296875 0.77745143125 0.1486803921875 0.7702883125 0.144985971875 0.7573359125 0.150760671875 0.721097503125 0.15864875625 0.713543715625 0.1583823640625 0.6992497203125 0.17055860625000002 0.7015894968749999 0.17571325625 0.713505121875 0.17740150625
1 0.7027466812500001 0.2554590359375 0.7275009421874999 0.2530713640625 0.7395947203125 0.24969376406250002 0.7599527828125 0.2391805578125 0.7729352140625 0.22333510781250002 0.772510184375 0.2200594609375 0.7036718109375 0.23683345312499998 0.6921447390625 0.244578584375 0.6897320078125 0.25173940156249996 0.7027466812500001 0.2554590359375
1 0.7052196625 0.3131512046875 0.7231285187500001 0.3159565515625 0.7364265453125001 0.32185995156249997 0.7412498890625 0.320399721875 0.7465712171875001 0.309899671875 0.772248490625 0.3017478265625 0.7855486328125 0.2947898140625 0.758879625 0.2952984875 0.73965920625 0.2888239328125 0.72823945 0.29095726875 0.70536345625 0.301381678125 0.7002202843750001 0.30681587499999996 0.7052196625 0.3131512046875
1 0.709993828125 0.3950171671875 0.724356540625 0.3962482734375 0.7533674421875001 0.38803284374999997 0.7778404671875 0.3705999953125 0.79514825625 0.3623341390625 0.786637096875 0.3611282453125 0.7459230875 0.369293246875 0.715705821875 0.3810890890625 0.7080447203125 0.3864344890625 0.709993828125 0.3950171671875
1 0.7161546249999999 0.45537545625 0.726226340625 0.45573064687500003 0.754775734375 0.45039730312500004 0.7776517265625 0.43997289375 0.7955970609375 0.43662050781249995 0.7701344171875 0.43354876875 0.7677946421875 0.4283941203125 0.7292787328125 0.44062188750000003 0.725058571875 0.44029191250000005 0.7118292671875001 0.44779586406250005 0.711296921875 0.45013200937500003 0.7161546249999999 0.45537545625
1 0.7399388109375 0.5292167375 0.7803329890625 0.52502570625 0.7932789421875001 0.5153379890625 0.8144162234375001 0.5108301359375 0.809700196875 0.506678571875 0.786826321875 0.5042415703125 0.7858345890625 0.49659839375 0.774378353125 0.504889465625 0.7365364640625 0.515872971875 0.7304359171875 0.52036766875 0.728768046875 0.5268301656250001 0.7399388109375 0.5292167375
1 0.788762725 0.5899927046875 0.8160005546875 0.580990153125 0.80827073125 0.5729282046875 0.738618778125 0.5769931671874999 0.7322348765625 0.5793041 0.7344673375 0.5900705421875 0.7507447984375 0.5931806515625 0.788762725 0.5899927046875
1 0.76754401875 0.6582616625 0.7881145984375 0.6493862781249999 0.79949999375 0.640549265625 0.80694858125 0.6335660421875 0.8084039390625 0.6254657234375001 0.8017366859375 0.625592890625 0.797125859375 0.6286909421875 0.7882605078125 0.6247553421875 0.7824433125 0.6314338046875 0.7310522875000001 0.65389523125 0.7298459234375 0.657475640625 0.7364058578125 0.6629602671875 0.76754401875 0.6582616625
1 0.73745784375 0.7354564296875 0.74277705625 0.7378177906250001 0.7584878109375001 0.7365603703125 0.7770363265625 0.731417778125 0.7894842953125 0.730769884375 0.7998071203125 0.7137437515625 0.8006592953125 0.7074336375 0.7971131546875 0.7058593984375 0.7773239140625 0.707878725 0.7449429109375 0.7223154734375 0.7367494640625 0.7299970171875 0.73745784375 0.7354564296875
1 0.762414034375 0.7990136265625 0.7756068625 0.797667409375 0.80149665 0.7911533875 0.8260405125 0.7742664796875001 0.8043365265625001 0.7744068046875 0.7603597296875 0.783181334375 0.7528403015625 0.789618615625 0.75450605625 0.7960175281249999 0.762414034375 0.7990136265625
1 0.7754546 0.8608825734375 0.8065927593750001 0.8561839687499999 0.8340087421875 0.8421155671875 0.8132986062500001 0.8370376578125001 0.7562706578125 0.8482502859375 0.7518015046875 0.8524402203125 0.7560560265625 0.8594738718749999 0.7754546 0.8608825734375
1 0.7737782578125 0.9187907078125 0.792361134375 0.9203517906249999 0.8203073453125 0.9168086515624999 0.827506940625 0.9143453390625 0.832579278125 0.9083651984375001 0.8303811781249999 0.904302434375 0.8163382953125 0.8990973562500001 0.771333284375 0.9063864421875 0.7661192734375 0.9112746984375001 0.7666859781250001 0.9156422281250001 0.7737782578125 0.9187907078125
1 0.8872655109375 0.04205303125 0.926526278125 0.0291269375 0.9381241890625001 0.02192775 0.9421683156249999 0.0144621703125 0.9419558 0.012824345312499999 0.9286577734374999 0.006920946875 0.9229478953125 0.007987615625 0.8697129625000001 0.02911598125 0.8637540906250001 0.0347025609375 0.8665897328125001 0.043678796874999995 0.8872655109375 0.04205303125
1 0.8711857421874999 0.130610609375 0.8669999421875 0.136984309375 0.8728858578124999 0.1437131984375 0.8846598046875 0.144309565625 0.8977109546875001 0.141871465625 0.9097338953125 0.137947925 0.9205161093750001 0.1309011171875 0.933498540625 0.1150556671875 0.9307680968750001 0.11332904531250002 0.9305212234375 0.104987546875 0.9193139796875001 0.10875870781250001 0.9120070671875 0.1168338140625 0.8963306703124999 0.12479491093749999 0.8711857421874999 0.130610609375
1 0.8916320671875001 0.23023829375 0.9154997937499999 0.2274570625 0.9211388328125001 0.22584445312499998 0.937135059375 0.2139093875 0.9477412375 0.199067021875 0.94018745 0.1988006296875 0.9368194624999999 0.1921605390625 0.9325284640625 0.191284621875 0.92547054375 0.194839815625 0.9198658640625 0.2031561015625 0.8996859546874999 0.20860345625 0.883833521875 0.20876899531249998 0.8735471734375 0.21963739062499998 0.8745389078124999 0.2272805671875 0.8916320671875001 0.23023829375
1 0.9331511859375 0.28622795624999997 0.9405289375000001 0.27869879062499997 0.9408487671874999 0.27472482187499997 0.9527665078125 0.2635516625 0.9407092078125 0.2607715296875 0.9209908046875 0.2633367984375 0.9152788093750001 0.2772648765625 0.8611573421875001 0.29799968125 0.8788172031249999 0.3053249390625 0.918715515625 0.2973123171875 0.9331511859375 0.28622795624999997
1 0.877282540625 0.3643249546875 0.8956529015625 0.364248215625 0.92079783125 0.3584325140625 0.9448093515625 0.34388175625 0.9545268765625 0.34150723906249997 0.9531444734375001 0.3372920890625 0.9311206546875 0.3414063828125 0.9136024703125001 0.335173009375 0.8971812140625 0.3438324265625 0.8920036796874999 0.3425629484375 0.87295718125 0.3567453625 0.8727081890624999 0.361265271875 0.877282540625 0.3643249546875
1 0.8853237265624999 0.41985857187500003 0.8858904296875 0.4242261 0.9075944187499999 0.4240857765625 0.9253980734375 0.4196415078125 0.9601209687500001 0.397498 0.9673914046875 0.395580628125 0.9474604859375001 0.396508071875 0.9394451937499999 0.399123765625 0.932636265625 0.39815905156250003 0.9130595390625 0.40181620156250003 0.9047952531250001 0.40895180625 0.892701475 0.41232940781250005 0.8853237265624999 0.41985857187500003
1 0.8803116421875 0.4906917 0.88821961875 0.49368779687500003 0.91527929375 0.4897510984375 0.9281179328125001 0.485675175 0.9437234906249999 0.4771681390625 0.9585863046875 0.456498015625 0.9444361046875 0.45690473281250005 0.9425213578125 0.45502572968750005 0.9376980156249999 0.45648595781249995 0.8956338484374999 0.480000896875 0.8890374328125 0.48067400625 0.8803116421875 0.4906917
1 0.8917874156250001 0.57913416875 0.9085263843750001 0.5793621890625 0.9393811937500001 0.57247981875 0.9558389234375 0.5576626703125 0.96601795625 0.5524060656249999 0.957648471875 0.552292053125 0.930127290625 0.5591108390625 0.8953356749999999 0.567846996875 0.88951848125 0.5745254578125001 0.8917874156250001 0.57913416875
1 0.8929831953124999 0.639860803125 0.90461546875 0.639365290625 0.953095778125 0.6331045046875 0.9580972765625001 0.6265784234375 0.963594640625 0.62387393125 0.9539135921874999 0.6200907124999999 0.9341951890625 0.6226559796875 0.922350403125 0.6215136703125 0.8848991828124999 0.6290691484375001 0.8804300296875001 0.6332590812500001 0.8826281265624999 0.63732185 0.8929831953124999 0.639860803125
1 0.888894125 0.70492975625 0.8974761234375 0.7066815906249999 0.92187619375 0.7015642125 0.9433333078125001 0.693082390625 0.9508527328125 0.6866451078125 0.9653936015625 0.6828103609375 0.9597910374999999 0.6782652375 0.943193746875 0.6791290984375 0.9401091140625001 0.674672771875 0.9099626875 0.687014553125 0.8887180890625 0.697134196875 0.8858803296875 0.7010193703125001 0.888894125 0.70492975625
1 0.9260492906250001 0.7723589671875 0.9528256140625 0.76623850625 0.973645184375 0.7528432140625 0.972546134375 0.7508118296874999 0.9649923484375 0.7505454375 0.9640714515625 0.7434482015625 0.934599046875 0.75454571875 0.902928540625 0.76158046875 0.89792704375 0.7681065499999999 0.9010116781249999 0.7725628765625 0.9260492906250001 0.7723589671875
1 0.9023491328125001 0.8343813953125 0.9421401312500001 0.8319805671875 0.95824155625 0.8272951171875 0.9584197078125 0.8222292671875 0.9743086203125 0.815905996875 0.9803383265625 0.8108653578125 0.97079895625 0.808174021875 0.9185235140625 0.8173804796875 0.910720734375 0.8216339984375001 0.9017480687500001 0.8233101906250001 0.896321540625 0.8265606249999999 0.8978456203125 0.8318676546875 0.9023491328125001 0.8343813953125
1 0.96911838125 0.8918049734375 0.9652180515625 0.8875010281250001 0.9592248187499999 0.8863839328124999 0.905992003125 0.8946508874999999 0.9025510609375 0.900326265625 0.9074391437499999 0.9033273390625001 0.96911838125 0.8918049734375
1 0.46182995 0.9614092218750001 0.4879322515625 0.9565330234375 0.52247699375 0.9394553671875 0.466762725 0.9414757921874999 0.44807253437499994 0.9455265 0.442787684375 0.9498688171874999 0.44459511406249996 0.9573596109375 0.46182995 0.9614092218750001