1 0.9194914890625 0.9803322124999999 0.9031029328125 0.9734679109375 0.8862030828125 0.9707656328125 0.8712969140625001 0.9709621703125 0.8399465546875 0.97749910625 0.83975481875 0.9790598656249999 0.8536342625 0.9808451578125 0.8682250125 0.9895921078125 0.8808818515624999 0.9885777687499999 0.9054925031250001 0.9922718749999999 0.9173782625 0.9911583515625001 0.925084925 0.9858079562500001 0.9194914890625 0.9803322124999999
1 0.9306328296874999 0.9215192468750001 0.9183553203124999 0.91306984375 0.8860977812499999 0.9078636578125 0.8553906796874999 0.9155402796875001 0.867476453125 0.9255504437500001 0.8742244390625 0.9280038484375 0.909050865625 0.9314265718750001 0.92800416875 0.9301651874999999 0.932370865625 0.9264990750000001 0.9306328296874999 0.9215192468750001
1 0.9213384781249999 0.8569068218749999 0.92628451875 0.8549006546875001 0.9275668921875001 0.850837809375 0.9182458812500001 0.8438256453124999 0.9069992390625 0.8397366343750001 0.8814896828125001 0.836983853125 0.8479580468749999 0.848524953125 0.8662083218750001 0.8529863578124999 0.872700659375 0.8575207765625 0.8716100203125 0.8600228609375 0.8793208234375 0.8610146890625 0.9096444531250001 0.856459584375 0.9125370390624999 0.858417078125 0.9213384781249999 0.8569068218749999
1 0.9460272843749999 0.7834537453125 0.9392792999999999 0.7810003390625 0.9169818890625001 0.7776037828125 0.9075371921875 0.777974346875 0.8728468656249999 0.7861955640625 0.8746488125 0.7906551390625001 0.8830028703125 0.792786659375 0.914165634375 0.7941527078124999 0.9440418812500001 0.7932393765625 0.950142471875 0.7882108703124999 0.9460272843749999 0.7834537453125
1 0.9454106875000001 0.7247137968749999 0.9493258625 0.718347234375 0.946752834375 0.7137884765625 0.937048353125 0.7098978328125 0.925482153125 0.7084100890625 0.9074277500000001 0.7087301484374999 0.898690221875 0.70972015 0.873061121875 0.720692321875 0.889002296875 0.7311983984375 0.9060299703125001 0.73286016875 0.921127875 0.7311028703125 0.929669528125 0.72533140625 0.9454106875000001 0.7247137968749999
1 0.9357885015624999 0.6500181921875 0.92460576875 0.645408928125 0.9060359359374999 0.6435487921874999 0.8732753796875 0.655189078125 0.8737269015625 0.6578895265625 0.8858710671875001 0.6589231390625 0.89936841875 0.665944025 0.9254531796875 0.664014528125 0.9284096765625 0.6654517671875 0.9400995609375 0.6595567796874999 0.939839775 0.6552955703125 0.9357885015624999 0.6500181921875
1 0.942546590625 0.569502446875 0.932007115625 0.566032871875 0.9156866125 0.5649905390625001 0.899689803125 0.5676891625 0.884787775 0.574227921875 0.893529440625 0.57958014375 0.9128064437500001 0.582059715625 0.9392107640624999 0.5775289515625001 0.9426785531249999 0.5748041625 0.942546590625 0.569502446875
1 0.9437834359374999 0.49567515 0.9248259921875001 0.49059431093750006 0.9110146015625 0.4946309875 0.8960445218749999 0.4953477796875 0.90106275 0.5055058046875 0.8938076109375 0.5135566468749999 0.9475192921875 0.5098960171875 0.9596606984375 0.50670148125 0.956380503125 0.5015232859375 0.9437834359374999 0.49567515
1 0.9509374125000001 0.43106455312499997 0.942004009375 0.42727309062499996 0.9158512 0.4233806203125 0.896833984375 0.42516225781249994 0.888420153125 0.42989321562500005 0.8813526093749999 0.4300410765625 0.90249546875 0.4364599703125 0.908859984375 0.44203489687499997 0.9287163312500001 0.4461744109375 0.95312696875 0.43874483125 0.9544732546875 0.43416173437500005 0.9509374125000001 0.43106455312499997
1 0.9566770531250001 0.3652150828125 0.95249795625 0.3609782125 0.9359176640625 0.35567466875 0.9049507765625 0.3590900828125 0.8987223640625001 0.365159096875 0.8872881234375001 0.3689730703125 0.9079155515625 0.37321176718750004 0.926996678125 0.370909875 0.940748296875 0.373735675 0.949485825 0.3727456734375 0.9553946812499999 0.3692779265625 0.9566770531250001 0.3652150828125
1 0.9266274515624999 0.2974044671875 0.906259809375 0.29742697812499996 0.8982335906250001 0.3053786390625 0.8893043265625 0.3079294015625 0.89663165625 0.31204275 0.9565841687500001 0.321339775 0.9640990953124999 0.31755014375 0.9651216828125 0.3092260875 0.9266274515624999 0.2974044671875
1 0.948695875 0.245281778125 0.9335299203125 0.24121710625 0.9161187765625 0.24267685625 0.901659990625 0.239231621875 0.915483796875 0.2542216109375 0.9287880359375 0.260689184375 0.9651566218750001 0.26431027500000004 0.9695233171875 0.2606441625 0.967657459375 0.2567048390625 0.948695875 0.245281778125
1 0.9887547890624999 0.19335928125 0.9802048578125 0.1864463 0.9719147109374999 0.1837945265625 0.9463412453125001 0.181562 0.908374865625 0.19094724375 0.946805184375 0.20328911718749998 0.953808815625 0.2036615109375 0.9629298140625 0.19954998906250002 0.984260271875 0.1980659 0.9887547890624999 0.19335928125
1 0.9716300921875 0.14147998125 0.9522211265625 0.1336986921875 0.9364799671874999 0.13431630156250002 0.9176586234374999 0.1408794015625 0.908150015625 0.1417702203125 0.9138073640625001 0.146725709375 0.9485059671875 0.1511889390625 0.9580187140625 0.15664034375 0.9620019390625 0.156095753125 0.9760050640625 0.1504983140625 0.9772874390625 0.14643547031249998 0.9716300921875 0.14147998125
1 0.7777364375 0.9546998312499999 0.7664897953125 0.950610821875 0.7418152328125001 0.9474369687499999 0.71862305625 0.9513239578125001 0.7127142015625 0.9547917046875 0.7184354609375 0.959226940625 0.7226826109375 0.96928578125 0.7305212359375 0.969237103125 0.7381000734375001 0.964927215625 0.763609628125 0.9676799984375 0.7695865328125 0.9700342234375 0.7808290359375001 0.9677810093750001 0.7823670578125 0.9616371515625 0.7777364375 0.9546998312499999
1 0.78058349375 0.886892871875 0.77152226875 0.8841419140625 0.740551240625 0.8812151078125 0.7332919625 0.882923728125 0.714722128125 0.8810635906250001 0.71479431875 0.8932277828125 0.7211588328125 0.8988027093750001 0.780016565625 0.9042595953125 0.790360165625 0.90294770625 0.7891973359375 0.8932855984374999 0.78058349375 0.886892871875
1 0.796806975 0.8377176734375 0.7984089078125 0.8310535640625 0.7926237375 0.8271385812500001 0.7819564390625 0.8247095140624999 0.7616527125 0.824211771875 0.7529151828125 0.8252017734375 0.7384646734375 0.8344409828125 0.7256160984375 0.8370160828125 0.7625640312499999 0.842297115625 0.7770186796874999 0.8394001281250001 0.7917970234375 0.840244096875 0.796806975 0.8377176734375
1 0.8175847468749999 0.7769733828125001 0.8272170390625 0.768699834375 0.8260583515625 0.7653799484375 0.816481690625 0.760448796875 0.7822985203124999 0.7581657625 0.7598815640625001 0.768494159375 0.7535892390625001 0.7750834249999999 0.7654749984375 0.7739699015625 0.77909879375 0.7778362078125001 0.78552308125 0.7765486562499999 0.8031940109375 0.7793501171874999 0.8175847468749999 0.7769733828125001
1 0.8338100546874999 0.6321445875 0.818448225 0.623298453125 0.79461279375 0.626045753125 0.7846568031250001 0.6305783468749999 0.7767625453125 0.6438317234375 0.7703382578125 0.6451192734375 0.7701465234375 0.6466800328125 0.7801705640625001 0.6479694109375 0.796614753125 0.641629015625 0.833107025 0.6378673734375 0.8338100546874999 0.6321445875
1 0.8214543921875 0.7008423671874999 0.803140203125 0.69690121875 0.7849579796875 0.698261784375 0.7590690953125 0.704972746875 0.7656933953125 0.71480888125 0.7925492359375 0.7129785656250001 0.8000043890624999 0.7160514078125 0.8216544046875001 0.711966053125 0.8255056656249999 0.7061197453125 0.8214543921875 0.7008423671874999
1 0.827140225 0.5525439984375 0.81011255 0.550882228125 0.78242171875 0.553133615625 0.7562771859375 0.5619255890625 0.7672001296875 0.5622736421875 0.787635821875 0.5680731 0.813976228125 0.5640625906250001 0.830424559375 0.5640644171875 0.8355623328125 0.5604974875 0.8353664578125001 0.555716025 0.827140225 0.5525439984375
1 0.839687621875 0.482285459375 0.810897875 0.47435448437499994 0.796247353125 0.472470009375 0.7949010671875001 0.4770531046875 0.7898911156249999 0.4795795265625 0.7720965 0.484160796875 0.7587964046875 0.4840354484375 0.78064643125 0.4910737796875 0.8200354296875 0.49561185312499995 0.840786540625 0.49246782187499993 0.8430956421875001 0.486423146875 0.839687621875 0.482285459375
1 0.8343084453125 0.41130647187499997 0.8199135703125 0.40734098437500005 0.798966584375 0.4057035546875 0.7866334421875 0.41045885000000004 0.7784835375 0.425793240625 0.7839450109375 0.4259672671875 0.794028825 0.42039416875 0.806430015625 0.4214608421875 0.81002976875 0.42403776875 0.8233298671875 0.42416311875 0.8289191625000001 0.42329663906250004 0.8357908328124999 0.41836731406250005 0.8343084453125 0.41130647187499997
1 0.8240471406250001 0.3418134015625 0.8099759640625 0.34158887031249996 0.787171396875 0.3486965625 0.7821655843750001 0.357565209375 0.8031764812500001 0.3586823875 0.81269336875 0.37047601406249997 0.8162848437499999 0.360368496875 0.8204598031250001 0.3582631453125 0.8306755796875 0.35799176093749996 0.8381905046875 0.3542021265625 0.842493290625 0.35105626874999996 0.840883078125 0.345035934375 0.8240471406250001 0.3418134015625
1 0.8470144671875 0.28874938906250003 0.8211173031250001 0.28277590468749997 0.7993992359375001 0.28103928906250003 0.778520303125 0.2852238265625 0.7780090093750001 0.2893858546875 0.790929771875 0.2989749484375 0.8291600796875 0.30019313593749997 0.8474062171875 0.29831231406250003 0.8495235828125001 0.2938284 0.8470144671875 0.28874938906250003
1 0.8420992281249999 0.239497521875 0.8346440734374999 0.23642467968749997 0.804955421875 0.22943502656249998 0.7915275015625001 0.230350184375 0.7857464703125 0.23277742343750002 0.80297415625 0.2455628796875 0.8144750671875001 0.245456803125 0.83542343125 0.24920830781249997 0.8426188 0.24801994062500002 0.846214415625 0.2442546453125 0.8420992281249999 0.239497521875
1 0.8540075093749999 0.17444151562500002 0.8417299999999999 0.1659921125 0.8313822609375 0.160961778125 0.8152534906250001 0.158358684375 0.8024049156249999 0.16093378593750002 0.8017657968749999 0.16613631874999998 0.819057396875 0.178401521875 0.8222736796874999 0.1840999703125 0.8484264906250001 0.1879924421875 0.8549786015624999 0.185664384375 0.8572237906250001 0.1801399625 0.8540075093749999 0.17444151562500002
1 0.8435586078125 0.1128514265625 0.8113649796875 0.1071249859375 0.8080889234375 0.1082890140625 0.8180531921875 0.11644086875 0.81805733125 0.122783090625 0.8312296031249999 0.1239489484375 0.8613697765625 0.13363905 0.87068665 0.13430899062499999 0.8724164062499999 0.126604375 0.8678496984375 0.1191468 0.8435586078125 0.1128514265625
1 0.7553648921875 0.14854140625 0.7401350265625 0.1449969875 0.7268947015625 0.1380091625 0.7063992375 0.13907218125 0.7004264703125 0.14306018125 0.6933589265625 0.143208040625 0.6882850640625 0.1462547171875 0.7010099546874999 0.1510623453125 0.7003708375000001 0.1562648796875 0.7070549109375001 0.15923853906250002 0.7510703875 0.164371709375 0.7648178671875 0.1608552859375 0.7631437437499999 0.1553552046875 0.7553648921875 0.14854140625
1 0.7681803546875 0.095228521875 0.7609169375 0.09059491875 0.727888315625 0.0852895484375 0.718256025 0.0935630953125 0.6982162187500001 0.1036687859375 0.7162706203125 0.1033487265625 0.73856803125 0.1067452828125 0.7624673750000001 0.10347773281249999 0.7676690609375 0.0993905484375 0.7681803546875 0.095228521875
1 0.7095290859375 0.209233365625 0.7049026046875 0.2086382671875 0.6836401999999999 0.215944325 0.6855060578125001 0.21988364843750002 0.6914190515625 0.222758125 0.7150029765625 0.228434059375 0.7335728109375 0.230294196875 0.7410238234375 0.22702481562500001 0.7380631875 0.2192453546875 0.7095290859375 0.209233365625
1 0.7415723703125 0.2799427953125 0.726917709375 0.271716096875 0.7055831140625 0.2668579640625 0.6791107421875 0.265566759375 0.6718514640625 0.2672753796875 0.6828424609375 0.273445403125 0.68072509375 0.2779293171875 0.672630821875 0.2800590078125 0.67687383125 0.283775625 0.6958271359375 0.2825142421875 0.7106735328125 0.2891801796875 0.7368902546875 0.29255239843749997 0.7442773578125 0.2898032703125 0.7456236453125 0.2852201734375 0.7415723703125 0.2799427953125
1 0.7235326984375 0.40128534531250004 0.7178114390625 0.396850109375 0.69904573125 0.39020851093750003 0.66145454375 0.3837877890625 0.6599804328125 0.3894113921875 0.66955709375 0.3943425421875 0.6880712921875001 0.40940737812499994 0.7121665109374999 0.4109212890625 0.7209040390625 0.4099312890625 0.724563565625 0.4056457390625 0.7235326984375 0.40128534531250004
1 0.708585140625 0.3380596546875 0.6648933609375 0.3366674375 0.677686303125 0.3472970375 0.7041628109375 0.3549304671875 0.7357770953125 0.358996965625 0.7385377171874999 0.3556527390625 0.7346781796874999 0.348814603125 0.708585140625 0.3380596546875
1 0.6760269109375 0.4628194453125 0.65328625625 0.4694068859375 0.6580446984375 0.4753036984375 0.6798905875 0.47599980625000005 0.701804528125 0.482517884375 0.7165189609375 0.48388210625 0.7199826125000001 0.47481509375000003 0.7060351218750001 0.4672078328125 0.6760269109375 0.4628194453125
1 0.684937790625 0.530553390625 0.6734355 0.52854539375 0.6558326203125 0.5315659046875 0.644138596875 0.5311186671875 0.64073471875 0.5333232015625 0.653265803125 0.5365204796875 0.6659927640625 0.544499221875 0.6747302921875 0.5435092187499999 0.693751646875 0.54806980625 0.7093010734375 0.54901295625 0.7160449203125 0.5451241390625 0.7128286359375 0.5394256921875 0.684937790625 0.530553390625
1 0.6958382125 0.594843928125 0.6890902296875 0.592390521875 0.6737964515625 0.5893663578125 0.6589541921875 0.5890426421875 0.63434768125 0.591690759375 0.6317148828125 0.5939944765625 0.64431195 0.5998426125 0.6760581953125 0.6092108281249999 0.6846039890625 0.6097815859375 0.697388653125 0.6077267390625 0.7040685859375 0.604358175 0.6958382125 0.594843928125
1 0.687917296875 0.665697565625 0.666259003125 0.6570984734375 0.65006631875 0.655015634375 0.6244330796875001 0.6596455812500001 0.6200663875 0.6633116921875 0.6368384125000001 0.6670544781250001 0.6345973640625 0.6789211203125001 0.6424359875000001 0.67887244375 0.6451326984375 0.676048471875 0.68972751875 0.6828415875 0.7012895828125 0.67798710625 0.697945475 0.673329165625 0.687917296875 0.665697565625
1 0.6690734328125 0.736203146875 0.661814153125 0.73791176875 0.63932500625 0.736075971875 0.6176110796875001 0.7406815796874999 0.6082942078125 0.7400116390625 0.6000721125 0.7431818375 0.6385622046874999 0.748661234375 0.6561053125 0.7525032015625001 0.6685745546875 0.75939184375 0.6733927703125 0.75842618125 0.6907997765625 0.7506242078125 0.6753101234375001 0.74281858125 0.6690734328125 0.736203146875
1 0.647306184375 0.856009278125 0.6205101156249999 0.8509771140625 0.596031428125 0.852584725 0.6054802625 0.8585563828125 0.60496896875 0.862718409375 0.596746875 0.865888609375 0.5989962015625 0.866706409375 0.6602352265625 0.878282815625 0.666595603125 0.8775155171875 0.669739696875 0.8710497734375 0.6663316781249999 0.8669120859375001 0.647306184375 0.856009278125
1 0.657812546875 0.8087410671875 0.6474648078125 0.803710734375 0.629150621875 0.799769584375 0.6093623234375001 0.8014520375 0.5946478921875 0.800087815625 0.6016598015625 0.8131446562500001 0.6148959859375001 0.8137902578125 0.6520397921875001 0.823852753125 0.6614844890625 0.8234821875 0.6664305296874999 0.82147601875 0.6661707421874999 0.817214809375 0.657812546875 0.8087410671875
1 0.6447952421875 0.9465838625 0.6440839375 0.9396222046875 0.64061200625 0.9360047703125 0.6301364453125 0.9320149437499999 0.6115026968749999 0.9306750609375 0.6010951859375 0.9325072015625 0.5919741875 0.936618725 0.5797730078125001 0.9466757359375 0.6021343296875 0.949552040625 0.6218587140625 0.9483898390625001 0.637987484375 0.9509929343750001 0.6447952421875 0.9465838625
1 0.5046504015625 0.9269718171875001 0.5022691125 0.9208522984374999 0.4905070375 0.914583090625 0.475021521875 0.9131196875 0.4630718515625 0.9147534640625 0.45054697343749994 0.9210695203125001 0.441238378125 0.9330840265625 0.43160194687500003 0.9350153515624999 0.443939228125 0.9366022765625001 0.456016725 0.9339279953125 0.5009269640625 0.93177761875 0.5046504015625 0.9269718171875001
1 0.528563990625 0.847077334375 0.5175090828125 0.841427565625 0.49668992031250003 0.8387496265625 0.484096990625 0.8392437125000001 0.4540970578125 0.8475397734375001 0.45056535625 0.8507848156250001 0.45313838124999994 0.8553435734375 0.460657446875 0.8578961609375 0.4734421109375 0.855841315625 0.49059760937499997 0.8564625796875 0.511161125 0.86122153125 0.5257435953125 0.8572840359375 0.5301102875 0.8536179234375 0.528563990625 0.847077334375
1 0.5054458312500001 0.76747491875 0.49850610937499995 0.766582271875 0.4674113984375 0.77103819375 0.462337534375 0.7740848687499999 0.46278905625 0.77678531875 0.4767963234375 0.7775301046875 0.4826454046875 0.7809248328125 0.5025656625 0.784544096875 0.5098929937500001 0.78865744375 0.5345675562500001 0.791831296875 0.5383549046875 0.7865052421875001 0.5321821265625 0.77936955625 0.5054458312500001 0.76747491875
1 0.5368228484374999 0.703337725 0.5028314125 0.6994939296875 0.4727634296875 0.7019680203124999 0.4868387453125 0.7085347750000001 0.4812535875 0.7157434796875 0.4848533421875 0.7183204062499999 0.4903787265625 0.7179741796875 0.49712257187500003 0.7140853625 0.5057322765625 0.71413586875 0.5241742875 0.7170365125 0.5352931078125 0.722166028125 0.5450573624999999 0.719194196875 0.5478179843750001 0.7158499703125 0.5368228484374999 0.703337725
1 0.5588190843749999 0.6390508421875001 0.5354268953125 0.631814146875 0.5230896140625 0.63022721875 0.5041363078125001 0.6314886046875 0.5207846515625 0.6426141171875 0.5445005375 0.6535917703125 0.555359571875 0.654460078125 0.57116464375 0.6533222140625 0.5691029109375 0.6446014296875 0.5588190843749999 0.6390508421875001
1 0.5769001453125 0.581130521875 0.5540192515625 0.5697317984375 0.53005599375 0.5735196046875 0.51598895625 0.579637296875 0.5082142453125 0.5791657203125 0.5208113125 0.58501385625 0.5510112578124999 0.5878414828125 0.5752384390625 0.594657109375 0.580955559375 0.592750121875 0.5822379343749999 0.5886872796875 0.5769001453125 0.581130521875
1 0.57023859375 0.5142143796875 0.5555241609375 0.5128501578125 0.5331030640625001 0.5168363296875 0.52687465 0.52290534375 0.528033340625 0.5262252296875001 0.544801228125 0.5236257906249999 0.555340703125 0.5270953640625 0.5654925671875 0.527344234375 0.5769309453125 0.5298724859374999 0.5826522015625 0.5343077218750001 0.594925571875 0.5364149 0.594789471875 0.5247709609375 0.5846334671875 0.51817986875 0.57023859375 0.5142143796875
1 0.6104809625 0.448046678125 0.5947356640625 0.4423220625 0.5793140625000001 0.44033840468749996 0.5525860453125 0.44112821406249997 0.551883015625 0.4468510015625 0.557796009375 0.44972547812499997 0.57630193125 0.4521058671875 0.5933337437499999 0.46010986093749995 0.5914720234375 0.462512759375 0.611392284375 0.46613202343750004 0.624368684375 0.462516415625 0.6256510578125 0.4584535703125 0.6104809625 0.448046678125
1 0.6047183140625 0.3801892109375 0.5736792359375 0.3714404328125 0.5450895 0.37463314062499997 0.54464211875 0.3782749140625 0.58268896875 0.393738309375 0.6143032515625 0.397804809375 0.6196327609375001 0.3926771171875 0.6186018953125 0.38831672500000003 0.6047183140625 0.3801892109375
1 0.5974774187499999 0.3116131265625 0.5684361609375 0.3121053859375 0.5757676296875001 0.3225609578125 0.5875936187499999 0.3283099109375 0.6282052140625 0.33564761718749997 0.6307060515625 0.3280421828125 0.6279412890625 0.325044184375 0.5974774187499999 0.3116131265625
1 0.618770621875 0.2530490296875 0.6034768453125 0.25002486562500004 0.580604228125 0.2513105890625 0.56595370625 0.2494261125 0.5719306125 0.2517803375 0.5713595453125 0.2628048390625 0.5735449609375001 0.2641428953125 0.593077609375 0.2645414546875 0.6367735296875 0.27227589218750003 0.64409671875 0.27004701875000003 0.646341909375 0.26452259843750003 0.618770621875 0.2530490296875
1 0.65562153125 0.20811253125 0.6412225171875 0.19780482187499998 0.6115977765625 0.19029491406250001 0.5813380578125 0.19432976562499998 0.5862882359375 0.1986658171875 0.60505394375 0.20530741562500002 0.6429049171875 0.21598935 0.654083509375 0.2142563890625 0.6567163093749999 0.2119526703125 0.65562153125 0.20811253125
1 0.6437044843749999 0.0628346734375 0.631818725 0.063948196875 0.621926646875 0.0679605359375 0.6219946968750001 0.0737825046875 0.6178197375 0.0758878578125 0.6732735937500001 0.0835492796875 0.6777681109375 0.0788426609375 0.6723664109375 0.07180615625 0.6437044843749999 0.0628346734375
1 0.5003433609375 0.0375241796875 0.4862082734375 0.037819900000000004 0.4589689625 0.042771734374999995 0.4731721015625 0.0482979828125 0.4773511984375 0.0525348546875 0.4914223765625 0.0527593875 0.5288857421875 0.0602206140625 0.5364645796875 0.055910728124999996 0.53485436875 0.049890390624999996 0.5003433609375 0.0375241796875
1 0.5237130296875 0.1087033578125 0.51169530625 0.104515165625 0.487084653125 0.10082105937500001 0.46151532656249994 0.104930753125 0.46871483437499994 0.110084609375 0.5062421125000001 0.11702558437499999 0.5127983609375 0.12103975 0.522115234375 0.12170969218750001 0.5273169234374999 0.117622509375 0.527184959375 0.11232079375 0.5237130296875 0.1087033578125
1 0.4766504828125 0.1602534625 0.4557076359375 0.1649582546875 0.444784690625 0.1646101984375 0.46168868124999995 0.1736547 0.467925371875 0.18027013281249998 0.4898393109375 0.186788209375 0.5107223859375 0.1889458953125 0.5130954 0.182380965625 0.5068587078125 0.175765534375 0.4766504828125 0.1602534625
1 0.5013705749999999 0.233191765625 0.480227715625 0.2267728734375 0.43126620000000004 0.2236458703125 0.43866158125 0.233581190625 0.45775098593749997 0.2439637453125 0.47458692343750003 0.247186275 0.49810279843750005 0.24704024218749998 0.50728770625 0.24240846875000002 0.5070918343749999 0.23762700468750003 0.5013705749999999 0.233191765625
1 0.4796938984375 0.29487738124999996 0.4568171453125 0.2898208828125 0.4381875359375 0.2948232234375 0.447125078125 0.30495690625 0.4774569875 0.31308625 0.48715733125 0.31063467031249997 0.4924868390625 0.30550698125000003 0.4796938984375 0.29487738124999996
1 0.47543664531249996 0.36778769375000003 0.44639125 0.36193772968750004 0.42846881249999996 0.3675595078125 0.4284090390625 0.37442198437499996 0.42050650312500004 0.37499091406249996 0.43046663125 0.37680054687500003 0.4399752390625 0.375909728125 0.4621448265625 0.380346790625 0.48617613281249994 0.382380953125 0.49169737812500003 0.37569250468750004 0.47543664531249996 0.36778769375000003
1 0.464423128125 0.425560153125 0.44867782968750003 0.419835540625 0.42625259375 0.417479490625 0.4205993875 0.4188662234375 0.4212467828125 0.4263481359375 0.444383325 0.4356658453125 0.45890602343750003 0.4385908265625 0.4700248421875 0.44372034375 0.4747791453125 0.44327493437500004 0.48133125625 0.440946878125 0.4811353828125 0.43616541406250003 0.464423128125 0.425560153125
1 0.4742329140625 0.49235277499999996 0.46928273593750003 0.4880167203125 0.45797218125 0.4844479640625 0.43786018593750003 0.48238946250000003 0.4171090765625 0.4855334953125 0.40933850156249996 0.49140414374999997 0.3948199421875 0.4948213828125 0.4023390078125 0.4973739734375 0.422191215625 0.4951712640625 0.4310607078125 0.499482978125 0.456566121875 0.49589353750000004 0.4698023078125 0.49653914062500004 0.4742329140625 0.49235277499999996
1 0.4578218359375 0.549430953125 0.4329555390625 0.5478178625 0.4242819203125 0.5482876109375 0.4079016421875 0.5541077515625 0.4090005609375 0.564290115625 0.43347925 0.5626825046875 0.45988356875 0.5581517390624999 0.4637348296875 0.5523054296875001 0.4578218359375 0.549430953125
1 0.445593996875 0.617088228125 0.42220180625000003 0.6098515328125 0.41416730937499996 0.6051187453125 0.410247996875 0.6051430859375 0.40177025468750005 0.6103942953125 0.3827530375 0.6121759328125 0.3876393046875 0.6170322390625 0.400943540625 0.6234998125 0.44181078593749995 0.62875650625 0.4500967921875 0.6250660531250001 0.44983700468750004 0.62080484375 0.445593996875 0.617088228125
1 0.3968656046875 0.67582269375 0.3840809421875 0.6778775421875001 0.3565262109375 0.6917728671875001 0.3574931640625 0.6966535140625 0.3728508546875 0.6991574234375 0.377605159375 0.6987120140624999 0.38049360625 0.6943272828125 0.3869818046875 0.6925194796875 0.4193671671875 0.6966851625 0.4274614375 0.6945554703125 0.4309972796875 0.6976526515625 0.433689853125 0.6884864578125 0.4290592328125 0.6815491359375 0.3968656046875 0.67582269375
1 0.4055208390625 0.7456376515625001 0.37679914062500003 0.7435286453125001 0.3591962609375 0.7465491546874999 0.34827745625 0.752543325 0.3340145421875 0.753879553125 0.3376782078125 0.7559362265625 0.3653731796875 0.760027065625 0.3689131609375 0.76946646875 0.3808586921875 0.76149046875 0.3935794453125 0.759955875 0.403220015625 0.764366771875 0.405856953125 0.7684052765625 0.416771621875 0.7560688843750001 0.41445424218750004 0.749429115625 0.4055208390625 0.7456376515625001
1 0.37440360625 0.8140360578125 0.3519783703125 0.8116800078124999 0.3188927390625 0.817465259375 0.30751965000000003 0.81653083125 0.309513334375 0.819429646875 0.32011671875 0.822378965625 0.3295655546875 0.8283506234375 0.332526190625 0.8361300875 0.336445503125 0.8361057468749999 0.34755604375 0.8285508187499999 0.371779084375 0.8290242203125 0.381611390625 0.8318743578125 0.38758415625 0.8278863578125 0.387835665625 0.819463121875 0.37440360625 0.8140360578125
1 0.373434825 0.904809009375 0.3718246140625 0.8987886749999999 0.356015403125 0.8935843125 0.334748859375 0.8945481484375 0.2879851765625 0.9117858703125 0.2892716890625 0.9140652484375 0.315036890625 0.9147370203125 0.3271824359375 0.9178847031249999 0.346925365625 0.9123209359375 0.3664992421875 0.910258584375 0.373434825 0.904809009375
1 0.3600308765625 1 0.360196815625 0.9998170046875 0.356081628125 0.9950598812499999 0.337767440625 0.9911187312499999 0.3219623671875 0.9922565921875 0.29812333125 1 0.3600308765625 1
1 0.16164955625 0.9832622265625 0.22262913750000002 0.9911059390625001 0.23097905624999998 0.9868952343749999 0.23116665468750003 0.9789922531249999 0.2176706828125 0.9740854390625 0.18836963906249998 0.970316490625 0.16100664375 0.9826510546874999 0.16164955625 0.9832622265625
1 0.2341332546875 0.8974603374999999 0.23901124375 0.8896321984375 0.235794959375 0.8839337515624999 0.218251853125 0.880091784375 0.19402881249999998 0.8796183828125 0.1724468453125 0.88952570625 0.16943471875 0.90129316875 0.1714923109375 0.9036717296875001 0.181835909375 0.9023598390625001 0.20875980156249999 0.9063514953125 0.21569538281249998 0.9009019171875 0.22584724843749998 0.9011507890624999 0.2341332546875 0.8974603374999999
1 0.24003151875 0.7793123234375 0.21689911562500003 0.7763368374999999 0.199487971875 0.7777965890625 0.179380115625 0.7820803093750001 0.1756566796875 0.7868861093749999 0.1812501140625 0.792361853125 0.194279296875 0.790866934375 0.22879729218749997 0.7942499828125 0.23554527812499998 0.7967033890625 0.2512823 0.78974355625 0.25037925625 0.784342659375 0.24003151875 0.7793123234375
1 0.26800051874999997 0.71103744375 0.2451237640625 0.70598094375 0.23342974062500002 0.70553370625 0.212614715625 0.709197990625 0.1972013921875 0.7198987781249999 0.1968179203125 0.7230202984375 0.262807109375 0.7278090703125 0.27501242812500004 0.72409428125 0.278863690625 0.718247971875 0.26800051874999997 0.71103744375
1 0.2792738203125 0.6575261921875 0.2637841703125 0.6497205640625 0.2531766453125 0.640429021875 0.2484862515625 0.6403541781250001 0.2412311125 0.648405021875 0.21617307812500003 0.6483526875 0.2025534234375 0.6508286062499999 0.226716690625 0.6581644859375 0.2425300421875 0.6697110687500001 0.2533251640625 0.6710996296875 0.27638951562499997 0.6682531468749999 0.28229836875 0.6647854015625 0.2792738203125 0.6575261921875
1 0.294130321875 0.581222978125 0.28146934375 0.5758950953124999 0.2533909015625 0.5749257765625 0.22724636875 0.5837177515625 0.20970740000000002 0.5862180078125 0.21709864375 0.5898111046875 0.25571655937500004 0.594249996875 0.28572063281250004 0.592296159375 0.29387881562499996 0.5896462140625001 0.294130321875 0.581222978125
1 0.3027027765625 0.5241934765625 0.2937054609375 0.5209222687499999 0.2667176578125 0.5174508671875 0.2436533078125 0.5202973515625 0.22668954531250002 0.5181153265625 0.2489271828125 0.528374359375 0.24983022500000002 0.533775259375 0.2874172765625 0.5338537578125 0.29114485156250003 0.5353901796875 0.3048284203125 0.532394009375 0.30585514687500004 0.530412178125 0.3027027765625 0.5241934765625
1 0.298542059375 0.44967189999999996 0.26114260625 0.44169041875000004 0.2472033921875 0.44676760312499997 0.227091396875 0.4447091 0.23037159218749997 0.44988729687499995 0.2504238140625 0.45880827343749997 0.24952904999999997 0.4660918203125 0.26179827968749997 0.4618567765625 0.2984864265625 0.46287659843749995 0.3050385375 0.46054854218749997 0.30805480625000004 0.45512330468749995 0.298542059375 0.44967189999999996
1 0.2687481046875 0.3797802703125 0.24208400000000002 0.38004982656249997 0.2471661390625 0.389687596875 0.3109142796875 0.4063430125 0.31721074374999997 0.40609596875 0.3177178984375 0.39559171718749997 0.30377040625 0.3879844578125 0.2687481046875 0.3797802703125
1 0.3038568390625 0.3235217203125 0.2832335515625 0.32562524531250003 0.270900409375 0.3303805421875 0.262550490625 0.33459124687499997 0.2593424875 0.34157724375 0.265383303125 0.343411215625 0.27026543125 0.34192529843749997 0.277337115625 0.3481196609375 0.2841448734375 0.343710590625 0.3357350484375 0.3381916515625 0.337660678125 0.3352684984375 0.3330300578125 0.3283311765625 0.3038568390625 0.3235217203125
1 0.3490493890625 0.26169007187500004 0.3448063796875 0.2579734546875 0.3303475921875 0.25452821875 0.312421015625 0.253807771875 0.30104655 0.25075926875 0.28775473125 0.2633183671875 0.285509540625 0.2688427890625 0.28833821406250004 0.2713205328125 0.3066524015625 0.27526168125 0.3392253609375 0.27152438125 0.348410271875 0.26689260625 0.3490493890625 0.26169007187500004
1 0.341425021875 0.19623550781250002 0.3292155625 0.1936080734375 0.30434926562500003 0.19199498125 0.2782686453125 0.2002667015625 0.29786934375 0.20648723125 0.33957157968749996 0.211322853125 0.3478575859375 0.207632403125 0.3478534484375 0.20129017968750001 0.341425021875 0.19623550781250002
1 0.34414839218750004 0.135811275 0.314975171875 0.13100181875 0.28696478124999997 0.1358544703125 0.30444811562499996 0.1465589140625 0.3584876328125 0.1529814609375 0.363497584375 0.15045504062499998 0.36130802812499996 0.1427747625 0.34414839218750004 0.135811275
1 0.359213184375 0.0833161921875 0.342824628125 0.0764518890625 0.31679963906249997 0.0715189109375 0.3097320953125 0.07166677187500001 0.30375932968749997 0.0756547703125 0.30479019687500003 0.0800151640625 0.3162327125 0.0888856359375 0.3585142953125 0.09538120156249999 0.3643592375 0.09243370937499999 0.36487053125 0.0882716828125 0.359213184375 0.0833161921875
1 0.3681773859375 0.0358496171875 0.37248016875 0.0327037578125 0.3711256046875 0.024602409375000002 0.35505660781250004 0.015136839062499999 0.35203886562500003 0.014344484375 0.319970871875 0.0130378140625 0.3147769859375 0.024224534375000002 0.3445934625 0.0301736796875 0.3564833609375 0.0354023796875 0.3681773859375 0.0358496171875
1 0 0.96246948125 0.05196341249999999 0.969153459375 0.0587086390625 0.9673787171875 0.0613373 0.958732775 0.048160885937499995 0.951224696875 0.013334459375 0.9478019734375 0.003634115625 0.950253553125 0 0.9531090296875 0 0.96246948125
1 0 0.866973465625 0.006153334375 0.8723634125 0.0115508953125 0.8730576921875001 0.064491496875 0.869297878125 0.07117143125 0.865929315625 0.07071577031250001 0.8568866421875001 0.051694415625000004 0.8523260562500001 0.013272373437500002 0.8526686281250001 0.0011309671875 0.855863165625 0 0.8570475046875 0 0.866973465625
1 0.08691855625 0.77600033125 0.09218415468749999 0.7713928953125 0.0884524390625 0.7635142515625 0.07797687812500001 0.7595244234375 0.0656395953125 0.7579374984375 0.053881659375 0.7580105125000001 0.04251133125 0.761304234375 0.0270980078125 0.772005021875 0.029155599999999997 0.774383584375 0.027425845312500002 0.7820882015625 0.0384127 0.7819160015625 0.0468904421875 0.776664790625 0.06288724999999999 0.77396616875 0.08691855625 0.77600033125
1 0.0918025109375 0.6788608171875 0.06963292343750001 0.6744237531249999 0.06417145156250001 0.6742497265625 0.0469561796875 0.6804909390625 0.033920009375 0.690969021875 0.0406679953125 0.6934224296875 0.04215038125 0.7004832703125 0.045814046875 0.7025399453125 0.053009415625 0.7013515765625 0.060008909374999996 0.695381746875 0.0794776453125 0.6963005609375 0.09380860937499999 0.7007863000000001 0.10562631874999999 0.6938508078125001 0.10652108281249999 0.6865672625 0.0918025109375 0.6788608171875
1 0.0674741671875 0.6154854375000001 0.059060337500000004 0.6202163953125 0.057841875 0.6237589859375 0.04448200625 0.6304961125 0.054701921875000004 0.636566953125 0.07308001875 0.63998785 0.081489709375 0.62891466875 0.1351374796875 0.6257742921875 0.1209302015625 0.613905821875 0.0830833640625 0.6095661140625 0.0674741671875 0.6154854375000001
1 0.136122815625 0.5603702312500001 0.119542525 0.5550666875 0.09551121875 0.553032525 0.070457325 0.5593224171875 0.061140451562499996 0.5586524749999999 0.061400237499999996 0.562913684375 0.0822194 0.565591621875 0.096554503125 0.5764195859375 0.1133863015625 0.57329989375 0.11775713437499999 0.5759760046875 0.1382484609375 0.5685707640625 0.139530834375 0.5645079187500001 0.136122815625 0.5603702312500001
1 0.1418707359375 0.507205209375 0.1423820296875 0.5030431796875 0.1227813296875 0.496822653125 0.10568974375 0.4956811375 0.0692016125 0.5057849984375 0.062197978125 0.50541260625 0.080384340625 0.5103942640625 0.08822296562500001 0.5103455859375 0.094135959375 0.5132200609375 0.11264188125 0.51560045 0.12176288125000001 0.5114889296875 0.13345690625 0.5119361671875 0.1418707359375 0.507205209375
1 0.162968065625 0.44385964843750003 0.15653963906249999 0.43880497656250006 0.131221821875 0.4344914359375 0.118692803125 0.43446526875 0.102632084375 0.43768414531250005 0.0843942265625 0.4522494109375 0.097246940625 0.45601653124999997 0.0985334546875 0.4582959125 0.10322384531249999 0.45837075625 0.1466517 0.44915953750000004 0.1527564296875 0.4504732546875 0.162968065625 0.44385964843750003
1 0.1733217703125 0.359578609375 0.158283640625 0.3544734296875 0.128854771875 0.3517449890625 0.1105488625 0.360488284375 0.1001413515625 0.362320428125 0.1076604171875 0.364873015625 0.1340688765625 0.3666844734375 0.16748096562499998 0.368868325 0.174288725 0.36445925468749996 0.1733217703125 0.359578609375
1 0.1864567921875 0.3036644578125 0.17585340625 0.30071513906249997 0.1306792390625 0.29226208124999997 0.1246425609375 0.29677033124999996 0.119053265625 0.2976368140625 0.1268960296875 0.3039303578125 0.145274128125 0.3073512546875 0.1556857796875 0.3118613359375 0.1912193734375 0.3159034953125 0.1962293265625 0.3133770703125 0.195198459375 0.309016678125 0.1864567921875 0.3036644578125
1 0.20537284531250002 0.245323065625 0.198045515625 0.24120971875000002 0.1748492015625 0.2387544859375 0.15351874375000002 0.24023857343750002 0.14523273750000001 0.243929025 0.131225471875 0.2431842390625 0.1352128359375 0.24898187031250002 0.15037879062499998 0.253046540625 0.152116825 0.2580263703125 0.18218480937499998 0.25555228125 0.2037070015625 0.25250743125 0.20717479062500002 0.24978264375 0.20537284531250002 0.245323065625
1 0.1876563859375 0.172757153125 0.1620829203125 0.1705246265625 0.14017725781249998 0.17669099375 0.14069268906250001 0.178871190625 0.14744067656249998 0.181324596875 0.1466098234375 0.1880878890625 0.175778903125 0.1865551234375 0.2059788515625 0.18938275 0.2120155296875 0.184874496875 0.2102774953125 0.1798946671875 0.1876563859375 0.172757153125
1 0.223540340625 0.122940009375 0.1871037015625 0.11349695 0.1714903640625 0.113074053125 0.1701440796875 0.11765715000000002 0.1543390046875 0.1187950140625 0.147722984375 0.121643321875 0.155693571875 0.1268963609375 0.204978784375 0.13376432031250002 0.21300914375 0.1321548828125 0.2214910234375 0.13324589375 0.22714423125 0.1318591609375 0.22701227031250001 0.1265574453125 0.223540340625 0.122940009375
1 0.20819689375 0.0438091703125 0.17921954843750001 0.0437811765625 0.1655998921875 0.04625709375 0.1767826234375 0.0508663578125 0.1792917375 0.0559453703125 0.1844336515625 0.0587206625 0.234362121875 0.06672830937499999 0.23879272812500002 0.0625419453125 0.23191278125 0.054786821875 0.20819689375 0.0438091703125
1 0.6504340890625 0.135572784375 0.625759525 0.13239893281249998 0.590617678125 0.13791969843750002 0.6413213671875 0.152368753125 0.659120121875 0.15412970625 0.664901153125 0.1517024671875 0.6650248375000001 0.1443197359375 0.6504340890625 0.135572784375