1 0.920696721875 0 0.9163432171875 0.0017935093749999998 0.885627025 0.0022514390625 0.882878003125 0.008968478125 0.8891478140625001 0.0176236125 0.90863893125 0.020400409375 0.9220356375 0.0195423453125 0.9331469390624999 0.0173212078125 0.94487971875 0.0115382109375 0.9468494015625 0.0038647875 0.9437846562500001 0.0015453296874999999 0.9350676171875 0 0.920696721875 0
1 0.9078970562500001 0.0632157625 0.89323985 0.07069552343749999 0.87984314375 0.0715535875 0.8798957656249999 0.0730596703125 0.9092727625 0.0812410828125 0.9234838890624999 0.08234345937500001 0.9398400984374999 0.0807926875 0.9560559890624999 0.0752256953125 0.9618522203125 0.0703260859375 0.9549433859375 0.0647307875 0.9436917656249999 0.06293570312499999 0.919892940625 0.064963175 0.9078970562500001 0.0632157625
1 0.949352446875 0.1395552375 0.96177686875 0.13221848593750002 0.9638517921875 0.1275572265625 0.959990165625 0.123779359375 0.942005109375 0.12140925 0.9084782671875 0.1225503546875 0.901832534375 0.1244854671875 0.8894607328124999 0.1333283015625 0.9181285484374999 0.142561440625 0.949352446875 0.1395552375
1 0.9003037421875 0.1874772640625 0.901135703125 0.1899397296875 0.8945601296874999 0.1938829546875 0.87676801875 0.1970351515625 0.9078089390624999 0.21014149999999998 0.9323871046875001 0.20907041093749998 0.943463325 0.2058452203125 0.9529457828125001 0.199703203125 0.9520611999999999 0.1957346546875 0.94750793125 0.1935105375 0.9392333546874999 0.19152477031249998 0.9363089296875 0.1932215359375 0.9077463546875 0.1870005609375 0.9003037421875 0.1874772640625
1 0.9277409437499999 0.2682366640625 0.9367247031250001 0.26917070625 0.9582907421875 0.26728624375 0.964936475 0.265351128125 0.9692617218749999 0.2610488875 0.9638589515625 0.2558602765625 0.9354191578125001 0.25315349375 0.9055610015625 0.252550165625 0.8974092046875001 0.254078590625 0.8953167421874999 0.2582378234375 0.9277409437499999 0.2682366640625
1 0.8900491015625001 0.32096594375 0.9135947874999999 0.333042909375 0.9218518234375 0.3345266484375 0.9390575374999999 0.3359403703125 0.9502214562500001 0.33522531875 0.9598091546875 0.33209546875 0.9626458781249999 0.3278885671875 0.9594408124999999 0.321552890625 0.9444678828124999 0.31999615625 0.9367972484375 0.3139464984375 0.9225335015624999 0.31133804062500003 0.9061422109375 0.31188475625 0.8900491015625001 0.32096594375
1 0.8971156578124999 0.380891446875 0.885438021875 0.3811362515625 0.8847814609375 0.383694059375 0.9150781203125 0.39684808125000004 0.9329579328125 0.3962060234375 0.9440166140624999 0.392478803125 0.9483243218749999 0.3876745359375 0.9489282625 0.3836106453125 0.9382630421875 0.377249640625 0.9353210750000001 0.37844437656249996 0.9105850484375001 0.37499721875 0.8971156578124999 0.380891446875
1 0.9333912453125001 0.47265722187500003 0.9437407453125 0.46998172968749996 0.94430960625 0.4649137828125 0.9412273203125 0.46209229843750005 0.9164035921875 0.4561350015625 0.89779705625 0.4573267546875 0.8890062406249999 0.46191501874999996 0.9026835875 0.46908939531250005 0.9177266765625 0.472654240625 0.9333912453125001 0.47265722187500003
1 0.9202349109375 0.5444441828125 0.9387537453125001 0.5407422875 0.95126586875 0.5359156734375 0.9548293140625 0.5311590765624999 0.9435075328125 0.52735588125 0.8925469546875 0.5205569015625 0.8987992296874999 0.528710009375 0.8931608578124999 0.5381278671875 0.9073895249999999 0.5397322703125 0.9202349109375 0.5444441828125
1 0.8736820906249999 0.599753609375 0.8804155234375 0.6003286328125 0.8880510796875001 0.6053742328125 0.9060536734375001 0.6082463703125 0.931341021875 0.6061235578125 0.9401844562499999 0.603041375 0.9438180624999999 0.6002928875 0.942915940625 0.5958223109375 0.9202372984375 0.5872118640624999 0.900939121875 0.5899573703125001 0.8943986296875 0.5949046499999999 0.8736820906249999 0.599753609375
1 0.8742457609375001 0.6585861734375 0.8848408203125 0.662939065625 0.8902786734375001 0.6691317328124999 0.9195504296875001 0.67430098125 0.9358189390625 0.670240071875 0.9401617265625 0.6664398578124999 0.9392771453125001 0.6624713078125 0.9339269937499999 0.6587887796875 0.9256699578124999 0.6573050421875 0.91230833125 0.659167159375 0.8942881984375 0.6557929953125 0.8742457609375001 0.6585861734375
1 0.94354458125 0.7205634937500001 0.9432639406250001 0.712531053125 0.9364077265624999 0.7084418359375 0.87840795625 0.7136661937500001 0.8710705828125 0.7171550609375 0.8793802390625001 0.72014488125 0.8863767734374999 0.72825031875 0.9058152703125 0.72952103125 0.94354458125 0.7205634937500001
1 0.907709603125 0.7837400078125001 0.922524671875 0.78077849375 0.941577284375 0.7710046 0.9436872890625001 0.767347396875 0.9398256609375 0.763569528125 0.9048102953124999 0.764805971875 0.89157145 0.7701822828125 0.877124725 0.783686375 0.8912130703125 0.781274559375 0.907709603125 0.7837400078125001
1 0.947684046875 0.839041996875 0.95642224375 0.832947653125 0.9525255328125001 0.8281657265625 0.9322901546875 0.8254366015624999 0.9239278796875 0.8209406984375001 0.9172119859375 0.820867703125 0.8795002171874999 0.8303272671874999 0.9149540843749999 0.8416415125000001 0.9395497921875 0.8410724515625001 0.947684046875 0.839041996875
1 0.8809911265625001 0.872999609375 0.8751773546875 0.8773971921875001 0.884178653125 0.8788332593750001 0.9015948453125 0.8862713156250001 0.9165677750000001 0.8878280484375001 0.9357431703125 0.8815683484375001 0.9415569406250001 0.877170765625 0.9406723593749999 0.873202215625 0.927774353125 0.866984221875 0.9240179671875 0.86621851875 0.9144828890625 0.870854453125 0.8809911265625001 0.872999609375
1 0.775318478125 0.0047883796875 0.7602578484375 0.0007215078124999999 0.7535594953125 0.0011505375 0.75446161875 0.00562111875 0.7441822796875 0.0103047203125 0.760959453125 0.020802609375 0.78870760625 0.02506314375 0.8050638171875001 0.023512371875 0.8138897125 0.0199281640625 0.8175057796875 0.0166776484375 0.8173654593749999 0.012661428124999999 0.8074445000000001 0.006252754687500001 0.7969195984375 0.003907971875 0.775318478125 0.0047883796875
1 0.8062138875 0.07777901875 0.7816357203125001 0.0788501078125 0.7747619671875 0.0742588609375 0.767284271875 0.073731509375 0.7623901640625 0.08310169687499999 0.756558853125 0.08699725 0.7619090046875 0.090679778125 0.78372060625 0.095823703125 0.8075369718750001 0.09429825625 0.8186131921875001 0.091073065625 0.823612540625 0.08471504375 0.8226577984375 0.078738384375 0.8121153578125 0.075891575 0.8062138875 0.07777901875
1 0.7701959296875 0.157068084375 0.776981984375 0.1591491890625 0.8067875203125 0.1582464375 0.8156660359375 0.15616831250000002 0.8244217718750001 0.15057599531250002 0.826338834375 0.1413964875 0.816575734375 0.1395060625 0.7599417093749999 0.1411208859375 0.7534012171875 0.146068165625 0.7523161171875 0.157710140625 0.7701959296875 0.157068084375
1 0.7841036859375 0.2135365015625 0.7923607203125 0.215020240625 0.8117816781249999 0.2157889265625 0.8221662562500001 0.2141174890625 0.8280151078125 0.2107239609375 0.827042825 0.20424527343749999 0.8224720156249999 0.2015191296875 0.8082959703125001 0.2014208078125 0.794741403125 0.19776062187500001 0.7590343953125 0.20055081874999997 0.7710828984375 0.2038043171875 0.7841036859375 0.2135365015625
1 0.7860155578125 0.26825750625 0.8065491171874999 0.2795211 0.8393667796875001 0.279431721875 0.848919396875 0.275297815625 0.850302678125 0.2721903109375 0.84180008125 0.2636781875 0.82826305625 0.260520028125 0.8111625828125 0.2621184703125 0.80513833125 0.2604917234375 0.7918117859375 0.2633578953125 0.7805601656250001 0.2615628109375 0.7860155578125 0.26825750625
1 0.798141378125 0.4018221609375 0.8072654578125 0.40677242187499996 0.8297862390624999 0.4108646203125 0.84518770625 0.4033371875 0.844994765625 0.3978148828125 0.8104781015625001 0.391975271875 0.79531223125 0.384896234375 0.7856368328125 0.385515946875 0.7856894546875 0.3870220296875 0.79171370625 0.388648778125 0.798141378125 0.4018221609375
1 0.8213239140624999 0.339456040625 0.839133565625 0.3368058734375 0.843441275 0.3320016046875 0.8402537484374999 0.3261679546875 0.8199306671875 0.320928690625 0.812558215625 0.323413503125 0.7870779265625 0.32001401406249996 0.77993349375 0.3290251859375 0.8040831203125001 0.3370382609375 0.8213239140624999 0.339456040625
1 0.765318525 0.46581205 0.7895383140625001 0.4758332375 0.815780403125 0.47968708437499996 0.83217169375 0.47914036718749997 0.840288409375 0.476607884375 0.840874809375 0.472041965625 0.8362689218750001 0.4683117671875 0.8205692718750001 0.46730473124999994 0.7957630828125 0.4618494609375 0.7757732671875 0.46614872343749997 0.765318525 0.46581205
1 0.773921175 0.5412368484375001 0.790522946875 0.5467144625 0.7950937546875 0.5494406078125 0.7959958765625 0.5539111859375 0.81013684375 0.553005453125 0.83827845625 0.5471777640625 0.8418769828125001 0.5434252203125001 0.8401779796875 0.5374962296875 0.8206342421875 0.5332133515625 0.7826593703125 0.535142503125 0.7612161093750001 0.540541159375 0.773921175 0.5412368484375001
1 0.8014536546875 0.6033735640625 0.78952793125 0.6036342578125 0.7803687734375 0.597679940625 0.77514140625 0.5975116046875 0.7816392390625 0.6126930984375 0.7930136421875 0.6180023765625 0.8131437796875 0.6177193359375 0.8272145859375 0.61480549375 0.8292193484375 0.6081361234375 0.8230723171875001 0.6029951828125 0.817809865625 0.6018227921875 0.8051048015625 0.6011271 0.8014536546875 0.6033735640625
1 0.8095651796875 0.664741590625 0.8057561718749999 0.662469803125 0.8031725859375 0.6525722625 0.793103728125 0.663280196875 0.77295605 0.663061209375 0.7769930781250001 0.6718593546875 0.7981656593750001 0.6800631125 0.8116149859374999 0.6807111328125 0.8279536562500001 0.6786583328125 0.8299934999999999 0.67299301875 0.8261494125000001 0.6697171765625 0.8192931984375 0.6656279609375 0.8095651796875 0.664741590625
1 0.803886540625 0.737055903125 0.829103728125 0.732924978125 0.8319229109374999 0.72821605 0.8302765265625001 0.723793140625 0.81301819375 0.7208733359374999 0.7764266046875 0.7196949828125 0.7632930015625 0.728083459375 0.7634333203125 0.7320996796875 0.783012140625 0.7373866125 0.803886540625 0.737055903125
1 0.7712642046875 0.7854352671875 0.7840043484375 0.787135009375 0.8129253046875 0.7822637078125 0.8202977578124999 0.779778896875 0.824623003125 0.7754766546875 0.8215056374999999 0.7716511140625 0.8147371250000001 0.7700720359375001 0.794429059375 0.7723790765625 0.78346060625 0.77157215625 0.7659491328125 0.78275679375 0.7712642046875 0.7854352671875
1 0.7756719624999999 0.847543671875 0.7758473625 0.8525639484375 0.787895865625 0.8558174453125 0.803507815625 0.8543143453125 0.8138046937500001 0.85013276875 0.8262291171875 0.8427960171875 0.8297750234375 0.8375373906249999 0.8280935578124999 0.8321104281249999 0.8220342265625 0.8294796249999999 0.7967468796875 0.8316024390625 0.7932009734375 0.8368610640625 0.7756719624999999 0.847543671875
1 0.7870662921875 0.8961226609375 0.7768746531249999 0.9033163999999999 0.77990431875 0.9046318046874999 0.8111106765624999 0.9011235718749999 0.8348218031249999 0.8965859609375 0.8398036109374999 0.8897259125 0.8387962468750001 0.88224316875 0.82984756875 0.882313184375 0.800270053125 0.8897422921875 0.7876000703125 0.890050659375 0.7870662921875 0.8961226609375
1 0.6846966703125 0.8483391609375 0.6780684796875 0.8507763031250001 0.6782438796875 0.8557965765625 0.6656966765625 0.8596191359375001 0.670285025 0.862847309375 0.6770184593749999 0.86342233125 0.6823861484375 0.8676068875 0.701859725 0.8698816546874999 0.7150810296875 0.8640033171875 0.7299136374999999 0.86154383125 0.737907571875 0.8554971546875001 0.7399649546875 0.8503338703125 0.7271371109375 0.8461239875000001 0.6846966703125 0.8483391609375
1 0.7303720671875 0.9173642296875 0.7376919 0.913373334375 0.7375515781249999 0.909357115625 0.7329281484375 0.9051248875000001 0.7103898265625 0.9005306624999999 0.688823784375 0.9024151249999999 0.6716180734375 0.901001403125 0.6899013093749999 0.9119059796875 0.69840390625 0.920418103125 0.7303720671875 0.9173642296875
1 0.6867692062499999 0.80091021875 0.6912347750000001 0.8006241984375 0.7193062265625 0.7927884 0.7227819734375001 0.7855216625 0.7159432984375 0.7819344734375 0.698063484375 0.7825765312499999 0.6750790828125 0.7865644453125 0.6691951515625 0.7889539171875 0.6670851484375 0.7926111203125 0.6867692062499999 0.80091021875
1 0.7243107656250001 0.7225298687499999 0.699005878125 0.7241506546875 0.6842785109375 0.7296223046875 0.66629345625 0.7272521984375 0.6619331296875 0.7305503828125001 0.669480984375 0.733085846875 0.6711273671875 0.7375087546875 0.660121309375 0.7427420546875 0.6669073609375 0.7448231625 0.692282409375 0.745210484375 0.71305156875 0.7418676093750001 0.7277263140625 0.7348898765625 0.732034021875 0.7300856062500001 0.7311318984375 0.725615028125 0.7243107656250001 0.7225298687499999
1 0.659931171875 0.630551559375 0.696347359375 0.6267096375000001 0.714813575 0.6215016624999999 0.720644884375 0.6176061078124999 0.7219930859375 0.6134945468749999 0.7188581796875 0.60916698125 0.71060114375 0.607683240625 0.6874764203125 0.6076549359375 0.6685465875000001 0.6209430203124999 0.65899396875 0.625076928125 0.659931171875 0.630551559375
1 0.728799065625 0.6588453640624999 0.6982843484375 0.6607998421875 0.6723755203125 0.6664845171875 0.6592769984375 0.67587705 0.7010959578125 0.677223740625 0.72689954375 0.668526896875 0.73115463125 0.662216546875 0.728799065625 0.6588453640624999
1 0.709451071875 0.5534165953125 0.7233990984374999 0.546988559375 0.7208505921875 0.5380950734375001 0.7066920859375 0.5384987796875 0.6852312875 0.5433954078125 0.66432180625 0.5427220625 0.6592873781249999 0.5480760296875 0.68044241875 0.5557777609375 0.709451071875 0.5534165953125
1 0.6859456578125 0.4784431734375 0.677688621875 0.476959434375 0.664874528125 0.4838179921875 0.6526468359375001 0.486110634375 0.6557115828125 0.4884300921875 0.666910584375 0.48871909375 0.6834597359375 0.492690625 0.6946061171875 0.4914735453125 0.7219683859375 0.48468947343749996 0.72551429375 0.47943084531249996 0.7194023406250001 0.47529395937499996 0.7044820328125 0.47524330781249996 0.6859456578125 0.4784431734375
1 0.6491061218749999 0.42746874999999995 0.65142660625 0.429835878125 0.6746916484375001 0.43388040468750005 0.6888852375 0.43448075468749997 0.7037353859375 0.4325232953125 0.71038111875 0.4305881796875 0.7190316125 0.4219836984375 0.7129372015625 0.41834883749999996 0.7009062375 0.41559736875000003 0.6927018234375 0.4156197125 0.66161824375 0.4226421359375 0.6491061218749999 0.42746874999999995
1 0.666429840625 0.3468613 0.6589521484375 0.3463339484375 0.6600998328125 0.35783291093749997 0.6437787015625 0.3603877375 0.6476403296875 0.364165609375 0.6717197953125 0.370170575 0.687349284375 0.3691695015625 0.7087399249999999 0.36226476406249997 0.718949103125 0.35557305 0.7225300890625 0.351318478125 0.711899946875 0.34596153125 0.6687678671875 0.3497304578125 0.666429840625 0.3468613
1 0.6856279671875 0.27720311875000003 0.6685625749999999 0.279805615625 0.631367046875 0.282691153125 0.63894998125 0.2862306703125 0.6478986578125 0.28616065625 0.6682392765625 0.29190194687500004 0.6898579375 0.29152356562500004 0.6966439906249999 0.2936046734375 0.7031494031250001 0.2876533390625 0.7185859515625 0.28112995937499996 0.7026232 0.2725925125 0.6981050109375 0.27137245 0.6856279671875 0.27720311875000003
1 0.6384441234375 0.16500367968750002 0.64602705625 0.168543196875 0.646167378125 0.1725594171875 0.6366498390625 0.1776973796875 0.65987980625 0.18073785 0.685876334375 0.1775633109375 0.7049464875 0.1682914453125 0.708545015625 0.1645389015625 0.7060842093749999 0.15815555625 0.7000774984375 0.15703083125 0.6406593671875 0.164358640625 0.6384441234375 0.16500367968750002
1 0.6387271515624999 0.21580380312499997 0.6309436984375 0.227874809375 0.645102203125 0.227471103125 0.6638490609375001 0.2302955671875 0.6816587125 0.22764540156250002 0.6919555921875 0.22346382656250002 0.70064116875 0.21586339687499997 0.7012451078125 0.21179950781249998 0.6966918390625 0.20957539062500002 0.6877080828125 0.20864134843749998 0.6514146734375 0.21599746562500002 0.6387271515624999 0.21580380312499997
1 0.6481597906250001 0.10148751250000002 0.65794043125 0.10387996562499999 0.6758377828125 0.103739934375 0.6861697437500001 0.10056241562499998 0.689785809375 0.09731189999999999 0.6910463109375 0.0906902 0.68491681875 0.0860512859375 0.6693048687500001 0.0875543875 0.6505755546875001 0.08523194843750001 0.6289919734375 0.08661438437499999 0.6397975140625001 0.0969916078125 0.6481597906250001 0.10148751250000002
1 0.6798174203125 0.025496632812499996 0.68623513125 0.017035159375 0.6785820359375 0.01148753125 0.6664809125 0.006727951562499999 0.6583817375 0.009762459375000001 0.62118620625 0.012647996875000001 0.6109419484374999 0.01833565625 0.64641335625 0.030151928124999998 0.6798174203125 0.025496632812499996
1 0.50242768125 0.008178896875 0.487752934375 0.015156629687500001 0.4698731203125 0.0157986875 0.48130014374999996 0.0226140484375 0.504582728125 0.027160603125 0.5358592468750001 0.025660482812500003 0.546953009375 0.022937318749999998 0.5518821953125 0.014571187499999999 0.5418735359375 0.005652378125 0.5330651796875 0.0097386109375 0.514265703125 0.0054080625 0.50242768125 0.008178896875
1 0.503509978125 0.10320511406249999 0.5149370015625 0.110020475 0.5262061609375001 0.1123175890625 0.541108928125 0.1118662109375 0.5528592515625 0.10658524218750001 0.5556433546874999 0.10087225625 0.552490909375 0.0960426625 0.5098049078125 0.0912294484375 0.4985006671875 0.08792828281250001 0.486592484375 0.08869100468749999 0.4956288609375 0.0911311265625 0.503509978125 0.10320511406249999
1 0.5363399890625 0.1675182734375 0.51991361875 0.1670609359375 0.5078826546874999 0.1643094671875 0.5004926609375 0.16629225 0.497655934375 0.1704991515625 0.5007557640625 0.1738226640625 0.5286968562500001 0.1836055015625 0.5406752 0.1848508875 0.5607702578125 0.18356379218750002 0.5717938578124999 0.17883252031250002 0.5738161609375 0.17266517812499999 0.5699545328125 0.16888730937500002 0.5563648859375 0.16422306874999998 0.5363399890625 0.1675182734375
1 0.541755109375 0.23710942343750002 0.52243939375 0.239352903125 0.5165730046875 0.2422444015625 0.5031412171875 0.2420984109375 0.5024846562499999 0.24465621875000002 0.5070730046875 0.24788439218749997 0.5363798421875 0.2540576953125 0.54307819375 0.2536286625 0.5695909640625 0.24388009687499998 0.576078834375 0.2374267328125 0.5729088484375 0.23209511093750002 0.5490924828125 0.23362055625 0.541755109375 0.23710942343750002
1 0.5567403875 0.3030686953125 0.5388956546875 0.30471480624999997 0.5306736984375 0.304235125 0.524561746875 0.3000982390625 0.5193168375 0.299427875 0.5156656890625 0.3016743359375 0.520394359375 0.308918728125 0.5064112546875 0.3143427078125 0.5349036703125 0.318555571875 0.5676687109375 0.3169601125 0.5792085499999999 0.3056548109375 0.576852984375 0.302283628125 0.5677815296875 0.29883945 0.5567403875 0.3030686953125
1 0.5603612265625 0.3853535453125 0.5832930109375 0.37985954843749997 0.5935723484375 0.3751759453125 0.5962687515625 0.3669528234375 0.5812782828125 0.3648940609375 0.570841084375 0.365059415625 0.5472878203125 0.3741152765625 0.5304679906249999 0.383746159375 0.54845304375 0.38611626875 0.5603612265625 0.3853535453125
1 0.5374493703125001 0.4341172515625 0.550364915625 0.440837271875 0.5729207796875 0.4459335234375 0.595712240625 0.43642330625000003 0.6014383109375 0.42951558749999996 0.6005537296875 0.4255470375 0.5952561984375 0.423370590625 0.5715626140625 0.428410228125 0.5425013390625 0.4292653125 0.5299892171875 0.434091925 0.5374493703125001 0.4341172515625
1 0.5972908515625 0.48160578750000005 0.5914595406250001 0.4855013421875 0.5803307 0.48722044999999997 0.5706202203124999 0.4868361078125 0.560270721875 0.4895116 0.544483371875 0.48599442656249997 0.5431000906250001 0.4891019296875 0.5485379406249999 0.4952945984375 0.5696052796875 0.500486190625 0.5837637875 0.5000824859375 0.59783459375 0.497168640625 0.608078853125 0.491480984375 0.60918149375 0.4803410375 0.5972908515625 0.48160578750000005
1 0.6012876078125 0.5533003890625 0.5843625375 0.5599191046875001 0.5665002640625 0.5610631890625 0.5606163328125 0.5634526609375 0.5608092765625 0.5689749640625 0.58625448125 0.5713703984375 0.6011397109375001 0.5704169953125 0.6166464203124999 0.565901728125 0.6319952671875 0.5568682140625001 0.6311106843750001 0.5528996625 0.6190271 0.548642109375 0.5997113859375001 0.5508855890625 0.6012876078125 0.5533003890625
1 0.6194077921875001 0.6235872265625 0.62075599375 0.619475665625 0.6160974859375 0.614239384375 0.5855827671875 0.6161938609375001 0.5479762406249999 0.628665590625 0.5480990203125 0.632179784375 0.5751204515625 0.636990015625 0.6054773078125 0.6305172906250001 0.6194077921875001 0.6235872265625
1 0.62417393125 0.6746033546875 0.5847982359375 0.6791379875 0.573030375 0.68391693125 0.5651592203125 0.6934777984375 0.5928372140625 0.695730221875 0.623036209375 0.684739246875 0.6259255546875 0.6820384296875 0.62417393125 0.6746033546875
1 0.5638309453125 0.7408590687500001 0.563455025 0.7514493171875001 0.5575535546875 0.7533367625 0.571694521875 0.7524310265625 0.5934184234375001 0.7550648140625 0.6082685703124999 0.7531073546875 0.6355431421875 0.74381314375 0.6338616781249999 0.7383861828125 0.627058084375 0.7358030484375 0.5847053453125 0.7405283593750001 0.56602865 0.739712003125 0.5638309453125 0.7408590687500001
1 0.6250832109375 0.80737698125 0.639687796875 0.7983911375 0.6410535390625001 0.7947816046875 0.6387330546875 0.7924144765625 0.62820815625 0.79006969375 0.591188025 0.79797550625 0.5727218109375001 0.8031834812499999 0.5676347625 0.8070313656250001 0.596179796875 0.8127503125000001 0.6250832109375 0.80737698125
1 0.64428330625 0.92992235625 0.650026915625 0.9235166640625 0.6461302078125 0.9187347390625 0.5925609265625 0.9226690203125001 0.5963699328125001 0.9249408078125001 0.5958186140625 0.93051078125 0.6049251531250001 0.9349590140625 0.616176771875 0.9367540984374999 0.64428330625 0.92992235625
1 0.4637610484375 0.9510447359375 0.4772279109375 0.9521947828125 0.5112008359375 0.9424715406249999 0.5132406781250001 0.9368062265624999 0.5063669234375 0.9322149828124999 0.46998581718750004 0.9370609609375 0.45653649218750003 0.9364129390624999 0.452193703125 0.9402131562499999 0.43817551874999994 0.9446330812499999 0.4637610484375 0.9510447359375
1 0.44579872343750004 0.8852761453125 0.46986065000000005 0.8907790859375 0.493659475 0.8887516109375 0.5054799562500001 0.8854787500000001 0.5090960234375 0.8822282343750001 0.5096648828125 0.8771602890624999 0.505041453125 0.8729280625 0.49609277656249995 0.8729980765625 0.489499665625 0.8764392734375 0.453101015625 0.880783221875 0.44579872343750004 0.8852761453125
1 0.445270134375 0.8274476359375 0.4648664921875 0.8332365968750001 0.4949953265625 0.8202375125 0.5015007390624999 0.8142861781249999 0.49978419374999994 0.807855159375 0.479671596875 0.8086402265625001 0.458210796875 0.81353685625 0.451705384375 0.819488190625 0.43481539375 0.8271109640625 0.445270134375 0.8274476359375
1 0.47383790000000003 0.7697680984375 0.4945544375 0.7649191421875 0.5003857484374999 0.7610235875 0.5009721484375 0.75645766875 0.49259233281250003 0.7514597375000001 0.4701592484375 0.7498776781250001 0.4538205796875 0.751930478125 0.43473288437499996 0.7607003140625 0.42684419218749997 0.76975915625 0.47383790000000003 0.7697680984375
1 0.47840393593749997 0.6869588796875 0.4487738015625 0.69288190625 0.43939658281250005 0.7020360875 0.45676015937500003 0.7079680578125 0.4790178390625 0.7045298421874999 0.4921163625 0.695137309375 0.4874578546875 0.689901028125 0.47840393593749997 0.6869588796875
1 0.43671294843749997 0.6252258703125 0.4361967078125 0.6317999000000001 0.45283356093749993 0.63828156875 0.4810453328125 0.634461990625 0.49722614218750005 0.6278909453125 0.4925150125 0.621148578125 0.46940783125 0.6216223000000001 0.44787686875 0.6245108171875 0.43887557343749994 0.62307475 0.42921771406250003 0.6241964890625 0.43671294843749997 0.6252258703125
1 0.45707629843750003 0.5675686796875 0.43421467500000005 0.575070784375 0.4329717140625 0.5821945125 0.43825170625 0.58386893125 0.459852825 0.582988521875 0.475359534375 0.57847325625 0.4921969046875 0.5693444000000001 0.4927833046875 0.5647784828125 0.48672397343749996 0.5621476796875 0.4822233265625 0.5614296453125001 0.47118218437500003 0.565658890625 0.45707629843750003 0.5675686796875
1 0.422101203125 0.50590866875 0.41471120937499995 0.5078914515624999 0.428283315625 0.5120536640625 0.4352096890625 0.5181509906249999 0.4547534265625 0.5224338687500001 0.4741217625 0.521696471875 0.485215525 0.5189733078125001 0.49030257343750006 0.515125425 0.48642340624999997 0.5108455281250001 0.47373588125 0.5106518671875 0.44969149531249997 0.505650953125 0.44086559843749995 0.5092351609375 0.422101203125 0.50590866875
1 0.485290875 0.45708090781250005 0.48210334843749997 0.451247259375 0.45727962031249997 0.44528996249999997 0.43404965625 0.4422494890625 0.43215013437499994 0.45193102500000004 0.44729846562500003 0.45850803281249997 0.45553795937499997 0.45948974375 0.4794069453125 0.4594703796875 0.485290875 0.45708090781250005
1 0.41299746875 0.3947922421875 0.43100006406249997 0.3976643765625 0.4386531578125 0.40321200625 0.44239200468749995 0.40347568437500003 0.4504561015625 0.39943711875 0.47338788281250005 0.3939431203125 0.4777482125 0.3906449359375 0.478352153125 0.3865810453125 0.4707516765625 0.3825394984375 0.4313058234375 0.38506601875 0.41806697968749995 0.39044233125 0.41299746875 0.3947922421875
1 0.462552453125 0.3186613328125 0.45500459531250004 0.3161258703125 0.42374561875000005 0.31812801875 0.4177038265625 0.315999240625 0.41531318281249996 0.311624003125 0.4108125328125 0.31090596875 0.39594484531249996 0.3123614 0.39461418125000003 0.316974990625 0.41975363281250005 0.33196878281250003 0.4317845953125 0.334720253125 0.46299095625 0.331212021875 0.46799030156250004 0.32485400000000003 0.466186059375 0.3159128453125 0.462552453125 0.3186613328125
1 0.448100953125 0.24663005937500002 0.4452466890625 0.250334934375 0.43567653125000005 0.25396681249999997 0.4236631078125 0.2517173703125 0.41292772656250004 0.24334825625 0.4087603421875 0.252168746875 0.3819844703125 0.2543869015625 0.378315784375 0.256131334375 0.39181772812500004 0.25828543593750003 0.4017386890625 0.26469410937500004 0.418287840625 0.268665640625 0.4458781328125 0.2684079265625 0.45472156874999997 0.265325746875 0.457488134375 0.2591107328125 0.448100953125 0.24663005937500002
1 0.4302614109375 0.18437566249999998 0.4206386328125 0.18650145625 0.3974788296875 0.1854690953125 0.3875052484375 0.1775543390625 0.3837664015625 0.1772906625 0.38029065625 0.18455739843750002 0.37077311874999996 0.18969535937499998 0.36040608125 0.191868825 0.358260996875 0.19452197499999999 0.3691943703125 0.1943248390625 0.4002904375 0.20189299374999997 0.42189155781250004 0.2010125875 0.43516548125 0.1966403296875 0.43562910156249995 0.18856021875 0.4302614109375 0.18437566249999998
1 0.390768128125 0.12149558906249999 0.410985965625 0.1237226875 0.426510215625 0.1197094484375 0.4285500578125 0.1140441359375 0.422385484375 0.1084011640625 0.4038750234375 0.1052261234375 0.3854957140625 0.0986883421875 0.37364015156249997 0.1009571484375 0.3489918234375 0.10002012656249999 0.3475734625 0.10212357812499999 0.390768128125 0.12149558906249999
1 0.3563068859375 0.0104938671875 0.356464746875 0.015012114062500002 0.38672632500000004 0.027162078125 0.4017167953125 0.029220840625 0.41952644687499996 0.026570675 0.4238516953125 0.02226843125 0.41682008125000003 0.0131589390625 0.4122492703125 0.0104327953125 0.3889842265625 0.0063882687499999995 0.36878392656250003 0.0046631984375 0.36371441875 0.009013109375 0.3563068859375 0.0104938671875
1 0.2856646359375 0.038163471875 0.2989561 0.0342932453125 0.299437259375 0.026715159375000002 0.29105744218749996 0.02171723125 0.270077803125 0.019035774999999998 0.2500178265625 0.0213269234375 0.2402722671875 0.0199385265625 0.23229587343749997 0.026487229687500002 0.257382703125 0.039974940625 0.2856646359375 0.038163471875
1 0.23570623125 0.10274774687499999 0.23354360624999998 0.10489886875000001 0.235435553125 0.1163501625 0.25520731093750004 0.1271593984375 0.27836711406250003 0.128191759375 0.2954325078125 0.1255892625 0.2989784125 0.1203306359375 0.2949764640625 0.112536546875 0.2873759890625 0.10849499843749999 0.2776655109375 0.1081106578125 0.2715009390625 0.10246768906249999 0.2454693296875 0.10463817187499999 0.23570623125 0.10274774687499999
1 0.23572096562499997 0.2099179671875 0.22992473593749999 0.2148175765625 0.2330771828125 0.219647171875 0.2519117390625 0.2249817765625 0.26840827031250003 0.227447225 0.2907361140625 0.22601711875000002 0.3010329921875 0.22183554375 0.3023461140625 0.2167199265625 0.287906965625 0.209091190625 0.28126123281250004 0.2110263078125 0.24803209375000002 0.21214834218749998 0.23572096562499997 0.2099179671875
1 0.289470421875 0.2965393265625 0.311728103125 0.2931011109375 0.3226990828125 0.28686375625 0.31951155625 0.28103010624999997 0.308172234375 0.2767248828125 0.244787234375 0.27726265625 0.24489247500000003 0.280274821875 0.25871014375 0.29146541875 0.27827142031249996 0.29625032500000004 0.289470421875 0.2965393265625
1 0.267906765625 0.3411914734375 0.2442307234375 0.34673313906250003 0.2570234859375 0.3499389671875 0.28094509375 0.3514256859375 0.28719736406249996 0.35957879375 0.291680475 0.3597948 0.30258129375 0.3515493328125 0.318017840625 0.3450259578125 0.321511128125 0.33826124687500003 0.31616097656250003 0.33457871875 0.29438445468749996 0.33043885 0.2839647953125 0.33110623281249996 0.267906765625 0.3411914734375
1 0.31329394375 0.4233169296875 0.325823609375 0.41899234375 0.326287228125 0.41091223125000004 0.3187218328125 0.4078747421875 0.29024695624999997 0.40416390468749996 0.2530163484375 0.40604538593750006 0.2456614359375 0.4090322265625 0.262193046875 0.41250173125 0.2864128328125 0.42252291875000003 0.31329394375 0.4233169296875
1 0.278263425 0.46681902812500004 0.25618114375 0.47527752031250003 0.27255489375 0.4742287765625 0.2943314171875 0.4783686421875 0.320380565625 0.4767001859375 0.3292415421875 0.474120034375 0.33276990781250004 0.46835937968749997 0.3319554859375 0.46639893906249996 0.31914518125 0.4626910859375 0.3154589546875 0.4639334921875 0.2795765484375 0.4617034125 0.278263425 0.46681902812500004
1 0.273880365625 0.533515696875 0.253995790625 0.5408271234375001 0.2504323453125 0.545583721875 0.2698006796875 0.5448463234375 0.2826811453125 0.5505622906250001 0.3190447140625 0.5452142859375 0.3285797921875 0.540578353125 0.326154065625 0.5351990609375 0.32009473437499997 0.53256825625 0.2849916671875 0.5312945609375 0.2736348046875 0.5264873125 0.273880365625 0.533515696875
1 0.333223146875 0.5880802890625 0.327233975 0.587457596875 0.264996659375 0.5994943328125 0.2593407484375 0.6084101625 0.28476841875000003 0.61030356875 0.3188816625 0.6045965484375 0.33282968749999997 0.5981685109375 0.333223146875 0.5880802890625
1 0.29032147343750003 0.64114325625 0.283054259375 0.6466402328124999 0.27851853125 0.64491814375 0.2725995203125 0.6463035609375 0.27507786562500003 0.6531889359374999 0.28269588125 0.6577325093749999 0.29407028281250003 0.6630417875 0.31357894062499997 0.6663206109375001 0.34182579375 0.6635050890625 0.34682514375 0.6571470671874999 0.345231378125 0.654230240625 0.29645096406250004 0.64578216875 0.29032147343750003 0.64114325625
1 0.29318051093749997 0.7229737484375 0.304818015625 0.7358134390625 0.3159293140625 0.7335923046875 0.33309995 0.7340019718749999 0.34718829375000004 0.7315901578124999 0.3515486234375 0.72829196875 0.3513732203125 0.72327169375 0.34299340312500004 0.7182737609375 0.3122155859375 0.7126978265624999 0.29440593125 0.71534799375 0.291499046875 0.717546784375 0.29318051093749997 0.7229737484375
1 0.34536131875 0.7860474828124999 0.3458950984375 0.7799754812499999 0.33829462499999996 0.7759339359374999 0.2980869671875 0.778006096875 0.278858953125 0.782759715625 0.3030611984375 0.7922788765625 0.326930184375 0.7922595125 0.3388032875 0.790492734375 0.34536131875 0.7860474828124999
1 0.35147565625 0.8329520515625 0.29935981875 0.8357869375 0.2817781875 0.8449634625 0.308107978125 0.851327446875 0.33635482968749997 0.8485119250000001 0.3533149828125 0.8428972625 0.35604646562500003 0.8356781953124999 0.35147565625 0.8329520515625
1 0.298146746875 0.907815228125 0.3048801796875 0.9083902515625001 0.330132446875 0.9052633828125 0.3463483375 0.8996963906250001 0.3521621078125 0.895298809375 0.3520217859375 0.8912825874999999 0.3466891765625 0.8881020875000001 0.3057898796875 0.8917280015625 0.294127259375 0.8995191109375 0.29277905625 0.903630671875 0.298146746875 0.907815228125
1 0.3174221921875 0.968468203125 0.3366852890625 0.964718640625 0.3528134765625 0.9566415125000001 0.354783159375 0.9489680875 0.350939071875 0.9456922453125 0.33974007031250003 0.9454032437500001 0.3279546703125 0.9496801593749999 0.2989986359375 0.9535474078125 0.303123365625 0.9648556906250001 0.3174221921875 0.968468203125
1 0.0884353640625 0.050796071875 0.1219622078125 0.04965496875 0.1351659703125 0.0432746015625 0.133379265625 0.034835475 0.12583141250000002 0.0323000109375 0.075878196875 0.032983775 0.0722095109375 0.034728209375 0.07167573125 0.040800209375 0.0793814484375 0.0478539234375 0.0884353640625 0.050796071875
1 0.0804286609375 0.1418760859375 0.117072871875 0.144560521875 0.135609246875 0.14136065625 0.13679958750000001 0.1327308484375 0.1307051765625 0.1290959890625 0.08048886093749999 0.12224933906249999 0.0752790296875 0.12258303125 0.0636514890625 0.1313781953125 0.06910688125 0.138072890625 0.0804286609375 0.1418760859375
1 0.0880414875 0.2103201703125 0.0890488515625 0.2178029109375 0.08688622812499999 0.21995403281249998 0.10070389531249999 0.2311446296875 0.111281415625 0.23499549687500002 0.12249795625 0.23578652656250002 0.1344061390625 0.2350238046875 0.144738096875 0.2318462828125 0.14895810625 0.224531875 0.144317134375 0.21979762187500002 0.1212099515625 0.22027134375 0.1061668625 0.2167064984375 0.0985137671875 0.21115886874999998 0.0880414875 0.2103201703125
1 0.1446101265625 0.2922325984375 0.130556859375 0.2956484703125 0.1118977046875 0.2953341421875 0.10571559374999999 0.28918914687499997 0.0989470796875 0.28761006718750004 0.0952783921875 0.289354503125 0.0932736296875 0.29602386875 0.08662789843749999 0.2979589859375 0.098195240625 0.30879056562499996 0.114105371875 0.3158219328125 0.11933274375 0.31599026874999997 0.1408637015625 0.31310175 0.155555990625 0.3066260453125 0.155310428125 0.29959765781250003 0.1446101265625 0.2922325984375
1 0.091657134375 0.35650552812499997 0.103845959375 0.3637752453125 0.10471300312500001 0.36724176875 0.11234855625 0.3722873703125 0.126752625 0.37891204843750004 0.1632389734375 0.3770782375 0.177790940625 0.3665863125 0.1268479015625 0.3602893609375 0.119746128125 0.3491717578125 0.10191893437499999 0.3513198984375 0.091657134375 0.35650552812499997
1 0.136841409375 0.41147382656250003 0.12225436406250001 0.4209616984375 0.10215930468750001 0.42224879531250004 0.10155536406250001 0.42631268437500003 0.11050404062500001 0.42624266874999994 0.133891865625 0.43380139062499995 0.15699905 0.43332766874999995 0.1732675609375 0.4292667578125 0.1768660875 0.42551421562499997 0.175981503125 0.42154566562499995 0.1570417078125 0.413198896875 0.15264629999999998 0.4154930265625 0.136841409375 0.41147382656250003
1 0.12336935468750002 0.47422428906249997 0.11589165937499998 0.4736969375 0.0981170859375 0.47735115781250004 0.10483297656249999 0.47742415468750005 0.1388158640625 0.4893357671875 0.155224696875 0.48929107812500006 0.1744527125 0.4845374609375 0.17431239062499998 0.480521240625 0.166676834375 0.4754756390625 0.155477834375 0.4751866359375 0.14711555781250002 0.47069073437500003 0.129253284375 0.47183481718750003 0.12336935468750002 0.47422428906249997
1 0.11486156562500001 0.529612675 0.1310523375 0.5446764828124999 0.1461129671875 0.5487433562499999 0.1580737703125 0.549486715625 0.18259931406250002 0.54690954375 0.18915734687500002 0.5424642921875 0.17996310937499999 0.5355059203125 0.1740265578125 0.536389309375 0.13334531875 0.524906728125 0.1288622109375 0.524690721875 0.1274438484375 0.526794171875 0.11486156562500001 0.529612675
1 0.1772188578125 0.6277583250000001 0.1919988453125 0.6237927562500001 0.1933295078125 0.6191791671875 0.1872000140625 0.6145402515625 0.1551266140625 0.6145819609375 0.12976910625 0.6146966640625 0.12237911093750001 0.6166794484375 0.13215975156249998 0.6190719015624999 0.1489018453125 0.6285657359375 0.1772188578125 0.6277583250000001
1 0.14303783750000001 0.67422491875 0.135026365625 0.679769565625 0.140288815625 0.68094195625 0.1456740453125 0.685628540625 0.1894977671875 0.6803058640625 0.1998648078125 0.6781323984375 0.20865562343750002 0.6735441343749999 0.21000382499999998 0.6694325734375 0.205433015625 0.6667064296875 0.1711794515625 0.66839723125 0.1608650328125 0.6720767796875 0.14303783750000001 0.67422491875
1 0.16120068125 0.724382984375 0.1463856140625 0.7273445 0.142095446875 0.732650796875 0.1555272328125 0.7327967890625 0.16312770468749999 0.7368383328125 0.18336308437499999 0.7395674578125 0.20570846718750002 0.7386393796874999 0.21304584062499998 0.7351505140625 0.2151383046875 0.7309912828125 0.21205601875000002 0.7281697984375 0.1917680171875 0.7239345890625 0.16327560624999998 0.719721728125 0.16120068125 0.724382984375
1 0.14575894218750002 0.7948068734375 0.1450848421875 0.796862653125 0.1654780796875 0.8041100265625 0.19007378749999998 0.8035409640625 0.212261309375 0.7980946375 0.21433623124999998 0.7934333812500001 0.20895100000000003 0.788746796875 0.179889725 0.7896018781249999 0.152176653125 0.7863453984375 0.152404675 0.7928717578125 0.14575894218750002 0.7948068734375
1 0.2033500984375 0.8419363921875 0.155734909375 0.8454893109375 0.1476883546875 0.850029903125 0.1537652265625 0.8531627343749999 0.1687556953125 0.8552214984375001 0.1696578171875 0.8596920750000001 0.18459566562500002 0.860244753125 0.22016235312500002 0.8534383359375 0.22377841874999999 0.8501878187499999 0.224347278125 0.8451198734375 0.2190672890625 0.8434454562499999 0.21088041249999998 0.8439698265625 0.2033500984375 0.8419363921875
1 0.171246390625 0.9265094093749999 0.19890684218750002 0.9282598046875 0.22246010625 0.919203946875 0.229674696875 0.9122008859375 0.22579553125000001 0.9079209890625 0.177471159375 0.9125256343749999 0.172331490625 0.9148674343750001 0.1695123046875 0.919576365625 0.1584536265625 0.9233035828125 0.171246390625 0.9265094093749999
1 0.16813140937499998 0.9654515531250001 0.175661725 0.9674849890624999 0.175766965625 0.970497153125 0.15664419062499998 0.9782629359375001 0.1686751515625 0.9810144062499999 0.192561678125 0.981497071875 0.2110805125 0.9777951781249999 0.2272788625 0.9717261578124999 0.2269105203125 0.9611835796875001 0.1852669609375 0.964857165625 0.169549771875 0.9633481015625 0.16813140937499998 0.9654515531250001
1 0.6385173828124999 0.8502906578125 0.62138183125 0.8508850421874999 0.57177941875 0.8616093593749999 0.6048601828125 0.86905039375 0.628676546875 0.8675249484374999 0.6433337531250001 0.8600451859374999 0.6438324515625 0.8529691312500001 0.6385173828124999 0.8502906578125