1 0.99324899375 0.24930389218750001 0.99373706875 0.22833417968749997 0.993222853125 0.22819975625 0.986028915625 0.22820009687499998 0.970908871875 0.233516971875 0.99324899375 0.24930389218750001
1 0.95597524375 0.29645415625 0.9373842484375 0.2943971671875 0.963684821875 0.3168609875 0.9882840796875 0.32303342968750004 0.9915329234374999 0.323033275 0.9919514796875 0.3050503625 0.9712523718750001 0.29336663125 0.9637531390625 0.2916520953125 0.9637620171875 0.29439591875 0.95597524375 0.29645415625
1 0.9355046078125 0.3619639375 0.964194284375 0.38168382031250003 0.9727487343749999 0.3852846859375 0.9900022500000001 0.38879723125 0.9903413000000001 0.374230275 0.9767415093749999 0.36865006093749997 0.947485625 0.359219546875 0.9389400515625 0.35836250468749997 0.9355046078125 0.3619639375
1 0.909627425 0.42404419375 0.92887339375 0.44325005624999997 0.9365297125 0.44719394218749997 0.9530369015625 0.45370974375 0.9642857484375 0.4562815484375 0.9747757968749999 0.4559380734375 0.9789611640625001 0.4525080953125 0.9778881937499999 0.44513411718749996 0.9636307734375 0.43913267500000003 0.9580582625 0.43072997500000004 0.9448471859375 0.4238710390625 0.9284970843749999 0.4195845859375 0.909627425 0.42404419375
1 0.8968418 0.4869241125 0.8852412109375001 0.48372353281249997 0.8837502421875 0.48612444843749997 0.9093008921875001 0.5084168171875 0.927150840625 0.5130461765625001 0.9392889437499999 0.5125311359375 0.9451223671875001 0.508929590625 0.9470579656250001 0.5049852515625 0.9386339703125 0.4953822625 0.9353378593749999 0.495725396875 0.9120724843750001 0.4849226875 0.8968418 0.4869241125
1 0.9023732593749999 0.5907318828125 0.913465021875 0.5910743359375 0.9156970390625 0.58610105 0.9135866015625 0.5823283890625001 0.891062271875 0.5689533109375 0.8723141921875 0.564666971875 0.862129440625 0.5667253203125 0.8732567093749999 0.578043071875 0.886921290625 0.586102409375 0.9023732593749999 0.5907318828125
1 0.8657273625 0.659672209375 0.885216490625 0.6613861796875 0.899150859375 0.660185096875 0.904234359375 0.656412096875 0.89431939375 0.6492100265625 0.8462888 0.6272617 0.8497686281249999 0.637379390625 0.841101475 0.645268296875 0.8546089703125 0.651098284375 0.8657273625 0.659672209375
1 0.8015685875 0.7020330375 0.8080214781249999 0.7046050671875 0.8138904078125 0.71197881875 0.8307028921875 0.7202094984375 0.8563484906250001 0.7255244453125 0.866088615625 0.7250095171875001 0.8705792796875 0.7232944140625001 0.8711632390625 0.71849269375 0.851629728125 0.7030596046875 0.8316870953125 0.7001452328125 0.823603903125 0.7032324171875 0.8015685875 0.7020330375
1 0.7827282546875 0.7618836015625 0.7917450875 0.76942869375 0.7950678296875 0.777317034375 0.8222399046875 0.7912063593750001 0.839627471875 0.79189149375 0.8451644765624999 0.789318896875 0.8456002281250001 0.78503165 0.8415364390625 0.77971568125 0.8338801203124999 0.775771796875 0.8200850828125 0.7737145796875 0.8034208109375 0.7649694265625 0.7827282546875 0.7618836015625
1 0.830657721875 0.8452250093749999 0.8330290687499999 0.8369934234375 0.82761364375 0.8308200734375 0.768675003125 0.8189901171875 0.7602865140625 0.8203624265625 0.7674982046875 0.8258497359374999 0.77172795625 0.8361388765625 0.790484915625 0.8431690406250001 0.830657721875 0.8452250093749999
1 0.7744783125 0.8987322453125 0.7900696140625 0.900103421875 0.8120871749999999 0.8958151531249999 0.8153744109375 0.892728196875 0.8128104687500001 0.887755134375 0.7778604953125 0.87866786875 0.76302799375 0.8802119718749999 0.744324296875 0.889644753125 0.759017465625 0.8913589500000001 0.7744783125 0.8987322453125
1 0.778212871875 0.9412613515625001 0.771611771875 0.9392037953125 0.7312907562500001 0.9376623000000001 0.7625354984375 0.9596114218749999 0.7869865453125 0.9662983374999999 0.7955457499999999 0.9666356 0.7957165140625 0.9666286421875 0.8063097109375 0.9630391296875 0.8040421875 0.9570371218749999 0.784979934375 0.9482920828125 0.778212871875 0.9412613515625001
1 0.9006866625000001 0.06940528124999999 0.8871702906250001 0.06083146874999999 0.8804209828125 0.0592883859375 0.8798370203125 0.06409010625 0.8681524203125001 0.06580555 0.88124191875 0.0814104328125 0.9072105687500001 0.09392790625 0.9238570890625001 0.09718541093750001 0.9337454234375 0.0961560078125 0.9383842953125001 0.0939264328125 0.9395699703125 0.0898106390625 0.931895896875 0.08037910468750001 0.922286228125 0.074891909375 0.9006866625000001 0.06940528124999999
1 0.9071005624999999 0.1525771625 0.88250130625 0.146404721875 0.8772340890624999 0.139716896875 0.870031275 0.1369734125 0.8621140453124999 0.145033771875 0.8550771953125 0.1472634625 0.8591409828125001 0.15257943125 0.8789620359375 0.1642397484375 0.9029595796875001 0.1697262609375 0.914949475 0.16972569531249998 0.92197745 0.16475218125 0.9230060375000001 0.15840703750000001 0.9135445765625001 0.1524053703125 0.9071005624999999 0.1525771625
1 0.845428534375 0.2223761171875 0.851436796875 0.22649157031249997 0.8811373078125 0.2343786625 0.8905810140625 0.23489268281250003 0.9010621859375 0.231805384375 0.9059797218750001 0.22305921093749997 0.8969717671874999 0.21825794375 0.8405704374999999 0.203169575 0.8324872453125 0.206256759375 0.8275785859375 0.21774675625 0.845428534375 0.2223761171875
1 0.8405314468749999 0.28376942656250004 0.8481877656249999 0.2877133125 0.867092934375 0.29422899999999996 0.8778882781249999 0.295600403125 0.8847769187500001 0.2938851859375 0.8859537156249999 0.28702556874999996 0.8823434328124999 0.282910003125 0.868391309375 0.27862343749999996 0.8562265734375 0.27090700624999997 0.8200820484375001 0.26319170937499997 0.8308951468749999 0.270050759375 0.8405314468749999 0.28376942656250004
1 0.8243766359375 0.3398471046875 0.84091933125 0.35733820625 0.873323115625 0.3669400609375 0.8841095828125001 0.3655676375 0.8864986859374999 0.36282369999999997 0.8809172984375 0.3516771765625 0.8686043531250001 0.34447521875 0.851207909375 0.341046259375 0.8458013609374999 0.3376167359375 0.8317099062500001 0.3365884671875 0.821202103125 0.3314442921875 0.8243766359375 0.3398471046875
1 0.7923039890625 0.478926234375 0.7996727671875 0.4866428921875 0.8205401609375 0.49744571562499995 0.8382152703125 0.49435807656249997 0.839845571875 0.4886988625 0.8077204515625 0.4725804109375 0.7950933359375 0.46091975312500005 0.7853443328124999 0.45869085624999995 0.7848997046874999 0.460234278125 0.7903062546874999 0.46366380312500005 0.7923039890625 0.478926234375
1 0.8357347031250001 0.4225042859375 0.8541774875 0.42507575 0.8600109109374999 0.4214742046875 0.8587897312500001 0.4146147 0.8404685234375 0.40329728906250006 0.832376453125 0.40364065 0.8083611562499999 0.3926664875 0.7983423671875001 0.3996980109375 0.819523934375 0.414959534375 0.8357347031250001 0.4225042859375
1 0.73882785625 0.534148234375 0.7594165859374999 0.551467653125 0.7840335984375 0.5631277421875 0.8003837 0.5674141953125 0.8092256921875001 0.5672422890625 0.8113094984375 0.5627834765624999 0.807995634375 0.557638959375 0.7928400828125 0.5519805390625 0.770167546875 0.539119934375 0.7490303625 0.53757753125 0.73882785625 0.534148234375
1 0.722447640625 0.6132054546875 0.73701923125 0.6236655984375 0.7406295140625 0.6277811640625 0.7400455546875 0.6325828859375 0.7542940953125 0.6358405031250001 0.783976853125 0.6382399453125001 0.788763934375 0.6354958953125001 0.7890425999999999 0.628979296875 0.7711748968750001 0.6188622890625 0.733077021875 0.6096036828125 0.710143571875 0.6087473218749999 0.722447640625 0.6132054546875
1 0.72912245 0.6843730921875 0.7172718890625001 0.6811153578125 0.71019953125 0.672369753125 0.705098278125 0.670655103125 0.7065031765625001 0.6879754296875 0.7159735125 0.6967209234375 0.735925021875 0.7023791171875 0.7507664000000001 0.703578840625 0.754942890625 0.6974050375 0.75057380625 0.6903741937500001 0.7457689734375 0.6876305953124999 0.7334649046874999 0.6831724609375 0.72912245 0.6843730921875
1 0.7168920953125 0.7490250390625001 0.713883525 0.7455953984375 0.7145979421875001 0.7347915546875 0.70113483125 0.7426806874999999 0.68133153125 0.73650801875 0.6824133796875 0.746625821875 0.7005952546875001 0.7612015296875 0.7136492453125001 0.765831115625 0.730443975 0.768574146875 0.7343240468750001 0.7634292921875 0.7316118953124999 0.75897070625 0.72619646875 0.75279735625 0.7168920953125 0.7490250390625001
1 0.6874490125 0.8207088484374999 0.7136874484375 0.8239658999999999 0.7180210265625 0.820021446875 0.7178550625 0.8150482718750001 0.7017925015625 0.806989046875 0.6660837296875 0.7949865015625 0.650361971875 0.7996174500000001 0.649176296875 0.80373324375 0.6667475796875 0.8148792 0.6874490125 0.8207088484374999
1 0.6393172890625001 0.8601536031249999 0.6513249390625 0.865640684375 0.6814612 0.8692405296875 0.68955326875 0.86889716875 0.6952384828125 0.8658100984375 0.6934244656249999 0.8610084890625 0.6872679921875 0.8574075109375 0.6664736734375001 0.8537500625 0.655919425 0.8496919859375 0.6349570828125 0.8558665828124999 0.6393172890625001 0.8601536031249999
1 0.6231891093749999 0.9244627546874999 0.6217070140625001 0.929607496875 0.6325201125000001 0.936466546875 0.6484167109375 0.939552596875 0.6599531 0.9383516296875 0.6746285171874999 0.9345781765625001 0.679860225 0.9302907046875 0.67999068125 0.9242885796874999 0.6748805515625 0.9198301062500001 0.6492349515625 0.914515159375 0.6440032421875 0.9188026328125 0.6231891093749999 0.9244627546874999
1 0.533180565625 0.898400678125 0.52583841875 0.8989154921875 0.5243563265625 0.904060234375 0.510718375 0.9042323671875 0.5141804515625 0.9088624078124999 0.5206333421875 0.9114344375 0.5245489203125 0.9172648796875 0.543009459375 0.9253239921875 0.5579901703125 0.9232654171875 0.5734332640625001 0.9251510640625 0.5833127218749999 0.9213778390625 0.587044584375 0.9167474562500001 0.57577798125 0.90868800625 0.533180565625 0.898400678125
1 0.5194237328125 0.95447824375 0.5029165453125 0.947962440625 0.51735768125 0.9644247046875 0.5229390671874999 0.9755712296875 0.5321561953125 0.977367903125 0.5651727625 0.97602258125 0.5652045578125 0.9759122093749999 0.562038903125 0.9702532203124999 0.5413197171874999 0.9589359234374999 0.5194237328125 0.95447824375
1 0.5508618546874999 0.8508973765625001 0.5553613937499999 0.8519260984375 0.5856369890625001 0.8522676468749999 0.591461534375 0.8459222750000001 0.5858979 0.8402634015625001 0.5680479515625 0.835634040625 0.5440592843750001 0.8328913515625 0.5374670609375001 0.8335776171875 0.5341798265625 0.836664575 0.5508618546874999 0.8508973765625001
1 0.6137373109375 0.782470278125 0.588239921875 0.77664085625 0.571907571875 0.7778420515625 0.5549468796875 0.770125846875 0.549558084375 0.7721839703125 0.5561680609375 0.77698535 0.5563340250000001 0.7819585250000001 0.5437512921875001 0.7840169875 0.5497595546875 0.7881324421875 0.5746641078125 0.796019759375 0.5962547953125 0.7987625640625 0.613031771875 0.7960179453125 0.61886519375 0.7924164 0.61944915625 0.787614678125 0.6137373109375 0.782470278125
1 0.5805515781249999 0.6701465265625 0.6177424453125 0.677004328125 0.6376762 0.6771748750000001 0.6447130515625 0.6749451843750001 0.6473985734375 0.6711722984375 0.6457327625 0.6658562171875 0.6380764437499999 0.66191233125 0.6152734515625 0.655053846875 0.592218425 0.662943434375 0.5814319578125 0.6643158578125 0.5805515781249999 0.6701465265625
1 0.6391609890625001 0.7191896203125 0.6084141375 0.7121600234375001 0.5809811500000001 0.710274940625 0.5649629734375 0.7159348375000001 0.605773 0.7296520296875 0.63409524375 0.7284502671875 0.6403732953125 0.7233052984375 0.6391609890625001 0.7191896203125
1 0.6548329703125 0.6065205796875001 0.6707118140625 0.60411898125 0.6711298109375 0.5943440890625 0.6570294796875 0.5905719953124999 0.6342442390625 0.5892011593750001 0.6138392265625 0.5823425624999999 0.6071076703125 0.5862871296875001 0.625437753125 0.6003483625 0.6548329703125 0.6065205796875001
1 0.6563629296875 0.5235198109375 0.6487066109375 0.519575925 0.63380444375 0.522749178125 0.6209860828125 0.5214636171875 0.6232447296875 0.5247218 0.6341971578125001 0.528322553125 0.6492133765625 0.5372392734375 0.6606104359375 0.539296603125 0.6898396875 0.54049564375 0.6950713953125 0.536208171875 0.69040589375 0.5302062734375 0.6757038484375 0.5257482546875 0.6563629296875 0.5235198109375
1 0.636826721875 0.46092723593749996 0.6383354453125001 0.4640139671875 0.6599527640625 0.47498824375000004 0.6737566765625 0.47978928437499996 0.6890515609375 0.4821894078125 0.6962454984375 0.48218906875 0.707615925 0.47601492343749996 0.7028022125 0.470527503125 0.6918409078125001 0.46418292499999997 0.6837399609375 0.4617824625 0.650761090625 0.459726153125 0.636826721875 0.46092723593749996
1 0.680491715625 0.38426956875 0.673288903125 0.3815260859375 0.6706300109375001 0.39353044531250003 0.6536870718750001 0.3913018890625 0.6562510140625 0.39627495 0.67802541875 0.4094785765625 0.6937738078125 0.41307910156250005 0.7171518828125001 0.4123920390625 0.72942931875 0.40861870156249996 0.7343646109375 0.40536017500000004 0.7256441953125 0.3967861359375 0.6818522296875 0.387870775 0.680491715625 0.38426956875
1 0.722395953125 0.31927324375 0.704703090625 0.3168732328125 0.66705871875 0.308815028125 0.6733722765625 0.3146453578125 0.682223146875 0.3172172734375 0.70039614375 0.3290491578125 0.7218475 0.3350502609375 0.7278557625000001 0.3391657125 0.7362353734375 0.33504958125 0.7536140640625 0.3329908890625 0.7406816515625 0.31961535625000004 0.736626740625 0.3170432125 0.722395953125 0.31927324375
1 0.7128403296875 0.19151436093750002 0.7191538875 0.1973446890625 0.7179682140625 0.20146048125 0.706885328125 0.203861853125 0.728799065625 0.21380718124999998 0.75549100625 0.21826463281250003 0.777360359375 0.21449084062499998 0.782147440625 0.211746790625 0.781824390625 0.204544265625 0.7762696328125 0.201629215625 0.715238309375 0.19151424687500002 0.7128403296875 0.19151436093750002
1 0.6963713453125 0.24313333906249998 0.6847133765625 0.2530802546875 0.698813709375 0.2568523484375 0.7163761156249999 0.2652544796875 0.7348189015625 0.26782594375 0.7463552921875001 0.2666249734375 0.7574293 0.2614797796875 0.7593648984375 0.257535440625 0.75560640625 0.25393434843749996 0.7470519546875 0.2503334828125 0.7088236234374999 0.2470769984375 0.6963713453125 0.24313333906249998
1 0.7433652625 0.1299483515625 0.752225009375 0.1352640921875 0.769926746875 0.1404079265625 0.78116671875 0.14023590625 0.785805590625 0.13800632968749998 0.7892321578125 0.131661071875 0.784714865625 0.12514470312499998 0.76881826875 0.122058653125 0.7511076515624999 0.1141709953125 0.729359878125 0.10919883906250001 0.7365982 0.122917621875 0.7433652625 0.1299483515625
1 0.799648496875 0.06220751875 0.808769153125 0.055519015625 0.8030484328125 0.047630790625 0.7926799625000001 0.0392283171875 0.7836897609375 0.0399146984375 0.7460453890625 0.03185649375 0.734064371875 0.0346008859375 0.765160903125 0.057064478125 0.799648496875 0.06220751875
1 0.604191303125 0 0.6047634015625001 0.0006521671875000001 0.6262325109375 0.012140920312500001 0.657581078125 0.01985644375 0.6694227625 0.0203703515625 0.677043575 0.013338940625 0.67011055 0.0013350359375 0.66007400625 0.002878909375 0.655118971875 0 0.604191303125 0
1 0.6001032937499999 0.08896924375000001 0.6091290015624999 0.099258159375 0.6194885953125 0.10491680781249998 0.63433885 0.1088603546875 0.64767150625 0.10697334375 0.6523015015625 0.10199994375000002 0.6507839 0.09616938750000001 0.6102614156249999 0.078679421875 0.6001982406249999 0.071991825 0.58819946875 0.06924856874999999 0.5963092921875 0.07439285625 0.6001032937499999 0.08896924375000001
1 0.6112865203125 0.16390942656250002 0.5952328375 0.158594025 0.58427153125 0.1522494484375 0.5763276687500001 0.1520783359375 0.5721423031249999 0.1555083140625 0.5741045312499999 0.159795446875 0.598442878125 0.17797213437499998 0.6098488125 0.1827732890625 0.630096740625 0.1874025359375 0.6425312625 0.18585854531249998 0.6465595421875 0.1801992171875 0.6439956015625 0.17522615625 0.6321272859375 0.166480778125 0.6112865203125 0.16390942656250002
1 0.5936851234375 0.23610714531250002 0.5738907 0.23267829999999998 0.5671502687500001 0.23387904062499998 0.55394806875 0.229763928125 0.5524571 0.23216484531249998 0.5559191734375 0.23679488593750003 0.58279483125 0.25171316093749996 0.5895441406249999 0.25325624375 0.6189127265625001 0.2511969875 0.6274405453125 0.2465663796875 0.6260711546875 0.24022134999999997 0.6020736109375 0.23473483593750002 0.5936851234375 0.23610714531250002
1 0.5867219828125 0.3074469140625 0.568575615625 0.3038465015625 0.5606228796875 0.300931565625 0.5559573765625 0.29492966875 0.5510043328124999 0.292700546875 0.5466618796875 0.2939011734375 0.5489382796875 0.302647009375 0.5333558546875 0.30401965625 0.5600744265625 0.3167085828125 0.5929228390625 0.32476701406249997 0.60803400625 0.3167063140625 0.6068217015624999 0.312590634375 0.599008296875 0.3064173984375 0.5867219828125 0.3074469140625
1 0.563165584375 0.39199212499999997 0.5875988796875 0.3931913921875 0.599283478125 0.39147595 0.6046545203125 0.3839301796875 0.5905453109375001 0.3774142625 0.58019459375 0.3744994390625 0.5539739124999999 0.376730034375 0.5342061203124999 0.3815326625 0.5511668125 0.38924886875000003 0.563165584375 0.39199212499999997
1 0.5244864453125 0.43469472500000006 0.535012 0.44532654687499995 0.555582978125 0.4571583203125 0.5812019453125 0.45424179374999996 0.5891280531249999 0.448925259375 0.5895638046875 0.4446380125 0.5850553875 0.4408654671875 0.560020378125 0.43898027031250003 0.5310697921875 0.4312646328125 0.5171354218750001 0.43246571562499997 0.5244864453125 0.43469472500000006
1 0.5678631109375 0.5005444640625 0.560826259375 0.50277415625 0.5492809921874999 0.5012312999999999 0.539828409375 0.49797345625 0.528736646875 0.49763100156249995 0.5143221421875 0.489400209375 0.511933040625 0.49214414843750004 0.5152557828125001 0.5000324843749999 0.5343269125 0.5115213484375001 0.5484272453125 0.5152934421875 0.5632686234375 0.5164931625 0.575249640625 0.513748771875 0.5800100921875 0.502773246875 0.5678631109375 0.5005444640625
1 0.5481690296874999 0.574457171875 0.52929049375 0.57617295625 0.5112923359375 0.57205806875 0.5047001125 0.5727443375 0.5030698109375 0.5784035546874999 0.5273815265625 0.58834876875 0.542379990625 0.5917778390625 0.55916584375 0.5917770453125 0.57728558125 0.587145984375 0.57772133125 0.5828587375 0.567204653125 0.5749707390625 0.5474102296875001 0.57154189375 0.5481690296874999 0.574457171875
1 0.5428717 0.6511130234375 0.5455572203125 0.6473401390625 0.5426879828125 0.6406522 0.51194113125 0.633622603125 0.47073086093749994 0.6351679531250001 0.4696933953125 0.6387692734375 0.49476391093750005 0.651629765625 0.526844646875 0.6540290953125 0.5428717 0.6511130234375
1 0.5307540453125 0.7042751984375 0.49041527812499996 0.69724605625 0.47723083125 0.6986185921875 0.466313909375 0.7059931359375 0.49287539375 0.7164527109375001 0.5262900140625 0.7142217734375 0.5300307531249999 0.71233521875 0.5307540453125 0.7042751984375
1 0.4493825421875 0.753667890625 0.445520225 0.7643003937499999 0.43907621093750004 0.7644721875 0.453324753125 0.7677298046875001 0.4738868515625 0.7768177515625 0.4891817359375 0.779217875 0.5191520359374999 0.7778445453125 0.519282490625 0.771842425 0.5134224374999999 0.7672124953125 0.470083975 0.759497540625 0.45192873125000005 0.7531533015625 0.4493825421875 0.753667890625
1 0.4878771796875 0.8392391 0.5052469921875 0.8344365874999999 0.507784303125 0.831178175 0.5062755812499999 0.82809144375 0.49666591093749995 0.8226042484375 0.457539446875 0.8196907843749999 0.43760569218749995 0.8195202390625 0.4313187640625 0.8219213828124999 0.4575927078125 0.8361537312499999 0.4878771796875 0.8392391
1 0.46641615937500003 0.9692288093749999 0.4741940578125 0.964426746875 0.471926534375 0.9584247390625 0.4177838515625 0.9465945546875 0.420792421875 0.95002419375 0.41841219687500003 0.955511953125 0.4259291828125 0.9627141375000001 0.4364369859375 0.9678583125 0.46641615937500003 0.9692288093749999
1 0.28136883749999997 0.9373405968749999 0.29427461875 0.9424846578125001 0.3309942265625 0.942654409375 0.3348742984375 0.93750955625 0.3296070828125 0.93082173125 0.292119796875 0.9249928765625001 0.2790658078125 0.920363290625 0.27352880156250003 0.9229358875000001 0.2582427953125 0.9232795890625001 0.28136883749999997 0.9373405968749999
1 0.285332284375 0.8653150125 0.307254896875 0.878004165625 0.33140065 0.8829762046875 0.34414046875 0.8831470906250001 0.348779340625 0.8809175140625 0.35101135625 0.8759442265624999 0.3478457015625 0.8702852390625001 0.33899483125 0.8677133203125 0.3313562671875 0.8692570828124999 0.294017190625 0.86291375625 0.285332284375 0.8653150125
1 0.30387619843749997 0.8064933953125 0.32129927187499996 0.8181538249999999 0.3553067296875 0.8138649906250001 0.363686340625 0.8097488578125001 0.364113215625 0.8027177875 0.344013496875 0.7975740671875 0.32122825625 0.79620323125 0.31284864687499997 0.800319365625 0.29367369062500004 0.8030640968749999 0.30387619843749997 0.8064933953125
1 0.35107428125 0.7564163640625 0.373109596875 0.75761574375 0.380146446875 0.7553860546875 0.3822302546875 0.7509272421875 0.37561140000000004 0.7433820359375 0.354002959375 0.7351515828124999 0.33720822968749997 0.732408553125 0.31548708593749997 0.7356678718749999 0.304718371875 0.7425279437500001 0.35107428125 0.7564163640625
1 0.38287983593749997 0.6737571421874999 0.35169723125 0.6710147921875 0.33942867187500003 0.6775319546875 0.35460197656250003 0.688678025 0.3776925109375 0.6917637359375 0.3937106859375 0.686103840625 0.39084145000000003 0.679415903125 0.38287983593749997 0.6737571421874999
1 0.3621046921875 0.5988174140625 0.3594280484375 0.6053341234375 0.37370322031250003 0.616823215625 0.40279313906249997 0.6212805546875 0.42092175468750004 0.6193933171875 0.4184971453125 0.6111619578124999 0.3955459421875 0.6048179484375 0.37335354062500004 0.6013892171874999 0.3649472984375 0.5972738765625001 0.3550500875 0.59555945625 0.3621046921875 0.5988174140625
1 0.40120182812499994 0.54633991875 0.37617569687499997 0.547198546875 0.3726009203125 0.5540582781250001 0.3772575453125 0.5573163484375 0.3988571109375 0.562802978125 0.4156429640625 0.562802184375 0.43526254687500004 0.5585140296875 0.437346353125 0.5540552171875001 0.4322362234375 0.5495967421875 0.42803310312500004 0.547539071875 0.4157467890625 0.5485685890625 0.40120182812499994 0.54633991875
1 0.3870277859375 0.47345774843750005 0.379083925 0.47328663437499996 0.3911004515625 0.48151754062499996 0.39592303906250004 0.48974878593750004 0.413790740625 0.49986579375 0.4331405359375 0.5048380609375 0.444982221875 0.5053519671875 0.4512691484375 0.502950825 0.4488534171875 0.49746328906250004 0.43640113906250005 0.49351962968749996 0.4143303171875 0.481344953125 0.4044419828125 0.482374353125 0.3870277859375 0.47345774843750005
1 0.465461734375 0.4425860109375 0.4642405515625 0.43572650937499996 0.44171622343749994 0.422351428125 0.41980248593749997 0.41240609843750003 0.414736740625 0.421666746875 0.42751206562500005 0.43281292968749996 0.43531659375 0.4362423421875 0.45886950937500004 0.443272278125 0.465461734375 0.4425860109375
1 0.4146807828125 0.35804431718749996 0.4314932671875 0.3662749953125 0.4372139875 0.3741632203125 0.44081539375 0.3755349625 0.450102015625 0.37381963281249997 0.47453530937500005 0.3750189015625 0.4799241046875 0.372960778125 0.48185970312500004 0.3690164375 0.4756943546875 0.3626716359375 0.43594842187499994 0.35358459531249997 0.4211159203125 0.355128696875 0.4146807828125 0.35804431718749996
1 0.48866575624999997 0.2954473171875 0.48205577968749996 0.2906459359375 0.4505590046875 0.2834448859375 0.44530066250000006 0.27950088906250004 0.444384778125 0.274356259375 0.44018165624999994 0.2722985890625 0.42503498281249996 0.2693839921875 0.422201253125 0.273671353125 0.44205781406250005 0.29630696562500003 0.45301912031249997 0.3026515421875 0.48496052343749996 0.308309171875 0.4919884984375 0.3033356578125 0.49315641875000005 0.293732215625 0.48866575624999997 0.2954473171875
1 0.49815732968750004 0.2181053125 0.494120171875 0.22102081718750002 0.4834819140625 0.221878765625 0.4723723984375 0.21604866406249998 0.4645412390625 0.204387778125 0.45752214375 0.212105115625 0.4303766953125 0.2064472640625 0.426182453125 0.20713341718749997 0.43879181562499997 0.21330642656249998 0.44646588749999994 0.22273796093749998 0.46148210624999997 0.2316546796875 0.48878463906249997 0.23954188437499999 0.4985247640625 0.2390269578125 0.50330296875 0.23353908125 0.49815732968750004 0.2181053125
1 0.5010833109374999 0.149681046875 0.49088968125 0.1489955734375 0.46838310781250003 0.141108140625 0.4611536625 0.13013318437500002 0.45755225624999996 0.12876144218750002 0.45172771093749997 0.1351068125 0.440644825 0.1375081828125 0.42970127187499996 0.1366512546875 0.4267104546875 0.1387092640625 0.43756112031249994 0.1417383921875 0.4657419703125 0.158600146875 0.48734153437499994 0.164086778125 0.50187761875 0.16357162187500002 0.504998890625 0.1555114890625 0.5010833109374999 0.149681046875
1 0.48285435625 0.07422673125 0.50206481875 0.082457296875 0.5187024625000001 0.082970978125 0.522582534375 0.0778261234375 0.5183616609375 0.070280803125 0.501148034375 0.061592840625 0.48517244374999996 0.0495322 0.4727290453125 0.0483323640625 0.448722625 0.040102025 0.446629940625 0.041817014062500005 0.48285435625 0.07422673125
1 0.33606817499999997 0.0094108140625 0.33322556875 0.0109543515625 0.33131659999999996 0.023130162500000002 0.3472575828125 0.039935334375 0.36976415625 0.047822765625 0.38745701875 0.0502227765625 0.392688728125 0.045935303125 0.391310459375 0.0368464484375 0.38514511093750003 0.030501646875 0.375692528125 0.027243800000000002 0.3714716546875 0.019698484375 0.34507613125000003 0.014212082812499999 0.33606817499999997 0.0094108140625
1 0.30074998124999996 0.1181365359375 0.2934167125 0.12139517500000001 0.2949343125 0.1272257296875 0.3117556734375 0.1382002328125 0.32721651875 0.14557353125 0.349714215625 0.1507171390625 0.36125060625 0.1495161703125 0.3642325453125 0.144714334375 0.3525035609375 0.13271065625 0.345309625 0.13271099687500001 0.3121594671875 0.1240352203125 0.30074998124999996 0.1181365359375
1 0.3252153 0.22188624843750002 0.34830583593750003 0.224971959375 0.3611849859375 0.221884546875 0.359963803125 0.21502504375 0.3501970484375 0.207308496875 0.2874910375 0.189133625 0.28660178125 0.1922204703125 0.296543378125 0.2076540125 0.314262871875 0.218285496875 0.3252153 0.22188624843750002
1 0.28922168125000003 0.2608159609375 0.2640384640625 0.2594452421875 0.275601484375 0.26647574375 0.2987097734375 0.275049103125 0.3021896 0.28516679375 0.30654093125 0.2867099875 0.32001291875 0.2815646796875 0.3373916078125 0.2795059890625 0.34306794531249996 0.27367509375 0.3390041578125 0.2683591265625 0.3188866859375 0.25772775625 0.3083877609375 0.25532740625 0.28922168125000003 0.2608159609375
1 0.3069199375 0.35753494531249996 0.3207060984375 0.3568483359375 0.32382736875 0.3487882046875 0.31736560156250004 0.3434723484375 0.290498821875 0.331297896875 0.25315086875000004 0.3222107453125 0.24491059062499998 0.323068578125 0.26007501718750003 0.3314708234375 0.28066374843749997 0.34879024375 0.3069199375 0.35753494531249996
1 0.2580205375 0.391320596875 0.233447909375 0.3933796265625 0.2499462234375 0.39715160625 0.27006369375 0.40778297500000005 0.2963110078125 0.41378385 0.30590292343750003 0.4137833984375 0.3112828421875 0.4089814484375 0.31112575625 0.40675209843750004 0.29971094374999996 0.399207121875 0.295664909375 0.39937880312499996 0.2610024765625 0.3865187625 0.2580205375 0.391320596875
1 0.231707603125 0.4576880984375 0.20968116406249998 0.4592325421875 0.204597665625 0.4630055421875 0.2239474609375 0.46797780937500005 0.23476943437500003 0.4775806828125 0.2724049296875 0.4828950640625 0.28333960468749997 0.48100816718750006 0.2827201375 0.4748345921875 0.2776100078125 0.47037611874999996 0.2434010796875 0.4587164796875 0.23378253437500002 0.4504854625 0.231707603125 0.4576880984375
1 0.2722594171875 0.5305690234375 0.2665564484375 0.528168446875 0.201191546875 0.5219979328125001 0.1926726046875 0.5293723640625 0.21713252968750002 0.5388031046874999 0.2526664640625 0.5430886515625 0.26854530625 0.5406870515625 0.2722594171875 0.5305690234375
1 0.21244309375 0.571729221875 0.2034617671875 0.575159428125 0.199555065625 0.572072809375 0.1932592609375 0.5717301296875 0.1934341 0.5794471265625 0.199451240625 0.5863064046875001 0.208921578125 0.5950518984375 0.22708569843749998 0.604139959375 0.2558792 0.609626246875 0.262907175 0.6046527312500001 0.2622965828125 0.6012229796875 0.2169603859375 0.5782455921875 0.21244309375 0.571729221875
1 0.1882849796875 0.6555885046875 0.19553217812499998 0.672051109375 0.20722565468749998 0.6730794921875 0.2240292609375 0.6785663453125 0.2387224296875 0.6802805421875 0.2441112265625 0.67822241875 0.24559331874999998 0.6730776765625001 0.2389744640625 0.665532471875 0.21045075156249998 0.6507857625 0.192007965625 0.6482143 0.18841543593750001 0.6495863828124999 0.1882849796875 0.6555885046875
1 0.21896621249999998 0.7349864796875 0.221494646875 0.72898424375 0.2153292984375 0.722639440625 0.1749816515625 0.712866475 0.1544461828125 0.7120099984375 0.17518312187500001 0.72881494375 0.19873603906249998 0.73584488125 0.21103122812500003 0.7375591906250001 0.21896621249999998 0.7349864796875
1 0.209534078125 0.78437576875 0.1571876625 0.7718595453125 0.1368181546875 0.7759762453125 0.16069412031250002 0.79020870625 0.18948762187499998 0.79569499375 0.2080697390625 0.7950081578125 0.21314436250000002 0.7884913359375 0.209534078125 0.78437576875
1 0.1322441171875 0.844572075 0.138697009375 0.8471441078125 0.1646390265625 0.8514301046874999 0.182471221875 0.8505718171875 0.18965628125 0.847827653125 0.1908419546875 0.8437118609375001 0.1866299578125 0.8389103671875 0.1450877609375 0.8305093687499999 0.131014059375 0.8349687484375 0.1283285390625 0.8387416343749999 0.1322441171875 0.844572075
1 0.1312626109375 0.9117958265624999 0.1515016609375 0.9136812484375 0.1700749015625 0.9102505890625 0.1745478109375 0.903047840625 0.1718356609375 0.8985892515625 0.1608832296875 0.8949885 0.1478469921875 0.8958465625 0.11800714999999999 0.89121776875 0.11834795312499999 0.903907940625 0.1312626109375 0.9117958265624999
1 0.1655207359375 0 0.16998815625000002 0.0032450624999999997 0.20525230312499998 0.0167910296875 0.2245932203125 0.019019471875 0.228612625 0.010616318750000001 0.2237989125 0.0051288968749999995 0.2126633515625 0 0.1655207359375 0
1 0.154932946875 0.07492819218749999 0.1534597328125 0.0828167578125 0.150617125 0.08436029375000001 0.16055872031250001 0.09979383593749999 0.1697237609375 0.10682445468749999 0.1805279828125 0.11093968125 0.1925267546875 0.1136829375 0.203766725 0.11351091718749999 0.2103411953125 0.10733699999999999 0.20732374843749998 0.1011635390625 0.1843725484375 0.09481953125 0.1707079671875 0.0867601890625 0.1649872453125 0.0788719640625 0.154932946875 0.07492819218749999
1 0.1837318421875 0.1747334515625 0.16874225468749998 0.17404820468749999 0.1504388015625 0.16821844375 0.1463661359375 0.16015865 0.1402096640625 0.156557671875 0.1360154203125 0.157243825 0.1318389296875 0.1634176296875 0.1246449921875 0.1634179703125 0.13248502812500002 0.17782267812500002 0.1458620671875 0.1896547890625 0.150963321875 0.19136943906249998 0.173155721875 0.1947981703125 0.189784490625 0.192568025 0.19185941875 0.1853653890625 0.1837318421875 0.1747334515625
1 0.1103042 0.22429725781249998 0.1199316234375 0.23527210156249997 0.11964408124999999 0.239044871875 0.1255130125 0.2464186234375 0.1375384140625 0.257393353125 0.17413644374999998 0.266309053125 0.19195088437500002 0.259963115625 0.14377208125000002 0.2385292640625 0.1404315859375 0.2251532765625 0.12213700937500001 0.2220673390625 0.1103042 0.22429725781249998
1 0.13675568124999998 0.2934060875 0.1192376578125 0.298723078125 0.0989897296875 0.29409383125 0.0970541328125 0.2980381703125 0.1059050015625 0.3006100875 0.12648485468749998 0.31518568281250003 0.14943605625 0.3215296921875 0.166823625 0.322214825 0.1716107046875 0.3194707734375 0.1720464578125 0.31518352968749996 0.1561143515625 0.30112218125 0.1510219765625 0.3021513546875 0.13675568124999998 0.2934060875
1 0.10277755 0.3530858828125 0.0955747359375 0.350342396875 0.0768355328125 0.34879988281249996 0.08343663125 0.3508574390625 0.11303331875 0.372978125 0.12923521093749998 0.377779053125 0.1497706796875 0.3786355265625 0.1509563546875 0.3745197328125 0.1450874234375 0.36714598125000003 0.13413499375 0.3635452296875 0.12736793125 0.3565144984375 0.10936977343750001 0.3523996125 0.10277755 0.3530858828125
1 0.0761238125 0.4067632109375 0.0871295046875 0.426826909375 0.10064587656249999 0.43540072187499995 0.11220002031250001 0.4396874015625 0.13724390625 0.444316421875 0.1451788890625 0.44174371093750003 0.1384029484375 0.4319691546875 0.1322553546875 0.431112 0.095909359375 0.4074482328125 0.0915580296875 0.4059050375 0.0894653453125 0.4076200265625 0.0761238125 0.4067632109375
1 0.105281265625 0.5247462921875 0.12116898437500001 0.5250885203125 0.12400271562500001 0.5208011578125 0.119485421875 0.5142847890625 0.0878315609375 0.5048543890625 0.0627787984375 0.49748154375000003 0.0548349375 0.49731043125 0.0636946828125 0.502626171875 0.0770806 0.5172021078125 0.105281265625 0.5247462921875
1 0.056242531250000005 0.5617902421875 0.046511284375 0.565048996875 0.051316118749999994 0.5677925921875 0.055083489062500005 0.5741375093750001 0.10007000625 0.5816809000000001 0.11101355937499999 0.5825378265625 0.1211983109375 0.5804794765625 0.12388383437499999 0.576706590625 0.1202735484375 0.572591025 0.0859252890625 0.5641896859375 0.0745371078125 0.5648761796875 0.056242531250000005 0.5617902421875
1 0.057623496875 0.61803858125 0.0420321953125 0.616667409375 0.0360505640625 0.620783428125 0.049252762500000005 0.624898540625 0.0554181109375 0.6312433453125 0.0744803640625 0.6399883828124999 0.096829853125 0.6456464640624999 0.10521834062499999 0.6442741562500001 0.10865378437499999 0.6406727234375 0.106543346875 0.6369000640625 0.087925721875 0.626611603125 0.06120715 0.6139226765625 0.057623496875 0.61803858125
1 0.019172457812499998 0.6849211265624999 0.017829696875000002 0.68680756875 0.03555806875 0.700182875 0.0600091171875 0.7068697921875 0.0836924875 0.7078976078125 0.087276140625 0.703781703125 0.08350877031250001 0.697436784375 0.0545581828125 0.689721146875 0.028293115624999997 0.678232621875 0.02636639375 0.6849207875000001 0.019172457812499998 0.6849211265624999
1 0.0604475640625 0.74974203125 0.012304267187499999 0.7392834765625 0.0028694375 0.7415132828125001 0.0078313578125 0.746486228125 0.021940567187500003 0.7530021437500001 0.02135660625 0.757803865625 0.03591044375 0.762776359375 0.07324064218750001 0.7663758640625 0.0778795140625 0.7641462875 0.0801115296875 0.759173 0.0754549046875 0.7559149281249999 0.06720575 0.7540289390625 0.0604475640625 0.74974203125
1 0 0.8255133875 0.00089485 0.8260574703125 0.02760454375 0.836002571875 0.053825226562499995 0.833771975 0.0632511796875 0.828798346875 0.060835446875 0.8233108124999999 0.011645809375 0.8137097515624999 0.005803509375 0.814567471875 0.0014699312500000001 0.8185119265624999 0 0.8185742984375001 0 0.8255133875
1 0 0.8869135765625 0.0037934125 0.8881363671875 0.023282540625 0.8898503359375001 0.0412629453125 0.888477571875 0.044375339062500005 0.8776736156249999 0.0020832203125 0.8691011625 0 0.86824428125 0 0.8869135765625
1 0.48698174375000003 0.8867416078125 0.46988171875000007 0.8822837 0.41741372187500003 0.878513421875 0.44759436875 0.8958323874999999 0.4715919109375 0.9013189031250001 0.488517096875 0.8980598125 0.49134194999999997 0.8910286265625 0.48698174375000003 0.8867416078125