1 0.0567839203125 0.1102010421875 0.0658291453125 0.1042442296875 0.069849246875 0.0848845875 0.069849246875 0.0714817578125 0.0683417078125 0.060312732812500006 0.0633165828125 0.048399106250000004 0.05577889375 0.0461653015625 0.05326633125 0.0491437078125 0.04874371875 0.0677587484375 0.05175879375 0.0765450484375 0.05025125625 0.1072226359375 0.0567839203125 0.1102010421875
1 0.11909547812500001 0.11541325468750001 0.120603015625 0.11541325468750001 0.130653265625 0.086373790625 0.1326633171875 0.07222635937500001 0.1321608046875 0.0558451234375 0.12763819062499998 0.0394638875 0.123115578125 0.0335070734375 0.11708542656250001 0.040208489062500005 0.1145728640625 0.0513775125 0.1150753765625 0.075204765625 0.11256281406249999 0.0871183921875 0.11909547812500001 0.10201042499999999 0.11909547812500001 0.11541325468750001
1 0.1924623109375 0.07967237499999999 0.1914572859375 0.048399106250000004 0.1849246234375 0.035740878125 0.180402009375 0.0335070734375 0.176381909375 0.037230081250000005 0.172864321875 0.055100521874999996 0.17185929687499998 0.0886075953125 0.173366834375 0.095309009375 0.18140703593750002 0.1079672375 0.1924623109375 0.07967237499999999
1 0.24422110625000001 0.12285927031249999 0.2592964828125 0.092330603125 0.2597989953125 0.0677587484375 0.2572864328125 0.056589725 0.25175879375 0.046909903125 0.24773869375 0.0476545046875 0.24522613125 0.0521221140625 0.24271356718749998 0.060312732812500006 0.24422110625000001 0.0632911390625 0.2361809046875 0.09158600156249999 0.2361809046875 0.0990320171875 0.2386934671875 0.098287415625 0.24221105468749998 0.10498883125 0.24422110625000001 0.12285927031249999
1 0.3185929640625 0.0744601640625 0.320100503125 0.06552494375 0.319597990625 0.043931496874999997 0.3180904515625 0.037230081250000005 0.31407035156249996 0.032762471875 0.3085427140625 0.0379746828125 0.3040201 0.0662695453125 0.3015075375 0.0960536109375 0.30251256249999997 0.1042442296875 0.3065326640625 0.106478034375 0.3185929640625 0.0744601640625
1 0.3844221109375 0.08265078125 0.3869346734375 0.06552494375 0.3869346734375 0.05435592031249999 0.3844221109375 0.0446760984375 0.380402009375 0.0416976921875 0.373869346875 0.0446760984375 0.37135678437499997 0.05956813125 0.3648241203125 0.067014146875 0.36130653281249997 0.081161578125 0.3608040203125 0.09754281406250001 0.368844221875 0.11392405000000001 0.3824120609375 0.0908414 0.3844221109375 0.08265078125
1 0.428643215625 0.12062546562500001 0.43115577812500006 0.12137006718750001 0.44623115625 0.09158600156249999 0.44673366875 0.0737155625 0.4437185921875 0.0625465375 0.43919597968749996 0.058078928125 0.4351758796875 0.0573343265625 0.42814070312499997 0.0677587484375 0.42914572812499996 0.07073715625 0.424120603125 0.095309009375 0.42914572812499996 0.1089600390625 0.428643215625 0.12062546562500001
1 0.522110553125 0.09158600156249999 0.523115578125 0.0759493671875 0.521105528125 0.06552494375 0.5160804015625 0.06478034218749999 0.5130653265625 0.0677587484375 0.5055276375 0.092330603125 0.5055276375 0.11094564375 0.5095477390625 0.11988086406250001 0.5175879390625 0.106478034375 0.522110553125 0.09158600156249999
1 0.5884422109375 0.1042442296875 0.59396985 0.09158600156249999 0.5914572859375 0.0729709609375 0.5874371859374999 0.060312732812500006 0.5829145734375001 0.056589725 0.578391959375 0.0677587484375 0.5683417078125 0.1183916609375 0.576884421875 0.11243484687500001 0.5859296484375001 0.1183916609375 0.5884422109375 0.1042442296875
1 0.64723618125 0.13328369375 0.65276381875 0.1258376765625 0.6567839203125 0.1079672375 0.6562814078125 0.08265078125 0.65376884375 0.0737155625 0.65125628125 0.0699925546875 0.6467336687499999 0.07073715625 0.6366834171875 0.0930752046875 0.6381909546875 0.11243484687500001 0.6427135671875 0.1191362625 0.64623115625 0.1399851078125 0.64723618125 0.13328369375
1 0.7100502515625 0.13104988906249998 0.7165829140625 0.1258376765625 0.723618090625 0.09679821250000001 0.720603015625 0.08041697656249999 0.7170854265625 0.0759493671875 0.7130653265625 0.07669396875 0.7090452265625 0.0819061796875 0.7070351765625 0.0900967984375 0.7080402015625 0.10349962812499999 0.7035175875 0.12137006718750001 0.7050251249999999 0.14147431093750001 0.7100502515625 0.13104988906249998
1 0.775376884375 0.13179449062499998 0.777889446875 0.11243484687500001 0.771356784375 0.0744601640625 0.7633165828124999 0.0744601640625 0.7587939703125001 0.081161578125 0.7603015078124999 0.13924050625 0.7633165828124999 0.1466865234375 0.7668341703125 0.1384959046875 0.775376884375 0.13179449062499998
1 0.8286432156249999 0.1288160828125 0.8321608046875 0.11243484687500001 0.830150753125 0.09754281406250001 0.821608040625 0.078183171875 0.8180904515625 0.0759493671875 0.8140703515625001 0.07967237499999999 0.8130653265625 0.11466865156249999 0.8175879390624999 0.12807148125 0.830150753125 0.14296351406250002 0.8286432156249999 0.1288160828125
1 0.8914572859375 0.08265078125 0.8899497484375001 0.0744601640625 0.8844221109375001 0.06552494375 0.879396984375 0.069247953125 0.875376884375 0.089352196875 0.870351759375 0.09754281406250001 0.8698492468750001 0.1042442296875 0.876884421875 0.14221891250000002 0.8904522609375001 0.1072226359375 0.8914572859375 0.08265078125
1 0.923618090625 0.1481757265625 0.925628140625 0.13924050625 0.9341708546874999 0.12211466875000002 0.9366834171875 0.1072226359375 0.9316582921875 0.08786299374999999 0.927638190625 0.0819061796875 0.923618090625 0.08265078125 0.9165829140625 0.095309009375 0.9155778890624999 0.0990320171875 0.919597990625 0.1087118390625 0.919597990625 0.14221891250000002 0.923618090625 0.1481757265625
1 0.04522613125 0.2382725234375 0.04924623125 0.248696946875 0.0608040203125 0.23231571093749998 0.0668341703125 0.20476545000000002 0.0663316578125 0.1883842140625 0.0633165828125 0.1794489953125 0.0603015078125 0.1757259859375 0.056281407812499996 0.1757259859375 0.04924623125 0.1854058078125 0.04623115625 0.19583023125000001 0.04572864375 0.217423678125 0.040703517187499996 0.23231571093749998 0.040703517187499996 0.2390171265625 0.04522613125 0.2382725234375
1 0.1140703515625 0.22784810156250002 0.123115578125 0.2330603125 0.126633165625 0.2390171265625 0.130653265625 0.23380491406249998 0.1371859296875 0.2122114671875 0.1371859296875 0.1883842140625 0.1346733671875 0.177215190625 0.128643215625 0.172002978125 0.122613065625 0.1727475796875 0.11909547812500001 0.18317200312499998 0.120603015625 0.189128815625 0.12010050312500001 0.2137006703125 0.1150753765625 0.220402084375 0.1140703515625 0.22784810156250002
1 0.1974874375 0.22784810156250002 0.2 0.22114668593750003 0.201005025 0.1913626203125 0.19949748750000001 0.18242740156249998 0.1944723625 0.17349218125000002 0.1854271359375 0.1712583765625 0.1829145734375 0.1809381984375 0.180904521875 0.237527921875 0.1854271359375 0.24422933750000003 0.196984925 0.24571854062499998 0.1974874375 0.22784810156250002
1 0.2567839203125 0.20774385781250002 0.2587939703125 0.1883842140625 0.2577889453125 0.1779597921875 0.25477386874999997 0.172002978125 0.24824120624999998 0.1727475796875 0.24522613125 0.177215190625 0.24422110625000001 0.1913626203125 0.2396984921875 0.20476545000000002 0.2402010046875 0.2405063296875 0.24422110625000001 0.228592703125 0.25477386874999997 0.215934475 0.2567839203125 0.20774385781250002
1 0.32211055312500003 0.19583023125000001 0.324120603125 0.163067759375 0.32060301562500004 0.1533879375 0.3175879390625 0.151898734375 0.3085427140625 0.16008935156249998 0.3045226125 0.17349218125000002 0.305025125 0.19061801875 0.30301507499999997 0.19657483281250002 0.305025125 0.2099776625 0.30251256249999997 0.22114668593750003 0.3095477390625 0.215934475 0.32211055312500003 0.19583023125000001
1 0.4437185921875 0.208488459375 0.44924623124999996 0.1995532390625 0.45477386875 0.177215190625 0.44824120624999997 0.16157855625 0.4427135671875 0.16157855625 0.43467336718749994 0.19583023125000001 0.42663316562500003 0.2107222640625 0.42663316562500003 0.220402084375 0.42814070312499997 0.220402084375 0.43015075312500006 0.214445271875 0.4437185921875 0.208488459375
1 0.37939698437499997 0.200297840625 0.3829145734375 0.18317200312499998 0.3814070359375 0.16530156406250002 0.376884421875 0.16083395312499998 0.370854271875 0.1638123609375 0.3643216078125 0.18391660468749998 0.3663316578125 0.1913626203125 0.36130653281249997 0.21667907656250002 0.369849246875 0.22412509374999998 0.37939698437499997 0.200297840625
1 0.5055276375 0.2434847359375 0.5170854265625 0.21965748281250003 0.522613065625 0.1935964265625 0.523115578125 0.177215190625 0.521105528125 0.169024571875 0.5165829140625 0.1682799703125 0.5125628140625 0.1727475796875 0.5105527640624999 0.1883842140625 0.5035175875 0.21295606875 0.5065326640625 0.2330603125 0.5055276375 0.2434847359375
1 0.5879396984375 0.22114668593750003 0.5909547734375 0.21667907656250002 0.5954773875 0.215934475 0.5954773875 0.20178704375 0.5914572859375 0.17349218125000002 0.5879396984375 0.1697691734375 0.5819095484375 0.1712583765625 0.576381909375 0.19061801875 0.575879396875 0.228592703125 0.579899496875 0.25018615 0.5814070359375 0.237527921875 0.5879396984375 0.22114668593750003
1 0.6381909546875 0.2330603125 0.6376884421875 0.2382725234375 0.65326633125 0.23231571093749998 0.6592964828125 0.22114668593750003 0.6603015078125 0.20104244218749998 0.6582914578125 0.1868950109375 0.65175879375 0.18466120625 0.64623115625 0.19061801875 0.64472361875 0.19583023125000001 0.6432160796875 0.208488459375 0.6452261312500001 0.2122114671875 0.64472361875 0.22412509374999998 0.6381909546875 0.2330603125
1 0.6944723625 0.2122114671875 0.7045226125 0.22263588906249998 0.7030150749999999 0.24274013437500003 0.7120603015625 0.2390171265625 0.721608040625 0.21816827968750002 0.723115578125 0.20476545000000002 0.722110553125 0.1883842140625 0.7165829140625 0.186150409375 0.7130653265625 0.1898734171875 0.7085427140625 0.19657483281250002 0.7070351765625 0.20625465312500002 0.7045226125 0.2099776625 0.6944723625 0.2122114671875
1 0.777889446875 0.23529411718749998 0.7788944718749999 0.214445271875 0.776381909375 0.189128815625 0.771859296875 0.186150409375 0.7673366828125 0.1876396125 0.7633165828124999 0.20476545000000002 0.7597989953125001 0.24125093125000002 0.7673366828125 0.25465376093750003 0.771356784375 0.25465376093750003 0.777889446875 0.23529411718749998
1 0.8251256281250001 0.248696946875 0.827638190625 0.23603871875000002 0.8246231156249999 0.2069992546875 0.8226130656249999 0.1995532390625 0.8185929640625 0.1950856296875 0.8145728640625001 0.1980640359375 0.8125628140625001 0.20476545000000002 0.8135678390625 0.2251178953125 0.8120603015625001 0.23603871875000002 0.822110553125 0.25390915937499997 0.8251256281250001 0.248696946875
1 0.8924623109375001 0.2464631421875 0.8964824124999999 0.234549515625 0.8959799 0.21891288125 0.8924623109375001 0.208488459375 0.8859296484374999 0.19583023125000001 0.880904521875 0.192107221875 0.875376884375 0.1935964265625 0.872361809375 0.1995532390625 0.872864321875 0.2248696953125 0.877889446875 0.228592703125 0.8874371859375 0.2464631421875 0.8924623109375001 0.2464631421875
1 0.9366834171875 0.2367833203125 0.9432160796875 0.24720774375 0.94472361875 0.24422933750000003 0.9432160796875 0.21295606875 0.9402010046875 0.189128815625 0.9336683421874999 0.18391660468749998 0.926130653125 0.18466120625 0.925628140625 0.1935964265625 0.931155778125 0.2233804921875 0.9306532656250001 0.23603871875000002 0.9366834171875 0.2367833203125
1 0.8924623109375001 0.35666418437499997 0.8959799 0.352196575 0.8969849249999999 0.345495159375 0.9015075375 0.3402829484375 0.9050251250000001 0.32092330625 0.9 0.30752047656250003 0.8984924624999999 0.29262844375 0.8929648234374999 0.28443782500000003 0.8879396984374999 0.28220402031249997 0.8829145734375 0.2948622484375 0.8824120609375001 0.3373045421875 0.8844221109375001 0.34400595625 0.8894472359375 0.34400595625 0.8924623109375001 0.35666418437499997
1 0.95527638125 0.3261355171875 0.9542713562499999 0.294117646875 0.95075376875 0.28667163125 0.94673366875 0.28667163125 0.9422110546875 0.291139240625 0.9361809046875 0.3134772890625 0.9366834171875 0.3350707375 0.9341708546874999 0.352196575 0.94623115625 0.3343261359375 0.95527638125 0.3261355171875
1 0.825628140625 0.3529411765625 0.8351758796875 0.33358153437500004 0.8351758796875 0.3291139234375 0.8291457281250001 0.3008190625 0.822110553125 0.297096053125 0.8180904515625 0.30379746875 0.8175879390624999 0.3216679078125 0.820100503125 0.34475055781249997 0.822110553125 0.350707371875 0.825628140625 0.3529411765625
1 0.7633165828124999 0.3559195828125 0.7663316578125 0.3484735671875 0.770854271875 0.3469843640625 0.775376884375 0.3581533875 0.777889446875 0.3514519734375 0.7798994968749999 0.3261355171875 0.777889446875 0.30528667187499997 0.771859296875 0.29039463906249996 0.7673366828125 0.2859270296875 0.7628140703125 0.28667163125 0.7592964828125 0.29337304531249997 0.7592964828125 0.31868950156250003 0.7638190953125 0.33358153437500004 0.7603015078124999 0.3514519734375 0.7633165828124999 0.3559195828125
1 0.6633165828124999 0.3544303796875 0.6618090453125001 0.3179449 0.6577889453125 0.2993298578125 0.65427135625 0.29337304531249997 0.65025125625 0.29188384218749996 0.6457286437499999 0.2948622484375 0.6437185921874999 0.3030528671875 0.6422110546875001 0.3261355171875 0.65427135625 0.345495159375 0.6577889453125 0.35517498125 0.6633165828124999 0.3544303796875
1 0.7125628140625 0.3149664921875 0.7055276375 0.2889054359375 0.6994974875 0.28443782500000003 0.6959799 0.28667163125 0.6959799 0.31720029843750003 0.7 0.34326135468749996 0.7085427140625 0.35666418437499997 0.7125628140625 0.3149664921875
1 0.580904521875 0.352196575 0.5899497484375 0.3313477296875 0.5894472359375 0.302308265625 0.5839195984375001 0.288160834375 0.574874371875 0.29039463906249996 0.574371859375 0.3045420703125 0.577889446875 0.3261355171875 0.575879396875 0.3469843640625 0.580904521875 0.352196575
1 0.5170854265625 0.3443782578125 0.5185929640625 0.35666418437499997 0.521105528125 0.353685778125 0.522110553125 0.342516753125 0.527135678125 0.3261355171875 0.5266331656250001 0.3149664921875 0.521608040625 0.2874162328125 0.5165829140625 0.2836932234375 0.5120603015625 0.2896500375 0.5110552765625 0.3045420703125 0.5130653265625 0.3231571109375 0.5110552765625 0.3313477296875 0.5170854265625 0.3443782578125
1 0.4623115578125 0.3559195828125 0.46783919531249996 0.3328369328125 0.469346734375 0.31868950156250003 0.4683417078125 0.30379746875 0.46683417031249996 0.297096053125 0.4587939703125 0.288160834375 0.45477386875 0.294117646875 0.45125628124999995 0.30603127343750003 0.45075376875 0.314221890625 0.45577889374999997 0.345495159375 0.4597989953125 0.3581533875 0.4623115578125 0.3559195828125
1 0.39095477343749996 0.34475055781249997 0.3924623109375 0.36113179375 0.3964824125 0.35740878593750003 0.4040201 0.33358153437500004 0.4040201 0.3179449 0.39849246250000003 0.2963514515625 0.3924623109375 0.2859270296875 0.3884422109375 0.28220402031249997 0.3824120609375 0.29262844375 0.3834170859375 0.3358153390625 0.380402009375 0.33804914375 0.37939698437499997 0.345495159375 0.39095477343749996 0.34475055781249997
1 0.31407035156249996 0.370811615625 0.3180904515625 0.3633656 0.3185929640625 0.3544303796875 0.325628140625 0.3343261359375 0.326633165625 0.3127326875 0.329145728125 0.30603127343750003 0.323618090625 0.2993298578125 0.3180904515625 0.2836932234375 0.3085427140625 0.2993298578125 0.3070351765625 0.30379746875 0.3120603015625 0.31645569687499997 0.31356783906249996 0.33358153437500004 0.31407035156249996 0.370811615625
1 0.201005025 0.352196575 0.205025125 0.352196575 0.20954773906250002 0.361876396875 0.21407035156249998 0.3387937453125 0.2125628140625 0.3127326875 0.2045226125 0.29337304531249997 0.201005025 0.2896500375 0.1944723625 0.29188384218749996 0.19296482343750002 0.2978406546875 0.1964824125 0.35740878593750003 0.196984925 0.359642590625 0.201005025 0.352196575
1 0.2592964828125 0.3693224125 0.2597989953125 0.35517498125 0.26381909531250003 0.336559940625 0.26231155781250004 0.31868950156250003 0.2587939703125 0.308265078125 0.25175879375 0.2993298578125 0.24773869375 0.29858525625 0.24522613125 0.3030528671875 0.24371859218749997 0.3119880859375 0.24874371874999998 0.3484735671875 0.24773869375 0.36113179375 0.2592964828125 0.3693224125
1 0.1371859296875 0.33804914375 0.1381909546875 0.3201787046875 0.1356783921875 0.30975428125 0.1326633171875 0.30603127343750003 0.126130653125 0.3045420703125 0.121105528125 0.31049888281250004 0.121608040625 0.3261355171875 0.1180904515625 0.34475055781249997 0.1180904515625 0.36634400624999996 0.129145728125 0.3559195828125 0.1341708546875 0.347728965625 0.1371859296875 0.33804914375
1 0.04874371875 0.38198064062500003 0.0628140703125 0.3469843640625 0.0603015078125 0.3134772890625 0.05226130624999999 0.306775875 0.04623115625 0.314221890625 0.040703517187499996 0.3261355171875 0.0432160796875 0.3343261359375 0.0437185921875 0.3715562171875 0.04874371875 0.38198064062500003
1 0.0376884421875 0.5048399109374999 0.0371859296875 0.52271035 0.04472361875 0.5115413249999999 0.05075376875 0.48845867500000006 0.05125628125 0.45718540625 0.04924623125 0.44601638125000004 0.0412060296875 0.44080417031249997 0.0316582921875 0.450483990625 0.0351758796875 0.45941921093750004 0.029648240625 0.47803425156249996 0.0316582921875 0.489947878125 0.0376884421875 0.5048399109374999
1 0.1341708546875 0.48101265781249997 0.1371859296875 0.469843634375 0.1376884421875 0.4549516015625 0.1331658296875 0.44303797500000003 0.12763819062499998 0.44005956875 0.122613065625 0.44303797500000003 0.1150753765625 0.48548026875000005 0.1110552765625 0.4966492921875 0.1110552765625 0.50856291875 0.1140703515625 0.4996276984375 0.126633165625 0.4921816828125 0.1341708546875 0.48101265781249997
1 0.18944723593749999 0.49739389375 0.1934673359375 0.5003723015625 0.196984925 0.49739389375 0.20854271406249997 0.469843634375 0.2105527640625 0.4579300078125 0.2105527640625 0.4378257625 0.20653266406249998 0.4266567390625 0.2005025125 0.424422934375 0.1964824125 0.42814594218749996 0.1909547734375 0.44154877187499997 0.19296482343750002 0.46165301562499994 0.1914572859375 0.47803425156249996 0.1879396984375 0.489947878125 0.18944723593749999 0.49739389375
1 0.2663316578125 0.4839910640625 0.2653266328125 0.49739389375 0.2678391953125 0.4981384953125 0.271356784375 0.49367088593749997 0.279396984375 0.46463142187499995 0.279396984375 0.4579300078125 0.271356784375 0.43112434843749997 0.2653266328125 0.424422934375 0.2597989953125 0.427401340625 0.2597989953125 0.4512285921875 0.26281407031250004 0.45867460937500004 0.26381909531250003 0.47803425156249996 0.2663316578125 0.4839910640625
1 0.324623115625 0.47803425156249996 0.323618090625 0.48324646250000003 0.325628140625 0.486969471875 0.3331658296875 0.4825018609375 0.3376884421875 0.4966492921875 0.3437185921875 0.46835442968749996 0.34422110625 0.43559195781250004 0.3336683421875 0.4236783328125 0.330150753125 0.4259121375 0.326130653125 0.43484735625 0.329648240625 0.44601638125000004 0.330150753125 0.4638868203125 0.329145728125 0.47207743906250005 0.324623115625 0.47803425156249996
1 0.4120603015625 0.45718540625 0.4120603015625 0.4452717796875 0.40804020156250004 0.422189128125 0.4040201 0.41176470624999995 0.3959799 0.40878629999999994 0.3929648234375 0.4236783328125 0.3924623109375 0.4341027546875 0.4 0.4579300078125 0.4085427140625 0.47505584531249995 0.4120603015625 0.45718540625
1 0.4592964828125 0.469843634375 0.46683417031249996 0.45718540625 0.473366834375 0.43484735625 0.46532663281250003 0.41176470624999995 0.4587939703125 0.4058078921875 0.45477386875 0.40655249375 0.45226130624999994 0.41176470624999995 0.45577889374999997 0.43559195781250004 0.45477386875 0.46463142187499995 0.4587939703125 0.47728965 0.4592964828125 0.469843634375
1 0.5140703515625 0.43857036562499996 0.5160804015625 0.44899478750000005 0.5115577890624999 0.46463142187499995 0.5145728640625 0.466120625 0.521105528125 0.4609084140625 0.5276381906250001 0.44005956875 0.5281407031249999 0.4259121375 0.526130653125 0.41176470624999995 0.521105528125 0.4013402828125 0.5100502515625001 0.3998510796875 0.5105527640624999 0.41176470624999995 0.5140703515625 0.41772151874999996 0.5150753765625 0.42889054375 0.5140703515625 0.43857036562499996
1 0.5879396984375 0.4452717796875 0.5899497484375 0.4512285921875 0.5954773875 0.4512285921875 0.5994974875 0.4259121375 0.5994974875 0.4110201046875 0.5959799 0.3953834703125 0.5879396984375 0.37974683593749997 0.5839195984375001 0.38049143750000003 0.578894471875 0.3924050640625 0.579899496875 0.41176470624999995 0.5824120609375 0.410275503125 0.5879396984375 0.427401340625 0.5879396984375 0.4452717796875
1 0.6643216078124999 0.4393149671875 0.6597989953125001 0.40878629999999994 0.65376884375 0.39463886875 0.64974874375 0.39314966562500003 0.6442211062500001 0.397617275 0.6442211062500001 0.42814594218749996 0.65427135625 0.466120625 0.6577889453125 0.466120625 0.6643216078124999 0.4393149671875
1 0.724120603125 0.4236783328125 0.7150753765625 0.39314966562500003 0.7125628140625 0.3901712578125 0.7050251249999999 0.3916604609375 0.7070351765625 0.43112434843749997 0.7110552765625 0.44303797500000003 0.7201005031250001 0.4512285921875 0.724120603125 0.4236783328125
1 0.777889446875 0.4549516015625 0.779396984375 0.4609084140625 0.779396984375 0.4467609828125 0.7834170859375 0.42516753593749995 0.7824120609375 0.410275503125 0.774874371875 0.3827252421875 0.769346734375 0.3842144453125 0.7663316578125 0.390915859375 0.7683417078125 0.43335815312500003 0.7663316578125 0.45197319374999995 0.7673366828125 0.45420699999999997 0.777889446875 0.4549516015625
1 0.8412060296874999 0.424422934375 0.8376884421874999 0.3953834703125 0.829648240625 0.38049143750000003 0.826130653125 0.379002234375 0.823618090625 0.3812360390625 0.8206030156249999 0.3916604609375 0.826130653125 0.42889054375 0.830150753125 0.447505584375 0.8336683421875 0.4527177953125 0.8412060296874999 0.424422934375
1 0.9638190953124999 0.4199553234375 0.9663316578125001 0.40878629999999994 0.9613065328125 0.38049143750000003 0.95527638125 0.3745346234375 0.95025125625 0.3782576328125 0.95075376875 0.43186895 0.95326633125 0.42814594218749996 0.9587939703125 0.42889054375 0.9638190953124999 0.4199553234375
1 0.9628140703125 0.5867460906249999 0.970854271875 0.561429634375 0.9728643218749999 0.54802680625 0.9653266328125 0.5137751296874999 0.9597989953124999 0.5115413249999999 0.95477386875 0.5182427406250001 0.9572864328125 0.5547282203125 0.95577889375 0.5681310500000001 0.9592964828125 0.572598659375 0.9628140703125 0.5867460906249999
1 0.9040201 0.5770662703125 0.9110552765625 0.5532390171875 0.9105527640625001 0.5294117640625 0.9080402015625 0.5174981390625 0.9050251250000001 0.5137751296874999 0.9 0.513030528125 0.8954773875 0.5174981390625 0.894974875 0.5264333578125 0.89798995 0.5331347734375 0.9 0.569620253125 0.9040201 0.5770662703125
1 0.8452261312499999 0.5860014890625 0.84623115625 0.575577065625 0.8532663312500001 0.5562174234375 0.8422110546875 0.52568875625 0.8366834171875001 0.5189873421875 0.830150753125 0.5204765453125 0.829648240625 0.5405807890625 0.8331658296875 0.5621742375000001 0.8386934671875 0.5688756515625 0.8452261312499999 0.5860014890625
1 0.7874371859375 0.5919583015625001 0.7904522609375 0.5450483984375001 0.7869346734375 0.524199553125 0.7834170859375 0.5182427406250001 0.7788944718749999 0.5174981390625 0.773366834375 0.52568875625 0.770351759375 0.54802680625 0.771356784375 0.5644080421875 0.7788944718749999 0.5837676843749999 0.7874371859375 0.5919583015625001
1 0.725628140625 0.5376023828125 0.7170854265625 0.524199553125 0.7115577890625 0.5286671625 0.7080402015625 0.5376023828125 0.7120603015625 0.5673864484375 0.720603015625 0.5770662703125 0.727638190625 0.55994043125 0.725628140625 0.5376023828125
1 0.6437185921874999 0.5770662703125 0.65025125625 0.577810871875 0.6577889453125 0.561429634375 0.65577889375 0.5331347734375 0.65025125625 0.5167535375 0.6432160796875 0.521221146875 0.6422110546875001 0.544303796875 0.6437185921874999 0.5658972453125 0.6417085421875 0.5748324640625 0.6422110546875001 0.5845122859375 0.6437185921874999 0.5770662703125
1 0.5934673359375 0.577810871875 0.6005025125000001 0.579300075 0.6025125625000001 0.5740878625 0.603015075 0.552494415625 0.5994974875 0.5368577812499999 0.5914572859375 0.51973194375 0.5869346734375 0.5189873421875 0.5839195984375001 0.5249441546875 0.5829145734375001 0.5294117640625 0.5864321609375 0.5405807890625 0.5874371859374999 0.5547282203125 0.5934673359375 0.577810871875
1 0.530150753125 0.5815338796875 0.5366834171875 0.5748324640625 0.5422110546875001 0.555472821875 0.5427135671875 0.5361131796875 0.5407035171875 0.5249441546875 0.5371859296875 0.51973194375 0.5326633171874999 0.5234549515625 0.5316582921874999 0.5361131796875 0.525125628125 0.55994043125 0.5281407031249999 0.5688756515625 0.5236180906250001 0.5874906921874999 0.525125628125 0.594936709375 0.530150753125 0.5815338796875
1 0.479396984375 0.552494415625 0.480904521875 0.5286671625 0.478894471875 0.52271035 0.47286432187500005 0.52568875625 0.46532663281250003 0.5502606109375 0.4608040203125 0.5733432609375 0.470351759375 0.575577065625 0.477889446875 0.5606850328124999 0.479396984375 0.552494415625
1 0.4160804015625 0.5748324640625 0.422110553125 0.5673864484375 0.42261306562499995 0.563663440625 0.41909547812500003 0.555472821875 0.4150753765625 0.532390171875 0.4120603015625 0.5279225609375 0.40804020156250004 0.527177959375 0.4035175875 0.5346239765624999 0.4035175875 0.5740878625 0.40804020156250004 0.5874906921874999 0.4120603015625 0.5927029046875 0.4160804015625 0.5748324640625
1 0.3336683421875 0.5852568875 0.329145728125 0.5874906921874999 0.328140703125 0.5919583015625001 0.328643215625 0.606850334375 0.3331658296875 0.6083395390625 0.34974874375 0.5837676843749999 0.35326633125 0.5718540578125 0.35175879375 0.5405807890625 0.34572864375 0.535368578125 0.3366834171875 0.5368577812499999 0.33919597968750004 0.5405807890625 0.3361809046875 0.54802680625 0.3361809046875 0.579300075 0.3336683421875 0.5852568875
1 0.2608040203125 0.5874906921874999 0.269346734375 0.5919583015625001 0.269849246875 0.6187639609375 0.271356784375 0.62248696875 0.274371859375 0.609084140625 0.2814070359375 0.59940431875 0.2864321609375 0.5830230828125 0.2879396984375 0.555472821875 0.2854271359375 0.546537603125 0.279396984375 0.5435591953125 0.2663316578125 0.552494415625 0.269849246875 0.555472821875 0.272864321875 0.5651526437500001 0.269849246875 0.5770662703125 0.2608040203125 0.5874906921874999
1 0.19296482343750002 0.6142963515625001 0.2 0.6180193593750001 0.2045226125 0.62769918125 0.20603015 0.638123603125 0.20854271406249997 0.640357409375 0.20904522656250002 0.6294365843749999 0.2185929640625 0.5986597171875 0.219095478125 0.5770662703125 0.21557788906250003 0.563663440625 0.20753768906249997 0.5629188390625 0.203015075 0.5681310500000001 0.2045226125 0.577810871875 0.20201005 0.600893521875 0.1934673359375 0.6105733437499999 0.19296482343750002 0.6142963515625001
1 0.1376884421875 0.60536113125 0.1412060296875 0.5852568875 0.1381909546875 0.569620253125 0.1326633171875 0.5673864484375 0.126633165625 0.5733432609375 0.12227805624999999 0.5917101015624999 0.1145728640625 0.6098287421874999 0.11608040156249999 0.6217423671875 0.11356783906250001 0.646314221875 0.1155778890625 0.647803425 0.1376884421875 0.60536113125
1 0.029145728125 0.6358897984375 0.0432160796875 0.6061057328125 0.04623115625 0.5912137000000001 0.04472361875 0.5733432609375 0.040703517187499996 0.5688756515625 0.031155778125 0.575577065625 0.028140703125 0.5800446765625 0.022613065625 0.6031273265625 0.019597990625 0.623231571875 0.023618090624999998 0.6284437828125 0.024623115625 0.6358897984375 0.029145728125 0.6358897984375
1 0.04773869375 0.7356664187499999 0.04773869375 0.70737155625 0.04472361875 0.6939687265625001 0.0371859296875 0.693224125 0.0316582921875 0.70141474375 0.027638190624999996 0.7222635890625 0.028643215625000003 0.7423678328125 0.026633165625 0.7520476546875 0.0326633171875 0.760238271875 0.04773869375 0.7356664187499999
1 0.122613065625 0.760238271875 0.1346733671875 0.7408786296875001 0.1371859296875 0.7177959796875 0.1356783921875 0.7006701421875 0.130653265625 0.6969471328125 0.122613065625 0.7006701421875 0.1180904515625 0.7081161578125 0.11708542656250001 0.7177959796875 0.1110552765625 0.7237527921875 0.1115577890625 0.74981385 0.1090452265625 0.7594936703124999 0.1110552765625 0.7617274765625 0.122613065625 0.760238271875
1 0.220603015625 0.7691734921875 0.22562814062499997 0.7661950859375 0.23216080468750003 0.7475800453125 0.2356783921875 0.731198809375 0.2356783921875 0.708860759375 0.23216080468750003 0.6984363359375 0.22713567812500002 0.6969471328125 0.2185929640625 0.7110945640625 0.22010050312499999 0.7177959796875 0.219095478125 0.7510052125 0.21608040156250002 0.7632166796875001 0.220603015625 0.7691734921875
1 0.305025125 0.7237527921875 0.30603015 0.7125837671874999 0.3040201 0.69024571875 0.2984924625 0.67907669375 0.2924623109375 0.6820551 0.2874371859375 0.693224125 0.2839195984375 0.7565152640624999 0.2869346734375 0.7565152640624999 0.298994975 0.743112434375 0.305025125 0.7237527921875
1 0.3572864328125 0.74683544375 0.3603015078125 0.723008190625 0.368844221875 0.7170513781250001 0.369346734375 0.7125837671874999 0.3618090453125 0.70141474375 0.3562814078125 0.685778109375 0.34974874375 0.6820551 0.34572864375 0.6872673125000001 0.34020100468750003 0.708860759375 0.34020100468750003 0.7192851828125 0.34924623125 0.7356664187499999 0.35326633125 0.7594936703124999 0.3572864328125 0.74683544375
1 0.43165829218749996 0.720029784375 0.4341708546875 0.693224125 0.430653265625 0.680565896875 0.42261306562499995 0.6798212953125 0.41909547812500003 0.6872673125000001 0.41356783906250005 0.715562175 0.4130653265625 0.75279225625 0.41557788906250004 0.760238271875 0.420100503125 0.7438570359375001 0.43165829218749996 0.720029784375
1 0.4824120609375 0.7520476546875 0.4824120609375 0.7356664187499999 0.4879396984375 0.7140729703125 0.4879396984375 0.6880119140625001 0.48592964843750003 0.67907669375 0.480402009375 0.6753536859375 0.478391959375 0.6760982875 0.47386934687500004 0.688756515625 0.47487437187500003 0.6924795234375 0.470351759375 0.7282204015625 0.475376884375 0.7297096046875 0.4824120609375 0.7520476546875
1 0.5477386937500001 0.7565152640624999 0.5522613062499999 0.760238271875 0.55276381875 0.7408786296875001 0.5592964828125 0.7282204015625 0.5562814078125 0.691734921875 0.5522613062499999 0.6820551 0.54673366875 0.6842889046875 0.5437185921875 0.69024571875 0.5402010046875 0.7252419953125 0.5346733671874999 0.7364110203124999 0.5417085421875 0.7364110203124999 0.5477386937500001 0.7565152640624999
1 0.619095478125 0.7282204015625 0.6155778890625 0.6939687265625001 0.6100502515625 0.6798212953125 0.6 0.67907669375 0.598994975 0.6850335078125 0.6070351765625001 0.7475800453125 0.6155778890625 0.7535368578125 0.619095478125 0.7282204015625
1 0.65326633125 0.7356664187499999 0.65427135625 0.74162323125 0.6613065328125 0.7393894265625 0.6663316578125 0.7319434109375 0.672361809375 0.7207743859375 0.676884421875 0.70141474375 0.675879396875 0.67311988125 0.6698492468749999 0.6679076687500001 0.6668341703125 0.6693968734375 0.65527638125 0.7177959796875 0.65025125625 0.7237527921875 0.65527638125 0.731198809375 0.65326633125 0.7356664187499999
1 0.7457286437499999 0.7125837671874999 0.74422110625 0.70141474375 0.7457286437499999 0.6842889046875 0.74422110625 0.670141475 0.7412060296874999 0.6656738640625 0.7361809046875 0.6656738640625 0.730653265625 0.6738644828125 0.723115578125 0.70439315 0.724623115625 0.7222635890625 0.726633165625 0.7252419953125 0.7321608046875 0.7237527921875 0.7457286437499999 0.7125837671874999
1 0.8035175875 0.6924795234375 0.8025125624999999 0.680565896875 0.7984924624999999 0.6738644828125 0.7924623109375 0.67311988125 0.7879396984375 0.680565896875 0.7874371859375 0.7207743859375 0.7909547734375 0.7401340281250001 0.80201005 0.7163067765625 0.8035175875 0.6924795234375
1 0.8603015078125 0.6850335078125 0.8557788937499999 0.6679076687500001 0.84874371875 0.6649292625000001 0.84572864375 0.6693968734375 0.8452261312499999 0.7215189875 0.8532663312500001 0.7393894265625 0.8613065328125 0.7133283687499999 0.8603015078125 0.6850335078125
1 0.9170854265624999 0.7252419953125 0.9180904515625 0.71854058125 0.9165829140625 0.693224125 0.9120603015625001 0.6768428890625 0.9080402015625 0.6708860765625 0.9040201 0.6708860765625 0.9005025124999999 0.6760982875 0.9015075375 0.7170513781250001 0.9085427140625001 0.728965003125 0.9125628140625001 0.73045420625 0.9170854265624999 0.7252419953125
1 0.9743718593749999 0.7222635890625 0.9788944718750001 0.7081161578125 0.9763819093749999 0.688756515625 0.969346734375 0.6723752796875 0.9618090453124999 0.670141475 0.9582914578124999 0.6738644828125 0.9572864328125 0.6850335078125 0.9608040203125 0.6969471328125 0.9628140703125 0.725986596875 0.9743718593749999 0.7222635890625
1 0.044221106249999996 0.913626209375 0.04773869375 0.904690990625 0.04874371875 0.8711839171875001 0.0432160796875 0.8577810875 0.0346733671875 0.859270290625 0.0316582921875 0.8667163062500001 0.029145728125 0.9166046171875 0.030653265625 0.920327625 0.0366834171875 0.9210722265625 0.044221106249999996 0.913626209375
1 0.1336683421875 0.9270290390625 0.1381909546875 0.915860015625 0.1432160796875 0.879374534375 0.1412060296875 0.86075949375 0.1326633171875 0.859270290625 0.128643215625 0.8652271031250001 0.1185929640625 0.9151154125 0.1185929640625 0.920327625 0.126633165625 0.9322412515625 0.1336683421875 0.9270290390625
1 0.228643215625 0.8987341765625001 0.23316582968750002 0.8883097546875 0.2346733671875 0.8771407296874999 0.2346733671875 0.8652271031250001 0.23216080468750003 0.85480268125 0.22512562812499998 0.8503350703124999 0.22010050312499999 0.85480268125 0.219095478125 0.8778853312500001 0.21457286406249998 0.8927773640625001 0.20854271406249997 0.90022338125 0.20703517656249998 0.910647803125 0.21457286406249998 0.9099032015624999 0.21658291406250002 0.91213700625 0.228643215625 0.8987341765625001
1 0.28492462343749997 0.9024571859374999 0.2864321609375 0.90618019375 0.2929648234375 0.9084139984374999 0.2944723625 0.9151154125 0.30603015 0.9039463890625001 0.31407035156249996 0.8883097546875 0.31457286406249996 0.8830975421874999 0.31306532656249997 0.8615040953124999 0.3075376890625 0.8466120625 0.3005025125 0.8466120625 0.2924623109375 0.8570364859374999 0.29497487499999997 0.8711839171875001 0.2934673359375 0.8897989578125 0.2869346734375 0.8957557703125 0.28492462343749997 0.9024571859374999
1 0.35326633125 0.91213700625 0.36130653281249997 0.90022338125 0.3648241203125 0.899478778125 0.370351759375 0.8920327625000001 0.377889446875 0.8778853312500001 0.378391959375 0.8413998515625 0.368844221875 0.82650781875 0.3592964828125 0.8771407296874999 0.34773869375 0.8838421437499999 0.34874371875 0.901712584375 0.35326633125 0.91213700625
1 0.419597990625 0.9039463890625001 0.42361809062500005 0.904690990625 0.424120603125 0.8957557703125 0.4331658296875 0.8726731203125 0.4341708546875 0.84959046875 0.43115577812500006 0.8332092328125 0.427638190625 0.8294862249999999 0.42361809062500005 0.8302308265624999 0.4140703515625 0.8488458671875 0.4160804015625 0.8533134765625 0.4110552765625 0.8689501109375 0.419597990625 0.8838421437499999 0.419597990625 0.9039463890625001
1 0.474371859375 0.9099032015624999 0.47487437187500003 0.9032017874999999 0.4889447234375 0.8696947140625 0.4899497484375 0.8533134765625 0.48643216093749997 0.833953834375 0.4824120609375 0.833953834375 0.476884421875 0.8413998515625 0.475879396875 0.852568875 0.47085427187500006 0.86075949375 0.47085427187500006 0.8786299328125 0.47286432187500005 0.8845867453125 0.47185929687500006 0.8920327625000001 0.474371859375 0.9099032015624999
1 0.5437185921875 0.879374534375 0.54874371875 0.8644825015625001 0.5502512562499999 0.852568875 0.5492462312499999 0.827997021875 0.54522613125 0.82129560625 0.5376884421875 0.8302308265624999 0.5381909546875 0.8361876390624999 0.524120603125 0.8763961281249999 0.5236180906250001 0.8808637375 0.5256281406250001 0.8823529406249999 0.5276381906250001 0.89501116875 0.5437185921875 0.879374534375
1 0.628643215625 0.8644825015625001 0.629648240625 0.8361876390624999 0.626633165625 0.82129560625 0.622110553125 0.8198064031250001 0.6170854265625 0.8257632171875 0.6150753765625 0.8577810875 0.6135678390625 0.8830975421874999 0.6150753765625 0.890543559375 0.6180904515625001 0.8808637375 0.628643215625 0.8644825015625001
1 0.678894471875 0.8801191359375 0.6804020093750001 0.874906925 0.6854271359374999 0.8696947140625 0.6829145734375001 0.8257632171875 0.6814070359375 0.81533879375 0.6773869343750001 0.8064035734375 0.673366834375 0.8049143703125001 0.670351759375 0.8093819812499999 0.6698492468749999 0.84363365625 0.672864321875 0.8540580796875 0.673869346875 0.8719285187500001 0.678894471875 0.8801191359375
1 0.7321608046875 0.874906925 0.7331658296875 0.8615040953124999 0.7376884421875001 0.8540580796875 0.7417085421875 0.833953834375 0.7422110546875 0.8116157859375001 0.7391959796875 0.8041697687499999 0.7351758796875 0.8019359640625 0.7321608046875 0.8049143703125001 0.726633165625 0.8250186156250001 0.720603015625 0.8533134765625 0.725125628125 0.8555472828124999 0.727135678125 0.8704393156249999 0.7321608046875 0.874906925
1 0.7944723625 0.873417721875 0.7964824125 0.8741623234375 0.805025125 0.8540580796875 0.80603015 0.8294862249999999 0.80201005 0.807148175 0.7974874375 0.8049143703125001 0.7924623109375 0.8101265828124999 0.7914572859375 0.8391660468750001 0.7864321609375 0.8667163062500001 0.7929648234375 0.8667163062500001 0.7944723625 0.873417721875
1 0.84974874375 0.873417721875 0.8532663312500001 0.8674609078125 0.8562814078125 0.852568875 0.8608040203125 0.8518242734375001 0.8623115578125 0.8369322406249999 0.8577889453124999 0.8011913625 0.85477386875 0.7974683546875 0.84974874375 0.796723753125 0.84773869375 0.8019359640625 0.84773869375 0.8101265828124999 0.8452261312499999 0.8175725984375 0.84572864375 0.8652271031250001 0.84974874375 0.873417721875
1 0.923618090625 0.8652271031250001 0.927638190625 0.852568875 0.931155778125 0.8250186156250001 0.923618090625 0.8011913625 0.9170854265624999 0.793745346875 0.9125628140625001 0.7974683546875 0.9140703515625 0.8458674609375001 0.9160804015625 0.8510796718750001 0.920603015625 0.8540580796875 0.923618090625 0.8652271031250001
1 0.968844221875 0.84959046875 0.9718592968750001 0.84959046875 0.9783919593749999 0.8689501109375 0.9819095484375 0.8570364859374999 0.9839195984375 0.8332092328125 0.9814070359375 0.8145941921875 0.9763819093749999 0.79821295625 0.9658291453125001 0.79821295625 0.9668341703125 0.8399106484375001 0.9643216078125001 0.8555472828124999 0.9663316578125001 0.8570364859374999 0.968844221875 0.84959046875
1 0.89798995 0.3938942671875 0.8914572859375 0.379002234375 0.8844221109375001 0.3782576328125 0.8814070359375 0.38346984375000004 0.880904521875 0.40059568125 0.8884422109375001 0.450483990625 0.89798995 0.41772151874999996 0.89798995 0.3938942671875