1 0.52193410625 0 0.53331865 0.0127777125 0.5368341609375 0 0.52193410625 0
1 0.4427794859375 0 0.44417349687499996 0.006372365624999999 0.466773028125 0.035281209375 0.4693648796875 0.0338905140625 0.46641530937500003 0.021319060937500002 0.4690963015625 0.0053101500000000005 0.46690549531250003 0 0.4427794859375 0
1 0.37309845625000004 0.008777509375 0.358189484375 0.011932190625 0.3612721953125 0.0239139578125 0.36927786875 0.0390653953125 0.38082019843750003 0.0517839515625 0.383373596875 0.041136415625 0.37954292500000003 0.020890212499999998 0.37309845625000004 0.008777509375
1 0.30022916093749996 0.0241963671875 0.28211165781249997 0.028029960937499997 0.2827630171875 0.0405261921875 0.291407040625 0.053015745312499994 0.2970634265625 0.0678220140625 0.3057198859375 0.059252178125 0.31627896093749996 0.0637560828125 0.30022916093749996 0.0241963671875
1 0.23517793125000003 0.08175901249999999 0.238740028125 0.0734248546875 0.2364031734375 0.0520202953125 0.22757614531249998 0.0395694625 0.21307299375 0.042638271875 0.212846403125 0.045213028125 0.2175071015625 0.0728640359375 0.22557666875 0.0913710375 0.23314810625 0.098191653125 0.2356251765625 0.1052479484375 0.23517793125000003 0.08175901249999999
1 0.1605881890625 0.07985423281250001 0.1589281328125 0.0650446265625 0.155046578125 0.056600975 0.15348523125 0.055246809375000004 0.1421127734375 0.0576531765625 0.1421896734375 0.076166853125 0.1558517328125 0.1061245609375 0.16406151875 0.11028329375000001 0.1716968484375 0.1204594734375 0.1692067703125 0.0982450640625 0.1605881890625 0.07985423281250001
1 0.10054084218749999 0.0672919046875 0.0998386 0.0665982265625 0.08554267343750001 0.06962318906250001 0.08611379218750001 0.10571996875 0.092842765625 0.1261951734375 0.1035550671875 0.1315089265625 0.10908367031249999 0.1396040703125 0.11084549218749999 0.130808571875 0.10054084218749999 0.0672919046875
1 0.0481424046875 0.1162813765625 0.0400193 0.07925575625 0.0306837953125 0.08123111250000001 0.02595166875 0.10160462968749999 0.026820145312499998 0.11826627187500001 0.03403424375 0.1352697453125 0.035298507812500005 0.1510053703125 0.045959349999999996 0.13190416875 0.0481424046875 0.1162813765625
1 0.8831318359375 0.0086670546875 0.8806038796875001 0.013413309374999998 0.879148509375 0.023828504687499998 0.8819704843749999 0.0417613359375 0.8942280625000001 0.07033168281249999 0.9102264046874999 0.08547644531250001 0.91247335 0.073209215625 0.9175677140625 0.07297353749999999 0.9161886718750001 0.0656849046875 0.9076339828125001 0.0506496375 0.9026413874999999 0.027280207812500002 0.8972021203124999 0.016639351562499998 0.8875239578125 0.0077376984375 0.8831318359375 0.0086670546875
1 0.802184034375 0.027479831249999996 0.8017373609374999 0.0402084015625 0.8066406203125001 0.06612354375 0.8182213984375 0.0880989375 0.8236861078125 0.09283851875 0.8263034015624999 0.08554654687499999 0.8351130875000001 0.0777865578125 0.8324827875 0.069920415625 0.8256135921875 0.063793478125 0.8200080906249999 0.037184656249999996 0.8204293234375 0.030357364062499996 0.8144410375 0.019832675 0.8076996296875001 0.0204168609375 0.802184034375 0.027479831249999996
1 0.73243365625 0.0481346296875 0.732625334375 0.058201317187500004 0.7398524390625 0.09036290625 0.7439765546875 0.0970706921875 0.7482030156249999 0.116390878125 0.7605239140625 0.11209928281249999 0.7640860093749999 0.10376512499999999 0.75024470625 0.0426813421875 0.74550768125 0.0327341640625 0.7360850859375 0.037254759375 0.73243365625 0.0481346296875
1 0.6771872296875 0.04887504375 0.6698968046875 0.0495754 0.6678285265625 0.056751203125 0.6688756734375 0.068321415625 0.6750556328124999 0.0889127875 0.6789371890625 0.097356440625 0.6930713671875 0.10868430312499999 0.6999151171875 0.1207125171875 0.69310924375 0.08172363437499999 0.6854100234375 0.0681918921875 0.6814006828125 0.053037115625 0.6771872296875 0.04887504375
1 0.6087005453125001 0.0490479625 0.5971327734375 0.042230682812499996 0.5941451359375 0.044547396875 0.5922939796875 0.055888607812500005 0.601232021875 0.09105725 0.619094528125 0.1100189140625 0.6278533281249999 0.1140614796875 0.6228098515625 0.102494603125 0.622247828125 0.08745265937499999 0.6188259515625 0.08143855 0.61585075 0.062695875 0.6087005453125001 0.0490479625
1 0.4563807625 0.082962771875 0.4524613265625 0.1014797875 0.4630973015625 0.12449736874999999 0.47097519062500004 0.1329376828125 0.4870244171875 0.1362798921875 0.49044629375 0.142294 0.49209333749999995 0.14194549218750002 0.4901013890625 0.131417465625 0.47825260937499997 0.1170792125 0.462419928125 0.0816849078125 0.4563807625 0.082962771875
1 0.530165921875 0.071561471875 0.5321963203125 0.0913463375 0.5395636453125 0.10915965937500001 0.5548981953125 0.13286758125 0.562699184375 0.12279421875 0.5519993203125 0.096421075 0.5526631125 0.087857915625 0.5413887875000001 0.0675022171875 0.5341876984375 0.0656568578125 0.530165921875 0.071561471875
1 0.37779525468749997 0.11727883593749999 0.381715259375 0.1349793265625 0.39311736875 0.1620461484375 0.4106479796875 0.1852893921875 0.407404771875 0.1741838578125 0.40656173906250004 0.15162093906250002 0.3938190390625 0.126522321875 0.38840521250000004 0.1099801875 0.3830937296875 0.1060504546875 0.3783058203125 0.107905828125 0.37779525468749997 0.11727883593749999
1 0.302363046875 0.1290286453125 0.30379354687500004 0.16073223125 0.3067048578125 0.1761193453125 0.311799221875 0.17588366875 0.31601267499999997 0.180045740625 0.3265208625 0.196352196875 0.330772765625 0.20977110781250002 0.33072130781250003 0.18535615625 0.322357721875 0.1441700671875 0.31233465625 0.12439187968750001 0.305440021875 0.12416621718750001 0.302363046875 0.1290286453125
1 0.23210210468749998 0.15905645 0.2328173546875 0.1749082453125 0.23805251093750002 0.19654180625 0.2469390953125 0.2072954953125 0.2651843828125 0.2101730265625 0.26356278125 0.204620259375 0.254586859375 0.196412284375 0.2515862140625 0.1835708828125 0.2530161421875 0.1790569640625 0.2487642375 0.165638053125 0.2460446046875 0.160317625 0.23877962187500001 0.155116703125 0.23210210468749998 0.15905645
1 0.164956584375 0.1934786703125 0.1693617125 0.20770742812499998 0.18408335468749998 0.2281759578125 0.194731765625 0.2301341484375 0.18894759375 0.20861675625 0.1977827203125 0.194955490625 0.1863427359375 0.1948493359375 0.182831525 0.19138094375 0.17919253125 0.1812014265625 0.172872353125 0.1749583171875 0.1682631109375 0.1717222625 0.1626836234375 0.175429671875 0.164956584375 0.1934786703125
1 0.10354320312500001 0.1887858234375 0.10600784218749999 0.2169015078125 0.11139622499999999 0.2393449171875 0.1225173203125 0.25889076875 0.1269094421875 0.2579614125 0.1323865890625 0.241641603125 0.12103536562499999 0.2027722265625 0.113119025 0.1850750765625 0.1078714328125 0.1845009046875 0.10354320312500001 0.1887858234375
1 0.055178978125 0.21081128906250002 0.0545151859375 0.21937444843749998 0.0571969421875 0.2516555453125 0.062546875 0.264842115625 0.0669135546875 0.2698140375 0.0742164140625 0.248054290625 0.0703220421875 0.236525025 0.0672318703125 0.21415683593749998 0.06365676718749999 0.20733287968749997 0.0586517390625 0.20502284375 0.055178978125 0.21081128906250002
1 0 0.38369228906249997 0.0039571890625 0.3867346140625 0.0064342609375 0.393790909375 0.011196728125 0.3978368109375 0.0118859640625 0.3833723765625 0.0173761171875 0.38221068125 0.018193134375 0.3744573703125 0.0089101890625 0.3284121921875 0.0008151796875 0.31580646875 0 0.3163884234375 0 0.38369228906249997
1 0.06811507343749999 0.3546291078125 0.069034434375 0.3594881984375 0.0834496203125 0.37833703125 0.086833046875 0.3750943 0.08780329375 0.3681508359375 0.0857983359375 0.3424646953125 0.081571878125 0.32314450781250004 0.0758007125 0.3167852296875 0.068880634375 0.32246084375 0.06811507343749999 0.3546291078125
1 0.1293231953125 0.2978796515625 0.12579955 0.31547064687500004 0.1278938421875 0.338611075 0.1352996171875 0.365681234375 0.1394237328125 0.3723890203125 0.1420664671875 0.35919577343750003 0.1473140578125 0.35976994375000004 0.15214041875 0.3671714078125 0.15451515 0.361615303125 0.146994596875 0.34299213281249996 0.14887119843750002 0.3257496453125 0.14366148437499998 0.29821480624999996 0.1384393359375 0.2917393578125 0.1333449703125 0.2919750375 0.1293231953125 0.2978796515625
1 0.25840566875 0.2739353859375 0.25578837656250003 0.2812273578125 0.2552269265625 0.30240291875 0.26108799843749997 0.34243398593749996 0.2672803921875 0.3419659703125 0.26913155 0.330624759375 0.27832401562500003 0.3067806375 0.2719269390625 0.282023853125 0.26804538125 0.2735802 0.26249133750000003 0.2713863328125 0.25840566875 0.2739353859375
1 0.19916347968749998 0.3108966421875 0.21213630625 0.3553187828125 0.21871148125 0.33876663749999997 0.2177406640625 0.30949259375 0.21145836093749998 0.27628881875 0.20715557499999998 0.27467246093750003 0.20148675312500003 0.2809255828125 0.19916347968749998 0.3108966421875
1 0.3364941890625 0.30036795 0.350666815625 0.320952646875 0.35508438125 0.31412201562500003 0.34859796875 0.29191094375 0.3479974953125 0.2676121625 0.34453716874999996 0.252341215625 0.334195215625 0.252002721875 0.33106735781249996 0.26866770156249997 0.3364941890625 0.30036795
1 0.40229911874999996 0.2679139359375 0.40404850625 0.280177828125 0.41290965 0.29683279218749997 0.41630608281250003 0.30874817656250003 0.41966406718749993 0.31140672187499996 0.41878286875 0.29769571875 0.42268958124999995 0.2821293421875 0.41880802656249994 0.273685690625 0.4171734140625 0.2529748078125 0.41301084687499995 0.23701018281250003 0.4068438953125 0.23157692343749997 0.4021198765625 0.236787859375 0.40229911874999996 0.2679139359375
1 0.4639544875 0.23465341093749997 0.463686484375 0.242290553125 0.46565299062500004 0.25871985625 0.47021134531250003 0.27375846406250004 0.4810005453125 0.2975858921875 0.4842053046875 0.2994345890625 0.48599256874999996 0.284737815625 0.48504719218750003 0.249562496875 0.4828126828125 0.24077033593750002 0.47651794531249997 0.22862595156249998 0.47090000937500004 0.223076521875 0.4639544875 0.23465341093749997
1 0.5384673328125 0.218044515625 0.5368717453125 0.24280797812500002 0.5400895078125 0.2598147875 0.553227996875 0.2839873890625 0.5583862515625 0.28710727187499996 0.5566623078124999 0.268942103125 0.5694428859375 0.26708005468749996 0.5668125859375001 0.2592139109375 0.5630588140625 0.2574813828125 0.5552696859374999 0.21027785 0.546536328125 0.20033400937499998 0.5429103390625001 0.20531260625 0.5384673328125 0.218044515625
1 0.6162233859375 0.21254115312500002 0.6203475015625 0.2192489390625 0.6258891125 0.24250219843749998 0.637712453125 0.2627417265625 0.6401001890625 0.27234373437500004 0.6460245796875 0.2795128609375 0.6389122515625 0.23890428125000002 0.637035078125 0.21992926562499998 0.6399203734375 0.2050001515625 0.63735396875 0.20048957031249998 0.6237049140625001 0.1856899796875 0.6208835125000001 0.2039746546875 0.6162233859375 0.21254115312500002
1 0.7449739625 0.19287846875 0.7486898578125001 0.2215716640625 0.7583810265625 0.24563143125 0.7613302140625 0.2340578796875 0.7657223359375 0.2331285234375 0.7716467265625 0.24029764999999997 0.7717360625 0.23775193749999998 0.7633210187499999 0.17215089687500001 0.760448159375 0.16602061875000002 0.7528512796875 0.1651012765625 0.7497743078125 0.1699637046875 0.7449739625 0.19287846875
1 0.6935451984375 0.1987069703125 0.69184726875 0.21085803281249998 0.69387766875 0.230642896875 0.7021004625 0.24995974531249998 0.7055607875 0.2652306921875 0.716502640625 0.2536504640625 0.71279975625 0.240115384375 0.710781790625 0.199271128125 0.707296021875 0.1899014578125 0.703631584375 0.1856232171875 0.6993926890625 0.18736241874999998 0.6935451984375 0.1987069703125
1 0.8377190875 0.16398898906249998 0.8308883437500001 0.16711888749999998 0.8283603859375 0.1718651453125 0.8277604875 0.1837838671875 0.8325359609375 0.202987884375 0.8378220031250001 0.21281889375000002 0.84499765 0.22056552968749998 0.8592211609374999 0.22934767812499998 0.8547775812499999 0.2058620796875 0.8471038046875 0.1864290609375 0.8444350546875 0.169306078125 0.8377190875 0.16398898906249998
1 0.9156289390625 0.19551298125 0.9382030296874999 0.23032309999999998 0.9415480046875 0.21782353125 0.9344356765624999 0.177214953125 0.93549525625 0.16772577500000002 0.9270044593750001 0.15604606875 0.9188840078125 0.1493416203125 0.9114788062500001 0.15848896562499998 0.9156289390625 0.19551298125
1 0.9579184109375 0.34659606875 0.9692566265625 0.370307328125 0.9797902562499999 0.380712509375 0.9755637968749999 0.36139232187500003 0.9790874421875 0.34380132343750003 0.978959659375 0.3370902 0.9770373578125 0.3269302859375 0.9689620359375001 0.311410734375 0.97096641875 0.3008793703125 0.9585431796874999 0.2925585640625 0.9508315250000001 0.3000862125 0.9509338671875 0.3126986140625 0.9579184109375 0.34659606875
1 0.86395933125 0.311729865625 0.8585330734375001 0.3162471234375 0.8560435640625 0.33025021875 0.859657115625 0.3463310140625 0.8652496125000001 0.35778171875 0.8757832437499999 0.36818689843749997 0.89104089375 0.3733811453125 0.8961737062499999 0.3824023078125 0.8937220765625 0.369444734375 0.8870315515625 0.35822636874999997 0.8700623921874999 0.3138075640625 0.86395933125 0.311729865625
1 0.77500585625 0.31539120625 0.7729121375 0.3284682859375 0.7770492625000001 0.3503341859375 0.7816969546875 0.362827078125 0.799993696875 0.39011956406250003 0.8044497125 0.39254576874999997 0.8082289265625 0.3883770203125 0.8083437015625 0.3799300296875 0.8020489656249999 0.367785646875 0.797030928125 0.35031749375 0.795089865625 0.32798691562500004 0.7862926140625001 0.3146875140625 0.7811343578125001 0.31156762968749996 0.77500585625 0.31539120625
1 0.701834175 0.3662494046875 0.7032132171875001 0.37353803750000003 0.7179733078125 0.4032634046875 0.7227357750000001 0.40730930781249997 0.725327625 0.4059186125 0.7214715109375 0.391573684375 0.7229907734375 0.38451405 0.720104903125 0.363225659375 0.7218667265625001 0.3544301609375 0.7169634671875 0.32851501875 0.7103113921875 0.326553490625 0.70510225 0.3352361578125 0.701834175 0.3662494046875
1 0.626414403125 0.356939821875 0.6337054015625 0.392456971875 0.646116203125 0.42183716875000005 0.64814603125 0.40540452812499994 0.6573006203125 0.408521075 0.6587305484375 0.40400715781249996 0.6565599296875 0.3985705578125 0.650392978125 0.3931372984375 0.64760945 0.38446130625 0.6444810203125 0.3649087796875 0.6460257234375 0.35194787031249997 0.6397948796875 0.34315905 0.63549209375 0.341542690625 0.626414403125 0.356939821875
1 0.553931384375 0.3571160765625 0.5542892937499999 0.3831507265625 0.5567409249999999 0.396108296875 0.5642614765625 0.4147314671875 0.5700705187499999 0.39413007968749997 0.5734024843750001 0.36647239374999996 0.5707082953125 0.3552506890625 0.564349665625 0.3397507421875 0.55617833125 0.344848846875 0.553931384375 0.3571160765625
1 0.48919847031249997 0.3590215234375 0.485164259375 0.38598552812500003 0.49689826249999997 0.4087707703125 0.5077383484375 0.420795646875 0.5098196328125 0.42877795937499996 0.5116068984375 0.4140811828125 0.50453301875 0.38272944375 0.5034728671875001 0.356001115625 0.499655203125 0.3509130265625 0.49510985312500005 0.351032534375 0.48919847031249997 0.3590215234375
1 0.4234828765625 0.3889298234375 0.4269432015625 0.40420076875 0.4383707515625 0.425366315625 0.44658053906250006 0.4295250484375 0.44956817656250003 0.42720833437500005 0.441409275 0.41124704999999995 0.44146015937499994 0.399444496875 0.43837017968750003 0.389148809375 0.43716980781250003 0.376768746875 0.43978710000000004 0.369476775 0.43788448437499994 0.356403034375 0.426112603125 0.360578459375 0.4227676265625 0.373078028125 0.4234828765625 0.3889298234375
1 0.343083515625 0.3714089265625 0.34245817500000003 0.389228925 0.3455227125 0.40542588906250004 0.355124546875 0.43203137031249994 0.36116371406250003 0.43075350781250005 0.3621339609375 0.4238100421875 0.3584565171875 0.40437368593749995 0.360971465625 0.384469315625 0.364022996875 0.3855081640625 0.361137128125 0.364219771875 0.35319534531249996 0.35242389687500003 0.3486499984375 0.3525434015625 0.343083515625 0.3714089265625
1 0.276116665625 0.40073971718749996 0.2774578296875 0.4349890171875 0.29011119375 0.46263335000000005 0.2939543015625 0.4618201625 0.2971200359375 0.4181945171875 0.290837734375 0.3849907390625 0.2838792046875 0.38140951562500003 0.27979353906250004 0.3839585671875 0.276116665625 0.40073971718749996
1 0.20890725156249998 0.431806375 0.21896876875000001 0.46084139999999996 0.227165546875 0.4498420203125 0.22910603749999997 0.43595509374999997 0.22318107656250002 0.3925684625 0.21463939375000002 0.3926913078125 0.21250722500000002 0.3965115484375 0.20890725156249998 0.431806375
1 0.1424634 0.430704765625 0.1444299078125 0.4471340671875 0.153265609375 0.4696903109375 0.1561769203125 0.48507742499999995 0.1565981515625 0.47825013125 0.16797424218749998 0.47500072343750005 0.1686125921875 0.472338840625 0.1625858609375 0.4525573140625 0.1560479890625 0.4059312890625 0.15137485625 0.399339671875 0.14502923437499998 0.398997840625 0.1424634 0.430704765625
1 0.08472689375 0.4092307703125 0.0790071859375 0.42728644375 0.08113992812500001 0.45968370937499997 0.095197778125 0.4887153984375 0.097968296875 0.482233275 0.098529746875 0.46105771406249996 0.0969075703125 0.41928744218749997 0.0914683046875 0.4086465828125 0.0882635453125 0.4067978859375 0.08472689375 0.4092307703125
1 0.027274259375 0.5763652718750001 0.0269808125 0.589903690625 0.0313350578125 0.6159350015625 0.0439245328125 0.6402237703125 0.046784384375 0.6311959328125 0.0414723296875 0.59104869375 0.043387378125 0.5830630421875 0.040999640625 0.573461034375 0.035139143750000004 0.5696474734375 0.0298022171875 0.571619015625 0.027274259375 0.5763652718750001
1 0.09508471874999999 0.605814903125 0.10675482968750001 0.6252445859375 0.10999803749999999 0.63635011875 0.11361101874999999 0.616213409375 0.11827114218749998 0.6076469109375 0.1176706703125 0.583348128125 0.11298452968749999 0.561598396875 0.10554087812499999 0.561488903125 0.10088075156250001 0.5700554 0.09508471874999999 0.605814903125
1 0.160965975 0.5556570609375 0.1614132203125 0.579145996875 0.17436060312499999 0.6294694171875 0.1820083671875 0.6185862046875 0.186259696875 0.5957876109375 0.18398673593749998 0.5777386124999999 0.176095840625 0.55414018125 0.1683711765625 0.546509715625 0.163583265625 0.548365090625 0.160965975 0.5556570609375
1 0.2307039171875 0.556061653125 0.2331046625 0.5808217765625 0.24431509375 0.5978219109375 0.25165640312500004 0.5853190046875001 0.2499194515625 0.551995721875 0.2442376203125 0.5430907296874999 0.23727909062500002 0.5395095046875 0.2307039171875 0.556061653125
1 0.3060976734375 0.5350550078125 0.3097242328125 0.5662939171875 0.32133045312499997 0.5823680343750001 0.32831442499999997 0.58004798125 0.3314937390625 0.58779795625 0.33005080468750003 0.577153759375 0.326016021875 0.567900259375 0.32321948749999996 0.5440661546875 0.31737142500000004 0.5191931984375 0.30876585 0.5159604828125001 0.3060976734375 0.5350550078125
1 0.368353515625 0.5260932656249999 0.3677281734375 0.543913265625 0.372720765625 0.56728269375 0.375989415625 0.5724869515625 0.38336917656249997 0.5692408828125 0.385207325 0.54274155625 0.3833940453125 0.5271221015625 0.38493875 0.5141611937499999 0.382921359375 0.5095344421875 0.3784014515625 0.5037526734375 0.37361354062499996 0.505608046875 0.368353515625 0.5260932656249999
1 0.43290718593750005 0.49306174374999995 0.4301366671875 0.49954386875 0.430239009375 0.51215626875 0.434771925 0.5330961515625 0.4447949890625 0.5528743390625 0.45331122968750004 0.5586527703125 0.461559465625 0.5720683421875 0.4616742453125 0.5636213515625 0.45290243593749996 0.5444206734375 0.454357803125 0.534005478125 0.4423173453125 0.5096005406249999 0.4386144578125 0.496065459375 0.43290718593750005 0.49306174374999995
1 0.496235615625 0.489768940625 0.5027859218749999 0.5153355734375 0.5061184625 0.5238953953125 0.517418228125 0.5383498171875 0.5273898375 0.533713053125 0.51769866875 0.509653284375 0.5044069515625 0.48467083750000006 0.4972058625 0.482825478125 0.496235615625 0.489768940625
1 0.568922746875 0.47859998125000003 0.5692806578125 0.5046346296875 0.567123046875 0.5143561453125 0.5684381953125001 0.5182892171875 0.5765586484375 0.524993665625 0.5846282140625 0.543500665625 0.58794775 0.536902371875 0.590130803125 0.5212795796874999 0.582009778125 0.4783576265625 0.575536371875 0.4713046703125 0.5712974765625 0.47304387343750004 0.568922746875 0.47859998125000003
1 0.6445726453125 0.5072330875 0.65086738125 0.519377471875 0.674041371875 0.54226886875 0.6786760546874999 0.5396036468750001 0.676160534375 0.5232905156250001 0.6741431421875 0.518663765625 0.6687423234375001 0.517279746875 0.6647714312499999 0.51138180625 0.658335903125 0.47736818437500006 0.6535095453124999 0.46996672031250003 0.655488484375 0.46533663125 0.64529975625 0.46580798437500004 0.6397841625 0.4728709578125 0.6445726453125 0.5072330875
1 0.712573634375 0.4743143953125 0.719890075 0.5039302703125 0.7287512171875 0.5205852359375001 0.73842938125 0.5294868890625 0.74448155625 0.543367140625 0.74536246875 0.5389693921875 0.7403953171875 0.5096986859375 0.7488092140625 0.502864715625 0.7367817624999999 0.49361789062500006 0.731036040625 0.4813573390625 0.732338184375 0.47013229531249995 0.7355683828124999 0.4660797171875 0.719455265625 0.4593819453125 0.7134799890625 0.46401537187499997 0.712573634375 0.4743143953125
1 0.7922323015625 0.481884775 0.797224896875 0.505254203125 0.8139895625 0.5365207062499999 0.81678590625 0.5482823109375 0.8190713000000001 0.5452719187499999 0.8185731703125001 0.5335855375 0.8215223578125 0.522011984375 0.8284424359375 0.516336371875 0.8271272890624999 0.5124033 0.8158020796875001 0.50385015625 0.808306971875 0.479325709375 0.8079620656250001 0.46844917500000005 0.8019483421875 0.46382576093749994 0.7933173250000001 0.4664943234375 0.7922323015625 0.481884775
1 0.8846709734375 0.45137559843749997 0.8790914875 0.4550830078125 0.879015159375 0.4727868359375 0.886995390625 0.49383955156250003 0.91988599375 0.5348894390625001 0.9217756015624999 0.5328050671875 0.9139740375000001 0.5066609234375 0.913169453125 0.49335484531249996 0.9010227000000001 0.4754298046875 0.8924849703125 0.45646035156250003 0.8846709734375 0.45137559843749997
1 0.9840048546875 0.4573095921875 0.990363484375 0.47280953906249995 0.9970946484375001 0.48193234687500003 0.9973565499999999 0.43691548906250005 0.997257546875 0.43681769531250003 0.985447215625 0.4317362828125 0.98197445625 0.4375247265625 0.9840048546875 0.4573095921875
1 0.9230788875 0.5940150328125 0.913528509375 0.5918245046874999 0.9088044906249999 0.597035440625 0.9106816640625001 0.6160104578125 0.918176771875 0.640534903125 0.9353370359375001 0.6588028875 0.948270840625 0.6577506859375 0.9500072218750001 0.6548564640625 0.9452701953125 0.644909284375 0.9404562703125 0.616448428125 0.9326422734375001 0.611363678125 0.9295522937499999 0.601067990625 0.9230788875 0.5940150328125
1 0.8012359546875001 0.6290614953125 0.8058327609375 0.6533569421875 0.8130468578125001 0.670360415625 0.824014728125 0.689096415625 0.8301177875000001 0.6911741140625 0.8338331109375 0.683649803125 0.8280260984375 0.6710653093750001 0.8200941500000001 0.6351784203124999 0.8203621546875001 0.627541278125 0.8081175828125 0.6141290453125 0.802933884375 0.616910434375 0.8012359546875001 0.6290614953125
1 0.7227392109374999 0.6246143390625 0.7251399546874999 0.6493744640625 0.7285363890625 0.6612898453125 0.7391084703125 0.680951865625 0.75504291875 0.692741065625 0.7583370125 0.69204405 0.7414696203125 0.624020140625 0.733681065625 0.6130341125000001 0.726479975 0.611188753125 0.7227392109374999 0.6246143390625
1 0.6647222640625 0.6318368765625 0.661900859375 0.650121553125 0.6559640359375 0.6640118171875 0.6574324125000001 0.6687547359375 0.6679914859375 0.6732586421875 0.6761888359375 0.6984767656249999 0.683185815625 0.711314828125 0.6826746796875 0.6844703328125 0.6891859609375001 0.6645626203125 0.6870407859375 0.653224746875 0.6765580375 0.6310170140625 0.671093328125 0.6262774328125 0.6647222640625 0.6318368765625
1 0.5823954203125 0.6433610234375 0.5811571703125 0.6579416265625 0.5894184140625 0.6865153140625 0.606949025 0.7097585578125 0.615261153125 0.7265296921875 0.6164739609375001 0.7178503625 0.6082636031249999 0.6774741234375 0.5964018140625 0.64797775625 0.5910264375 0.6406924609375 0.5823954203125 0.6433610234375
1 0.5216972906249999 0.6545199687500001 0.521339953125 0.6647028234375 0.52670289375 0.693047509375 0.5371856390625 0.7152552437499999 0.5405566296875 0.733071903125 0.5436460390625 0.707150084375 0.5488297359375001 0.70436869375 0.5365337109375 0.66654150625 0.53686560625 0.6622599250000001 0.5293196124999999 0.6495380328125 0.5269703234375 0.6491928609375 0.5216972906249999 0.6545199687500001
1 0.4474400140625 0.6845511125 0.4516540390625 0.7249306890625 0.4613960921875 0.7371879078125 0.4659290078125 0.7581277890625 0.47010400937499996 0.7530330249999999 0.4725550671875 0.729773090625 0.48024128125 0.7281467171875 0.4719037109375 0.7172768578125 0.4608589421875 0.6800271796875 0.4563390359375 0.6742454109375 0.44984018593749997 0.67309373125 0.4474400140625 0.6845511125
1 0.3863212265625 0.7387548578125 0.3953740453125 0.765476509375 0.40348149062500005 0.75702284375 0.399394678125 0.687136884375 0.39707083125 0.6808904390625 0.3862437546875 0.6840236765625 0.38311589687500003 0.7006886546875 0.3863212265625 0.7387548578125
1 0.31766830625 0.722959815625 0.32659334218749997 0.742970340625 0.335479928125 0.75372403125 0.3425023484375 0.7606608171875 0.35064824375 0.7614639890625 0.350520459375 0.7547528640625 0.3474050359375 0.7503584546875001 0.3513629203125 0.7410982765624999 0.3446469515625 0.7357811875 0.32205985625 0.685812953125 0.318459309375 0.6848902734375 0.312943715625 0.69195324375 0.31766830625 0.722959815625
1 0.240039465625 0.6989567937500001 0.2376647359375 0.7045129 0.238929 0.7202485234375 0.24410026562499998 0.7385265249999999 0.24475162187500002 0.7510227546875 0.261873434375 0.7600339015625 0.26821905625000003 0.7603757328125 0.2698022109375 0.7566716625 0.26777181250000004 0.7368867984375 0.2532542828125 0.7054255656249999 0.24552961875 0.6977951 0.240039465625 0.6989567937500001
1 0.17612414375000002 0.729326434375 0.17747774375 0.74251634375 0.1840280484375 0.7680829765625 0.20100964375000002 0.791442390625 0.20086885156249998 0.76957315 0.1920455859375 0.72595751875 0.1855721796875 0.7189045625 0.1791372234375 0.72110844375 0.17612414375000002 0.729326434375
1 0.11390675312500001 0.7475450109375 0.1186313421875 0.7785515828125 0.132778528125 0.80503755625 0.13788532656250002 0.7837424890625 0.1266104296875 0.7271692859375001 0.12239697812500001 0.7230072140625 0.11532367187499999 0.7278729796875 0.11390675312500001 0.7475450109375
1 0.0556726875 0.7506021375 0.054102540624999994 0.7694643234375 0.057665209375000005 0.7973476703125 0.06014228125 0.8044039640625 0.0661560046875 0.8090273765625 0.070241675 0.8064783249999999 0.0754762578125 0.79189438125 0.0681468125 0.7471203921875 0.06323111718749999 0.742264640625 0.058838995312499996 0.743193996875 0.0556726875 0.7506021375
1 0.9373437125 0.7931415453125 0.9503419796875001 0.8316624109375 0.9575815203125 0.8427646078125001 0.9663403203125001 0.8468071734375 0.9726729375 0.831990890625 0.9716003484375 0.826321953125 0.95035384375 0.7743855140625 0.94473590625 0.7688360859375 0.9357091000000001 0.7724306624999999 0.9373437125 0.7931415453125
1 0.8482878921875001 0.784190484375 0.8418783796874999 0.7804930921875 0.8351115265625 0.7869785515625 0.834511628125 0.7988972750000001 0.8369632578124999 0.8118548453125 0.8409087062499999 0.823654059375 0.8479950203125 0.833946409375 0.8639294671875 0.8457356078125 0.8656658484375 0.8428413859375 0.8740543046875 0.8419086921875 0.8702620828125 0.8309193265625 0.8621416312499999 0.824214878125 0.85413595625 0.809063440625 0.8482878921875001 0.784190484375
1 0.7480991171875 0.8129704703125 0.75089565 0.836804578125 0.752517253125 0.8423573453125 0.764519259375 0.8575054453125001 0.7794450140625 0.8669812703125 0.7797130171875 0.8593441281249999 0.7863905359375 0.85540438125 0.787271446875 0.85100663125 0.78369634375 0.8441826750000001 0.7753333312499999 0.8392140921875001 0.7698556140624999 0.8193163984374999 0.769689378125 0.803348434375 0.7587599593750001 0.793869271875 0.7510737453125 0.79549564375 0.7480991171875 0.8129704703125
1 0.6917936796874999 0.85941756875 0.6993651171875 0.866238184375 0.7033614484374999 0.8662348468750001 0.7145973234375 0.8773337046874999 0.7173932859375001 0.8649503062499999 0.7148138687500001 0.8452816109375 0.700807478125 0.8406648750000001 0.6799567609375 0.78780241875 0.672590009375 0.8062066031249999 0.6806471390625 0.8457729953124999 0.6917936796874999 0.85941756875
1 0.6132579125000001 0.80949606875 0.6133348125 0.82800974375 0.6191828765625 0.8528827 0.6338151843750001 0.8758969421874999 0.636202921875 0.88549895 0.6404418171875 0.8837597468749999 0.6363046906250001 0.8618938453125 0.6425734125 0.8437220015625 0.6338654953125 0.8278768843750001 0.6351421968750001 0.8225531171875 0.6208802343750001 0.8045141328125001 0.6163348859375 0.8046336390625 0.6132579125000001 0.80949606875
1 0.5574115843749999 0.8221552015625001 0.5530194640625 0.8230845578125001 0.55316025625 0.844953796875 0.5576292781250001 0.8625381187500001 0.5798969140625 0.895728540625 0.5818249703125 0.9029010046874999 0.5808926 0.8828838015624999 0.5782623015625 0.8750176578125 0.5792325484374999 0.8680741953125001 0.5755551031249999 0.8486378390624999 0.5683794546875001 0.8408912046875001 0.564983021875 0.8289758218750001 0.5574115843749999 0.8221552015625001
1 0.4861798234375 0.82290896875 0.48316674531250003 0.8311269578125 0.48712520000000004 0.8580842859375 0.4912238765625 0.8706933484375 0.49977856562499995 0.8857286156249999 0.5205648171874999 0.8990180062500001 0.520156021875 0.8847859078125 0.5220456296875 0.882701534375 0.520577253125 0.877958615625 0.4969305765625 0.8374795578124999 0.496253775 0.8308846046875 0.4861798234375 0.82290896875
1 0.39723935625 0.8417284234375 0.3970098015625 0.8586224031249999 0.4039304546875 0.8891642953125001 0.418830765625 0.9045413968749999 0.4241168046875 0.9143724046875 0.4242315828125 0.9059254156250001 0.4173748234375 0.8787390859374999 0.40859000625 0.8443802921874999 0.4018740375 0.8390632015625 0.39723935625 0.8417284234375
1 0.336170878125 0.8479121093750001 0.3366690109375 0.8595984937500001 0.3429643203125 0.9079603828125 0.349527059375 0.912467625 0.35224669375 0.9177880546875 0.35605135 0.9077180296874999 0.3534719359375 0.888049334375 0.3546208515625 0.8760144437499999 0.3470234 0.838877596875 0.3428099484375 0.834715525 0.338724278125 0.8372645765625 0.336170878125 0.8479121093750001
1 0.27073572343749996 0.8491238765625001 0.2689739015625 0.857919378125 0.274119721875 0.8820986515625 0.28264896875 0.9030351968750001 0.2891223765625 0.9100881515625 0.2929784890625 0.9244330812499999 0.29754928125 0.9184122984374999 0.2966808046875 0.9017506578125 0.3011622609375 0.8982755875 0.28875145625 0.8688953906249999 0.2785751640625 0.8483073531249999 0.2746681640625 0.8457649765624999 0.27073572343749996 0.8491238765625001
1 0.20292641093750002 0.89210925625 0.20908092812499998 0.9186019062499999 0.2225513125 0.9384929265625 0.22459414687499998 0.9372184000000001 0.2248621515625 0.929581259375 0.23199934843749997 0.9280710546875 0.2208398015625 0.8992683671874999 0.2137659234375 0.8679166265625 0.20720318125 0.8634093843749999 0.2027217265625 0.8668844546875001 0.20292641093750002 0.89210925625
1 0.1405552203125 0.87330048125 0.142968971875 0.9132187203125 0.14768055625 0.9290671734375 0.1527749203125 0.9288314968750001 0.1591335484375 0.94433144375 0.1642024703125 0.9499970421875 0.166909096875 0.94015935625 0.1576515921875 0.8882129031250001 0.1533742484375 0.88069526875 0.15168875312500002 0.8717869390624999 0.148420103125 0.8665826796875 0.143083178125 0.8685542234374999 0.1405552203125 0.87330048125
1 0.079946425 0.8819137125 0.074239153125 0.8789099968749999 0.06863422500000001 0.8885186828125 0.06574651718749999 0.912488675 0.0680201125 0.9245052812500001 0.07481475625 0.9453275624999999 0.081811734375 0.9581656265625 0.0828074234375 0.9453208859375 0.087135653125 0.9410359671874999 0.0882591265625 0.9349023531249999 0.079946425 0.8819137125
1 0.012818906250000001 0.43960708437499996 0.0177221640625 0.46552222656250003 0.034895435937500004 0.4989483265625 0.0328644640625 0.4429459578125 0.02879123125 0.42443561875 0.0244245515625 0.41946369843750003 0.016891565625 0.42189991875 0.012818906250000001 0.43960708437499996