1 0.088507221875 0 0.0896312546875 0.007689553125 0.100825078125 0.013402271875 0.11178915781250001 0.01551861875 0.12521139375 0.0162289640625 0.145188709375 0.0131899796875 0.15248084374999998 0.0043593468750000005 0.15117594843749999 0 0.088507221875 0
1 0.0712488140625 0.0722566390625 0.08699042031250001 0.07769801093749999 0.10332166875 0.07907434218750001 0.1177844046875 0.0777916328125 0.148340021875 0.0691681125 0.1485611375 0.067643725 0.13513890312500002 0.066933378125 0.12118347812500001 0.059538410937499994 0.10888407656250002 0.06144764375 0.08509602968749999 0.059676675 0.07354230625 0.061625370312500004 0.065946725 0.067367759375 0.0712488140625 0.0722566390625
1 0.05911800625 0.12998615 0.0708363921875 0.13726272343749998 0.1020075296875 0.1399364609375 0.131964878125 0.1302572171875 0.12046760781250002 0.121456253125 0.11397760625 0.1195766890625 0.0802746078125 0.1188170828125 0.06186235624999999 0.121426865625 0.057544315624999995 0.1252945875 0.05911800625 0.12998615
1 0.0666783203125 0.1918299609375 0.061835712499999994 0.19413382968749998 0.060500392187499995 0.19815940625 0.06938346875 0.20426186406250002 0.0802001390625 0.2073944703125 0.104881275 0.20818864218750002 0.1376653046875 0.1945627515625 0.1200638125 0.1915831015625 0.11386863124999999 0.18767101875 0.1149828375 0.1851698296875 0.107526040625 0.18477519375 0.078010925 0.19140565625 0.075249321875 0.1897234109375 0.0666783203125 0.1918299609375
1 0.041077448437500004 0.26471955 0.0475674515625 0.2665991125 0.06911845625 0.268251690625 0.07828773125 0.2672008640625 0.1121208875 0.2567026796875 0.11047348906250001 0.2525192484375 0.10241842500000001 0.2510688875 0.0722227078125 0.2520309890625 0.0432235296875 0.255104540625 0.0371930125 0.26041772500000004 0.041077448437500004 0.26471955
1 0.040352953125 0.3215166234375 0.0364120640625 0.3279644609375 0.038805140625 0.33218735625 0.048130450000000005 0.33524103437499997 0.0593156453125 0.335832990625 0.07683480625 0.3342000046875 0.08533210625 0.3326015859375 0.110438221875 0.32010544687500003 0.0952125515625 0.311107165625 0.0787338921875 0.31074709375 0.064050040625 0.31355419375000004 0.0556350734375 0.3197652484375 0.040352953125 0.3215166234375
1 0.048004221875 0.39309383593749997 0.0587471859375 0.39673456875 0.0767172046875 0.39717356875 0.1087555546875 0.3835082125 0.1083784015625 0.3809281 0.09662238125 0.3808179640625 0.0836886390625 0.37501316406249996 0.058344154687500004 0.37879216250000003 0.055508846875 0.3776180484375 0.04403745625 0.3841793765625 0.0441934921875 0.3882838796875 0.048004221875 0.39309383593749997
1 0.0396363171875 0.471503721875 0.0497810125 0.47408873281249997 0.065587696875 0.47390121093750004 0.08116464062499999 0.47011731562500003 0.0957661609375 0.46269757968749997 0.087407646875 0.458158975 0.0687656546875 0.4571723828125 0.04305264375 0.46349203125000005 0.0396276921875 0.4663829578125 0.0396363171875 0.471503721875
1 0.036774367187500004 0.5430365703125 0.05504783125 0.5465638140625 0.068535146875 0.5416452640625 0.08307158906249999 0.5398544234375 0.07843284687499999 0.530392371875 0.085651275 0.522069871875 0.033470948437499995 0.5295489421874999 0.021622403125000002 0.5335301578125 0.024687453125 0.538300646875 0.036774367187500004 0.5430365703125
1 0.0283805828125 0.6060841640625 0.0369602140625 0.609098378125 0.06223961875 0.6109482734375 0.08072557500000001 0.6078303609375 0.08899313125 0.60263556875 0.0958516609375 0.60197448125 0.075488565625 0.5973125859375 0.06944079375 0.5923842421875001 0.050274239062500004 0.589833796875 0.0264297375 0.5988124874999999 0.025020710937500003 0.6033461953125 0.0283805828125 0.6060841640625
1 0.021330746875 0.6702269453125 0.025288889062499997 0.6740206375 0.0412516109375 0.6779376187499999 0.0713649953125 0.6723628828125 0.0775429234375 0.6660334359375 0.08871949375 0.6615046296875 0.06880725625 0.65891471875 0.050247595312500004 0.662540759375 0.0369727703125 0.660814153125 0.028475471875000002 0.6624125750000001 0.0226660703125 0.66620136875 0.021330746875 0.6702269453125
1 0.048950706249999996 0.7336444046875 0.0687069078125 0.7321298109375001 0.0766710171875 0.7238467734375 0.08538943125000001 0.7207239640624999 0.0783748671875 0.7172805453125 0.0204329609375 0.7126779875 0.013058496875 0.716895984375 0.011879210937499999 0.725026065625 0.048950706249999996 0.7336444046875
1 0.0263717578125 0.785700659375 0.0409905296875 0.7885224531249999 0.057911421875 0.7858337468750001 0.0718582203125 0.7881079453125001 0.058787260937499995 0.7746154187500001 0.0460283734375 0.769331903125 0.010834015625 0.76849336875 0.006515971875 0.772361090625 0.008237075 0.7760363921875 0.0263717578125 0.785700659375
1 0 0.8462981140625001 0.002466109375 0.8469032562500001 0.0272209515625 0.8471892999999999 0.06425794375 0.8353245796875 0.0272601515625 0.826198109375 0.0204753296875 0.826351065625 0.0115357984375 0.8309982671875 0 0.832668 0 0.8462981140625001
1 0 0.8863716890625 0.001789440625 0.887829909375 0.020440059375 0.8939372656250001 0.03572218125 0.892185890625 0.05412580625 0.8844553421875 0.0633687828125 0.8828963859375 0.057992990625 0.8785156359374999 0.0244374015625 0.8767397703125 0.01533320625 0.8721617015625001 0.011457398437499999 0.8729806437500001 0 0.8783656000000001 0 0.8863716890625
1 0.2320527578125 0 0.2289000765625 0.0007232296875 0.2181743671875 0.007324021875 0.2175847234375 0.0113890625 0.2208708875 0.014635162500000002 0.22937681406250002 0.01815750625 0.24570806250000002 0.0195338375 0.27418267812499997 0.014896432812499999 0.2922828546875 0.00407764375 0.2835846421875 0 0.2320527578125 0
1 0.20816769062499998 0.08667124375 0.218984359375 0.0898038484375 0.24284611093750003 0.0910666859375 0.2654289921875 0.0856054421875 0.27123839375 0.081816646875 0.2657888921875 0.077944028125 0.26189583125000004 0.0685214390625 0.2542916234375 0.06914306406250001 0.24684345312499997 0.073869190625 0.22216231562500002 0.07307501875 0.2164179953125 0.0712349203125 0.205462540625 0.0742393375 0.203832396875 0.0802974359375 0.20816769062499998 0.08667124375
1 0.2038794578125 0.15249626875 0.2126065 0.154494225 0.2425811 0.1550565109375 0.24966074374999997 0.152871034375 0.2676307625 0.15331003125 0.2678346265625 0.1415441125 0.26178685625 0.1366157703125 0.2048203765625 0.1356490484375 0.1947580125 0.1376766703125 0.19566835625 0.1469414046875 0.2038794578125 0.15249626875
1 0.187036203125 0.20127185937499997 0.18533235312500002 0.20783808593750003 0.1908555609375 0.211202575 0.20114766562500003 0.2127713296875 0.220830159375 0.2117648640625 0.22932745781250002 0.2101664453125 0.2435518265625 0.20016659374999998 0.2560723453125 0.196732971875 0.220353421875 0.19433058593750002 0.20626784062499998 0.1981934109375 0.1919525140625 0.1984598609375 0.187036203125 0.20127185937499997
1 0.1655150078125 0.2615765859375 0.1559858328125 0.270288825 0.157034959375 0.2734165359375 0.1662128609375 0.2774864734375 0.1993175890625 0.27719035625 0.22129357500000002 0.265552621875 0.22754520781249998 0.2587150484375 0.21599148437500001 0.26066374375 0.20286407187500002 0.25792087656249996 0.1966038140625 0.2596376859375 0.1795268859375 0.2582218921875 0.1655150078125 0.2615765859375
1 0.1465162796875 0.40291567656250005 0.161217384375 0.41035010468750005 0.184398534375 0.405944584375 0.19415745 0.40082871875 0.20211293281249998 0.387424915625 0.208373190625 0.3857081046875 0.20859430625000003 0.3841837125 0.1989004703125 0.3836706859375 0.18280759062500002 0.39101149375 0.1473270375 0.3973262453125 0.1465162796875 0.40291567656250005
1 0.1600474890625 0.3355316921875 0.1777226875 0.3380032125 0.1953892578125 0.3353539671875 0.22065141093750001 0.3269623328125 0.2144476046875 0.317929484375 0.18835744062499998 0.3216690203125 0.18119546250000002 0.31924186250000003 0.1601039421875 0.324782034375 0.1562367578125 0.330721740625 0.1600474890625 0.3355316921875
1 0.15119345625 0.47945579531250004 0.167672115625 0.4798158671875 0.194581665625 0.47560766406250005 0.22013863906250003 0.4651835109375 0.20955171250000001 0.46564727968749997 0.1898605921875 0.46153298125 0.16422128593750002 0.46734449843750003 0.148267190625 0.46854828125000003 0.1432034703125 0.472376540625 0.14328580156249998 0.47698917500000004 0.15119345625 0.47945579531250004
1 0.13744113125 0.5483641687499999 0.16518731874999998 0.5539288296875 0.17935523281250002 0.5546786390625 0.1807642609375 0.55014493125 0.185680571875 0.547332934375 0.20304369375000003 0.54159544375 0.21594136718749998 0.5407419359375 0.194906296875 0.53553245 0.15680292499999998 0.53402793125 0.13660449218749998 0.5385913062500001 0.13422866875 0.5446099390625 0.13744113125 0.5483641687499999
1 0.1410605546875 0.6166558156249999 0.1549336484375 0.6194381453125 0.1752144109375 0.6194874046875001 0.187284071875 0.6139818 0.19553437499999998 0.5985454765625 0.1902409109375 0.5987773609375 0.1803345859375 0.6049094859374999 0.16833000468749998 0.6047861984375 0.1648964265625 0.6025563609375 0.15199875624999998 0.6034098671875 0.14655788125 0.6046580125000001 0.139781684375 0.609931734375 0.1410605546875 0.6166558156249999
1 0.14944887812500002 0.683151725 0.16309222968749998 0.68233768125 0.18537166249999998 0.6737881921875 0.190426759375 0.6648391703125001 0.1700722875 0.6652980390625001 0.16110687968749998 0.654582946875 0.15739573281250002 0.66462715625 0.153298809375 0.666970490625 0.14338385625 0.66798185 0.136009390625 0.6721998484375 0.1317650546875 0.6755594406250001 0.13319133593750002 0.6812672625 0.14944887812500002 0.683151725
1 0.1259768359375 0.736184775 0.150961421875 0.7400671921875001 0.1719878640625 0.7401559140625 0.1923337078125 0.7345762796875001 0.19292335 0.7305112390625 0.1806066953125 0.722178940625 0.14355245 0.72380213125 0.1258121734375 0.7269595062499999 0.12365746562499999 0.73145375 0.1259768359375 0.736184775
1 0.1296354609375 0.7834852359375 0.1367974375 0.78591239375 0.1654367140625 0.79050025625 0.17848179687500002 0.7886304890625 0.1841437859375 0.7858579531250001 0.1677215796875 0.7747482234375 0.156563828125 0.7756938124999999 0.136329325 0.7735988796875 0.1293233875 0.775276228125 0.125751025 0.7791834125 0.1296354609375 0.7834852359375
1 0.1166201890625 0.8473123046875 0.128338575 0.85458888125 0.138262153125 0.8586982828125 0.153847721875 0.8600351515625 0.166368240625 0.8566015296874999 0.16710529375 0.851520228125 0.15060938125 0.840918628125 0.14761803906249998 0.835640009375 0.1223386296875 0.8337901140625 0.11593096249999998 0.8365231828124999 0.11362884375 0.8420336875000001 0.1166201890625 0.8473123046875
1 0.1253684125 0.9061467999999999 0.15646584531250002 0.9093286656249999 0.15966968125 0.9079621296875 0.1501883328125 0.9008039484375001 0.1503271171875 0.8946669234375 0.13757685625 0.8945041703125 0.1085604265625 0.8873361921875 0.0995385640625 0.88737075625 0.0976873046875 0.8949532453125 0.1019488921875 0.9018351828125001 0.1253684125 0.9061467999999999
1 0.21171591875 0.8651458390625001 0.2264083984375 0.8674595015625 0.2390935796875 0.87325115 0.2589971921875 0.8707202953125 0.2648802984375 0.8664233687499999 0.271738825 0.8657622828125 0.276728840625 0.8624421546875001 0.26449451874999996 0.8587224906250001 0.265231571875 0.8536411906250001 0.258815275 0.8512534984375 0.21623782500000002 0.849512196875 0.20282421562500003 0.8539226140625 0.20432420156250003 0.85912230625 0.21171591875 0.8651458390625001
1 0.1980851265625 0.9176756562499999 0.20502598593750002 0.9216272046875 0.236942803125 0.924340403125 0.246471978125 0.9156281625 0.26613721875 0.9043801703125001 0.24861805937499998 0.9060131546875001 0.2270670515625 0.9043605781249999 0.20381219687500002 0.9092742296875 0.1986747703125 0.9136106156249999 0.1980851265625 0.9176756562499999
1 0.25754109999999997 0.8030551687499999 0.2620151796875 0.8032919515625 0.2828032546875 0.7946635359374999 0.28108215312499996 0.790988234375 0.2754115359375 0.788640003125 0.2526639921875 0.7848759796875 0.234693971875 0.7844369796875 0.2273932125 0.7881468484374999 0.230089734375 0.7954579875000001 0.25754109999999997 0.8030551687499999
1 0.228052628125 0.7369786656249999 0.2420817578125 0.7438655 0.2626659703125 0.7470030046875 0.2883139015625 0.7463122484375 0.2953935484375 0.744126771875 0.28487169843750004 0.738961646875 0.28702640625 0.734467403125 0.2949254375 0.7318132609375 0.2908935890625 0.728527696875 0.27248133750000003 0.731137478125 0.2582310921875 0.7257750359374999 0.23287798125 0.72443326875 0.225650928125 0.72763500625 0.2242418984375 0.7321687140625001 0.228052628125 0.7369786656249999
1 0.2482823984375 0.61823408125 0.2537319 0.6221067031249999 0.27178425 0.6271583359374999 0.308101440625 0.630616446875 0.30965787968749997 0.6250664796875001 0.30047998125 0.620996540625 0.2828612359375 0.6077753625 0.2595240484375 0.6080763796875 0.2510267484375 0.6096747984374999 0.24738068281249997 0.6140901140625 0.2482823984375 0.61823408125
1 0.261357290625 0.6783216171875 0.3037049984375 0.6764665437499999 0.29153575468750004 0.6671179875 0.2660266078125 0.6616717171875 0.2354537375 0.6600537046875 0.23270075937499998 0.6634922249999999 0.236290375 0.66982656875 0.261357290625 0.6783216171875
1 0.29574635 0.5552060796875 0.3179520796875 0.547164721875 0.3134693734375 0.541807175 0.29229551875 0.5427347124999999 0.271186746875 0.5380333546875 0.256945125 0.5377916734375 0.25338138906249996 0.5468196265625 0.2667385453125 0.553158865625 0.29574635 0.5552060796875
1 0.2886282703125 0.49031348750000003 0.299739759375 0.4914135734375 0.31688176874999996 0.487200475 0.328214375 0.48677616874999996 0.33156562031250003 0.4843933734375 0.3194830203125 0.4822178328125 0.30731809062500004 0.47542965625000005 0.298820790625 0.4770280765625 0.28047361875 0.47400896406250004 0.2654126125 0.4742359515625 0.258783828125 0.47849341093750003 0.2617751734375 0.48377203125 0.2886282703125 0.49031348750000003
1 0.27950289375000004 0.42889888125000003 0.28599289375 0.43077844374999996 0.30075907812499997 0.432583978125 0.31514810937500004 0.43180939843750005 0.339074940625 0.4274433421875 0.3416805046875 0.42502108281249995 0.32959359374999997 0.420285159375 0.29901209687499997 0.4135463828125 0.290735915625 0.4136204125 0.278289103125 0.416545903125 0.271734021875 0.42029523593749996 0.27950289375000004 0.42889888125000003
1 0.288781140625 0.35975372656250004 0.30959509375 0.366487603125 0.32525436874999997 0.3673163421875 0.35022169999999997 0.36095722812500003 0.3545397421875 0.35708950625 0.33835590312499997 0.3546969140625 0.34079680625000003 0.3430493859375 0.33319259843750004 0.343671009375 0.33051332499999997 0.3466013984375 0.2874113125 0.3432962453125 0.27608733124999996 0.3488413140625 0.2792260890625 0.35310367343750004 0.288781140625 0.35975372656250004
1 0.308646315625 0.290144803125 0.3157259578125 0.2879593265625 0.3374980828125 0.28808751093749996 0.358663309375 0.2820392109375 0.367685171875 0.28200464531249997 0.3757316125 0.278334240625 0.3385213296875 0.275852925 0.3215918125 0.2734208703125 0.3096523109375 0.2676686875 0.30495711718749996 0.268956296875 0.287897440625 0.27778203125 0.30274595625 0.2842001984375 0.308646315625 0.290144803125
1 0.3324570734375 0.1726137984375 0.358334746875 0.175519415625 0.3821141671875 0.17216961875 0.3730836796875 0.167083421875 0.373673321875 0.16301838125 0.3817197609375 0.1593479765625 0.379556428125 0.15872145625 0.3204179859375 0.15200745 0.314231434375 0.15321613125 0.31103622343750004 0.15970343125 0.3142486859375 0.163457659375 0.3324570734375 0.1726137984375
1 0.3212021015625 0.2191249828125 0.3311256828125 0.22323438593749997 0.348800878125 0.225705903125 0.368032515625 0.2226274546875 0.382274134375 0.222869134375 0.3757668828125 0.21074804062500002 0.36294291562500003 0.21109342031249997 0.3271416625 0.2040783984375 0.3179723890625 0.2051292234375 0.313129784375 0.2074330921875 0.313285821875 0.211537596875 0.3212021015625 0.2191249828125
1 0.3369319171875 0.08478132031249999 0.3374651046875 0.09146594062499999 0.3407512734375 0.0947120390625 0.3508222640625 0.09780518125 0.3688659859375 0.09773604999999999 0.37900205625 0.095200296875 0.3879415859375 0.09055309843750001 0.40000262031249995 0.0799267265625 0.37837790781249997 0.0787822796875 0.35921997656250004 0.0813525984375 0.34363440624999997 0.08001573125 0.3369319171875 0.08478132031249999
1 0.3699137703125 0 0.358344903125 0.0045016671875 0.3500036421875 0.010204590625 0.355535471875 0.0186898453125 0.388722534375 0.0230063609375 0.4258332328125 0.010633512500000001 0.41613076875 0.004999721875 0.37892048749999996 0.00251840625 0.3722883125 0 0.3699137703125 0
1 0.4932860234375 0 0.4858475125 0.006129193749999999 0.489887984375 0.014535521874999999 0.5007783578125 0.017159996875 0.5321706125000001 0.018309340625 0.5561711484375 0.013435153124999998 0.568461925 0.0064051593749999995 0.55049190625 0.0059661609375 0.5383382734375 0 0.5096772421875 0 0.5053739671875 0.001018225 0.5032437234375 0 0.4932860234375 0
1 0.47242451093750004 0.09348810468749999 0.474596471875 0.099235390625 0.48586399843750006 0.1044399796875 0.5008512984375 0.1047211234375 0.512478728125 0.10226429687500001 0.5247695046875 0.0952343015625 0.534068934375 0.08292568593750001 0.5434593234375 0.0803504703125 0.531528446875 0.0797190515625 0.5197536078125 0.0831921375 0.476144284375 0.08856465625 0.47242451093750004 0.09348810468749999
1 0.44743053593750004 0.17255418125 0.45802609062500005 0.17721117656250002 0.47815944374999997 0.1782766953125 0.49038513906250003 0.1768755953125 0.5196705140625 0.1666487609375 0.5231691703125 0.163249703125 0.52077609375 0.1590268078125 0.5135404125 0.15710778125 0.5010935984375 0.1600332734375 0.484467528125 0.1606894625 0.464628996875 0.157591421875 0.4503960046875 0.16247050624999998 0.44607796093749996 0.16633822812500001 0.44743053593750004 0.17255418125
1 0.46806180937499997 0.24789051562500003 0.4747729265625 0.248245690625 0.5050337234375 0.24165469218750002 0.5100237390625 0.2383345625 0.5096465875 0.23575445 0.4960769390625 0.2360603640625 0.490480028125 0.233204003125 0.47123976718750005 0.23116168906249998 0.4642252015625 0.22771827031249997 0.44036345 0.2264554328125 0.4365699703125 0.231887009375 0.44239662500000004 0.23833974218749998 0.46806180937499997 0.24789051562500003
1 0.436183428125 0.3122553875 0.46906704218749995 0.313483659375 0.49828733593749996 0.3088857171875 0.48478277031249994 0.3035627359375 0.49036242812499997 0.29617756875 0.48692884999999997 0.2939477296875 0.48156168125 0.29468774375 0.47493289687500007 0.29894520468749997 0.46658300781250006 0.29952736406249997 0.4487604015625 0.29807210624999997 0.438091140625 0.29392324062499997 0.428553340625 0.2975147171875 0.4258003640625 0.3009532359375 0.436183428125 0.3122553875
1 0.4134006140625 0.3760775609375 0.4359270421875 0.38136597656250004 0.4478579171875 0.3819973953125 0.46627016875000005 0.3793876125 0.45037252656250004 0.3698417375 0.4276163546875 0.360956946875 0.4171031328125 0.36091258437499996 0.40174730625 0.3631720921875 0.4035507390625 0.3714600296875 0.4134006140625 0.3760775609375
1 0.3945586875 0.433451896875 0.4164954734375 0.44280535312499997 0.4398240359375 0.43738357343749995 0.4536061703125 0.43043250468750005 0.46113667343750003 0.43031901250000004 0.4490497609375 0.4255830875 0.419820840625 0.425060265625 0.3964750265625 0.42024051562500003 0.3908867421875 0.4225049203125 0.38955141875 0.426530496875 0.3945586875 0.433451896875
1 0.39951343281249996 0.49771796874999996 0.41375505312499994 0.49795965000000003 0.43559225625 0.492458940625 0.44177018593749995 0.48612949531250005 0.44072105625 0.4830017890625 0.42439843593750004 0.486746221875 0.41425373906249996 0.484161209375 0.40441249218750003 0.484664440625 0.3933747078125 0.483056225 0.38792520625 0.4791836046875 0.3760680359375 0.47804405625 0.375937878125 0.48930184531250004 0.385640340625 0.4949356390625 0.39951343281249996 0.49771796874999996
1 0.3589903421875 0.56469751875 0.3741336796875 0.5690831671875001 0.3890472734375 0.569872440625 0.41499002812499997 0.567149165625 0.4158007875 0.5615597328125 0.41013017031250004 0.5592115046874999 0.39223385781250003 0.558264375 0.37589398281249997 0.5517672796875 0.37775386875 0.5493055578125 0.35851360625 0.5472632390625 0.3458456765625 0.5517131234375 0.344510353125 0.5557387 0.3589903421875 0.56469751875
1 0.36305200000000004 0.6299403859375 0.39296151875 0.6361315671875001 0.4207641609375 0.63094656875 0.4212800984375 0.6273896578125 0.3847245390625 0.6152144093749999 0.3541516671875 0.613596396875 0.34886683125 0.6189490453125 0.3497685484375 0.6230930140625001 0.36305200000000004 0.6299403859375
1 0.368531309375 0.6957703078125 0.396711103125 0.693165425 0.38983532187500003 0.683584984375 0.3784940875 0.6788885234375 0.339267884375 0.674764428125 0.33667094375 0.6823074515625 0.3392851359375 0.6850059578125001 0.368531309375 0.6957703078125
1 0.346559253125 0.7540030515625 0.3613254375 0.7558085859375 0.3835397921875 0.7528879921875 0.39770770781250003 0.753637803125 0.391963384375 0.751797703125 0.39276551875 0.74108750625 0.3906758890625 0.73995285625 0.3717390765625 0.740998784375 0.3295301515625 0.736716834375 0.322376803125 0.739410440625 0.3200746828125 0.7449209453125001 0.346559253125 0.7540030515625
1 0.30980376249999997 0.8001887328124999 0.32353807031250004 0.8091080875 0.3521036421875 0.8142040828124999 0.38154505312500003 0.80808175 0.37684123125 0.80424859375 0.35878888125 0.7991969609375 0.3223156546875 0.791634346875 0.31143390625 0.7941306359375 0.308828340625 0.79655289375 0.30980376249999997 0.8001887328124999
1 0.31809173749999997 0.9398997343750001 0.329645459375 0.9379510375000001 0.33933066875 0.9333433031249999 0.3393957484375 0.9277144093749999 0.3434926734375 0.9253710765625 0.28987743906249996 0.9220215625 0.2854119859375 0.92690554375 0.2904929609375 0.9333188124999999 0.31809173749999997 0.9398997343750001
1 0.45657567656250003 0.9538851359375 0.47029273437499997 0.9525629609375 0.49682513124999994 0.9457746453125001 0.4831731546875 0.9414679250000001 0.4792150125 0.9376742328125 0.4655716609375 0.9384882749999999 0.42940188125 0.9340139046875 0.421953709375 0.93874003125 0.42337998906249996 0.944447853125 0.45657567656250003 0.9538851359375
1 0.43551079843749996 0.8867183437499999 0.44707314687500005 0.8898904140624999 0.47086119374999996 0.8916613812499999 0.49575482031250007 0.885810396875 0.48888766562499997 0.8813507203125001 0.4526441796875 0.877384478125 0.4463752921875 0.8739805265625 0.43735343281250005 0.8740150906249999 0.43221600625 0.8783514796875 0.43222463125 0.8834722453125 0.43551079843749996 0.8867183437499999
1 0.482320028125 0.8333842765625 0.502739575 0.8272965109375001 0.5133265015624999 0.8268327421875 0.49713403749999996 0.8193193875 0.4912336796875 0.8133747828125 0.47012490468749996 0.8086734265625 0.449917846875 0.8081160359374999 0.447468315625 0.8146428 0.4533686765625 0.820587403125 0.482320028125 0.8333842765625
1 0.4599849046875 0.7646141671875 0.4803479984375 0.769276059375 0.5277680546875 0.76871349375 0.52081856875 0.75964118125 0.5025364765625 0.750993175 0.4862789328125 0.7491087125 0.4634663078125 0.7509735828124999 0.45445307343749997 0.7561289140625 0.45453540468750003 0.7607415484375 0.4599849046875 0.7646141671875
1 0.4823991921875 0.70333264375 0.5044747625 0.7065490750000001 0.5226572734375 0.70034291875 0.5142164265625 0.6911916796875001 0.4849788796875 0.685548090625 0.47551478593749996 0.6886314375 0.47022994687499997 0.6939840859374999 0.4823991921875 0.70333264375
1 0.4881701578125 0.6324657796875 0.5162111656249999 0.6359979203125 0.5337217015625 0.6292441703125 0.5339341906249999 0.6225990171875 0.5416121031250001 0.6214692625 0.5319919718749999 0.6204481046875 0.52274899375 0.6220070609375 0.5013453984375 0.6193382234375 0.47808191562499996 0.619131109375 0.47257596093750004 0.6260081484375 0.4881701578125 0.6324657796875
1 0.500153553125 0.57575253125 0.515296890625 0.580138178125 0.5369953093750001 0.5807744953125 0.542509890625 0.5790182203125 0.54205040625 0.5718254734375 0.519818796875 0.5645045359374999 0.5057982921875 0.5627384656250001 0.495129034375 0.5585895984375 0.49050754531249996 0.559369078125 0.48409987499999996 0.5621021484375001 0.48418220625 0.566714784375 0.500153553125 0.57575253125
1 0.492142384375 0.511836734375 0.49684620625000003 0.515669890625 0.5077365796875 0.5182943671875 0.5271979578125 0.5188122921875 0.547396390625 0.5142489171875 0.555065678125 0.5079984 0.5692249656249999 0.5036274453125 0.561989284375 0.50170841875 0.54268394375 0.505294996875 0.5341780171875 0.5017726515625001 0.5093580984375 0.50711550625 0.4965341328125 0.5074608828125 0.492142384375 0.511836734375
1 0.509345540625 0.4553997296875 0.53342840625 0.4551381765625 0.5418520015625 0.45404788749999997 0.557871175 0.4472152109375 0.5570345375 0.43744234843749996 0.5332551171875 0.44079214375 0.5075421062500001 0.44711179375 0.5036749234375 0.45305150000000005 0.509345540625 0.4553997296875
1 0.5227293390625001 0.38903200781249997 0.5452557687499999 0.394320421875 0.5529423078125 0.398311434375 0.5567444125 0.3980006234375 0.5650856734375 0.39229769999999997 0.5835716296875 0.3891797859375 0.5789415140624999 0.3848385 0.5661826265625 0.3795549828125 0.5266616015625 0.37746340625 0.51854145625 0.381641940625 0.51869749375 0.3857464453125 0.5227293390625001 0.38903200781249997
1 0.5713161234374999 0.32862358281250004 0.5837629359375 0.325698090625 0.6108026453125001 0.3102321 0.6099746328125 0.305580003125 0.59513474375 0.3042825984375 0.5905132546875 0.3050620765625 0.5876128671874999 0.3095168546875 0.5812789015625001 0.3117417984375 0.5499603546875 0.31008432343750003 0.5420613234375 0.31273846562499996 0.5387014515625 0.3100004984375 0.535883396875 0.3190679109375 0.5402186906249999 0.32544171718750003 0.5713161234374999 0.32862358281250004
1 0.5644928640625 0.2616984703125 0.5923041296875 0.2616342390625 0.6094461390625 0.2574211375 0.6201718484375001 0.2508203453125 0.6340363171875001 0.2484819109375 0.6305290343750001 0.24676020156249998 0.6037582687499999 0.2448313796875 0.60053718125 0.2359563859375 0.58877096875 0.24455023593749997 0.5763978609375 0.24696759687499997 0.5671462578125 0.24340578750000003 0.5646794749999999 0.23969102343749998 0.5538149812500001 0.25242884062500004 0.555913234375 0.25868425781250004 0.5644928640625 0.2616984703125
1 0.596215209375 0.193229096875 0.6179136265625 0.1938654140625 0.6501354578125 0.185842109375 0.6611457984375 0.1859127796875 0.6592772874999999 0.1832537375 0.6490588859375 0.18117685781249998 0.6400283984375 0.17609065625 0.6373318734375 0.16877951875 0.6335297703125 0.16909032968749999 0.62258294375 0.1772155125 0.5990983453125 0.178532790625 0.5896256234374999 0.1764953703125 0.5837425171875 0.18079229531250002 0.5833089124999999 0.18896184062500002 0.596215209375 0.193229096875
1 0.59919869375 0.105317696875 0.6006249734375 0.1110255171875 0.6158420171875 0.1149030359375 0.63649130625 0.1124116453125 0.682238084375 0.0923033515625 0.681041546875 0.0901919046875 0.6560655890625 0.0914302515625 0.6443558296874999 0.0892744421875 0.625080809375 0.0961054875 0.60604859375 0.09953584374999999 0.59919869375 0.105317696875
1 0.6288364375 0 0.6272059609375 0.000297521875 0.6222896484375 0.0031095203125 0.61417813125 0.0124088171875 0.6180625671875 0.016710640625000002 0.6357377640624999 0.019182159375 0.651093590625 0.0169226546875 0.6829845296875 0.004273559375 0.68360441875 0 0.6288364375 0
1 0.7388626828125 0.0231037578125 0.7518426875 0.026862884375 0.7801785171875 0.0283625046875 0.806997109375 0.0144209046875 0.7996790953125 0.00788924375 0.7896904375 0.0094087359375 0.76970449375 0.00732695625 0.7482358203125 0.010287014062499999 0.7392225828125001 0.0154423453125 0.7388626828125 0.0231037578125
1 0.7341494734375 0.10221909375 0.7292417875 0.1101518578125 0.732233134375 0.11543047656250001 0.7491626515625 0.11786253124999999 0.7726472484375 0.11654525468750002 0.7938038515625 0.10537618906249999 0.7969904328124999 0.09376812500000001 0.7950482156249999 0.0916172140625 0.7849858515625 0.0936448359375 0.7589607671875 0.09175547656250001 0.7521108640625 0.0975373296875 0.7422696171875 0.0980405609375 0.7341494734375 0.10221909375
1 0.725768246875 0.2169824640625 0.7481386375 0.21816637343749998 0.7650595296875 0.21547766249999997 0.7846596921875 0.209858565625 0.7883794640625 0.2049351203125 0.783077375 0.20004623906250002 0.7704059953125 0.20244781562499997 0.7370012671875 0.2017039953125 0.7305112671875 0.1998244328125 0.7150903609375 0.20771283281250003 0.71584466875 0.21287306093749997 0.725768246875 0.2169824640625
1 0.697102325 0.2851015609375 0.7191778953125 0.2883179921875 0.7305105015625 0.2878936875 0.7507826390625 0.2828221828125 0.765973803125 0.27133740781250004 0.7664160343749999 0.2682886265625 0.7025173203125 0.2684911234375 0.6905950703125 0.27298046875000004 0.6867278875 0.2789201765625 0.697102325 0.2851015609375
1 0.684962890625 0.337710309375 0.69981140625 0.3441284765625 0.7098910218750001 0.35234238281249997 0.7144388046875 0.352071034375 0.7216572343750001 0.3437485328125 0.7459612171875001 0.341962590625 0.7592274156250001 0.3385684328125 0.7359553078125 0.3332405546875 0.72087705 0.3232260125 0.710437534375 0.3226735203125 0.6880020625000001 0.327118503125 0.6821926625 0.3309072984375 0.684962890625 0.337710309375
1 0.668834740625 0.4126373140625 0.680995359375 0.41686510937500004 0.70820835625 0.41574514999999995 0.7337653296875 0.405320996875 0.7508336328125 0.40161602656250006 0.7437453625 0.39868074062500003 0.7063876703124999 0.397215684375 0.67724108125 0.4013054953125 0.669268346875 0.40446776875 0.668834740625 0.4126373140625
1 0.6592357921875001 0.468452696875 0.667889128125 0.47095878124999996 0.69398791875 0.47234001093750005 0.7164233906249999 0.4678950265625 0.7328283453125 0.468763228125 0.7114898281250001 0.46046549531250003 0.7107355203125 0.45530526718750003 0.674279546875 0.4579841796875 0.6706985578125 0.45677060156250004 0.657358653125 0.460672890625 0.656318153125 0.46266594687499996 0.6592357921875001 0.468452696875
1 0.6615936 0.5402617890625 0.697689675 0.545244290625 0.7113243984375 0.5393094828125 0.730785778125 0.5398274078124999 0.7277207265625 0.5350569203125 0.7084718390625 0.527893840625 0.7095037140625 0.52078001875 0.6975077578125 0.5257774937499999 0.661944875 0.5274796109375 0.655537203125 0.53021268125 0.65248940625 0.535683721875 0.6615936 0.5402617890625
1 0.6889187390625 0.6057117703125 0.7147877859375 0.6034966265625 0.710075340625 0.594542703125 0.6486175265624999 0.5830976734375 0.6425046796875 0.5837982234375 0.6417762515625001 0.594000290625 0.6551334078125 0.6003395312500001 0.6889187390625 0.6057117703125
1 0.653598153125 0.6627260359375 0.673649175 0.6591789234375 0.6857188359374999 0.6536733171875 0.6939126843750001 0.6489866546874999 0.6971816 0.641991221875 0.6913635703125001 0.6406592546875001 0.6865946734375 0.6424549921875 0.679874928125 0.6369790531249999 0.6731724375 0.6417446453125 0.62300803125 0.650866496875 0.621074440625 0.6538363515625 0.6254097328125 0.6602101578124999 0.653598153125 0.6627260359375
1 0.608371240625 0.72587243125 0.6124030874999999 0.72915799375 0.6263498859375 0.73143219375 0.6437216359375 0.7308154671875 0.6546857171875 0.7329318140625001 0.6678609578125 0.71980425625 0.6701630749999999 0.714293753125 0.6674751765625 0.712103378125 0.6497999796875 0.7096318609375001 0.6181215296875 0.7156358 0.6091082937500001 0.72079113125 0.608371240625 0.72587243125
1 0.6142927828125 0.7886535734375 0.6260762468750001 0.7903012546875 0.6501591171875 0.7900397015625 0.675642384375 0.7801236796875 0.6567706484375 0.7755407125 0.6164302390625 0.773917803125 0.6083100921875 0.778096334375 0.6081713093750001 0.7842333609375001 0.6142927828125 0.7886535734375
1 0.610290746875 0.8473253156249999 0.638479165625 0.849841196875 0.66575724375 0.8430923453125001 0.6490402140625 0.834015134375 0.5967689265625 0.8317608062499999 0.5918526171875 0.8345728046875 0.5938034609375 0.8418444812500001 0.610290746875 0.8473253156249999
1 0.59449661875 0.8992286140625 0.610238225 0.9046699859375 0.6353702203125 0.907536140625 0.642228746875 0.9068750546875 0.6481118546875 0.9025781296875 0.6472101375 0.8984341625000001 0.636311134375 0.8906889203125001 0.5954461609374999 0.8875021593750001 0.589710465625 0.8907828234374999 0.5891208234375 0.8948478640624999 0.59449661875 0.8992286140625
1 0.5960656140625 0.9453944218749999 0.5847330078125 0.9458187265625 0.580488671875 0.9491783171874999 0.58162013125 0.9569186609375 0.596993209375 0.964900684375 0.603981509375 0.9662112171875 0.6300674875000001 0.964844109375 0.63084361875 0.9646440296875 0.636267240625 0.9531543546875 0.6074805515625 0.9495827515625 0.5960656140625 0.9453944218749999
1 0.91574481875 0.03656115625 0.949447815625 0.0373207625 0.9589119109375 0.0342374171875 0.9674742875 0.0270101015625 0.967613071875 0.020873078125 0.9641057890625 0.01915136875 0.9137767203125 0.019047953125 0.9058776906249999 0.0217020953125 0.9031333406250001 0.030261381250000004 0.91574481875 0.03656115625
1 0.9100906890625 0.1325237125 0.9473660484374999 0.1293761328125 0.95921459375 0.1253949171875 0.9654662265624999 0.11855734062500001 0.9547146359375001 0.1097958421875 0.9494948781250001 0.1095195953125 0.8980602296875 0.1170381296875 0.8915051484375001 0.12078746250000001 0.8917435171875001 0.1295046 0.9100906890625 0.1325237125
1 0.8742063390625001 0.2089653140625 0.8689952078125 0.2138098328125 0.8724374109375 0.221160434375 0.8825084000000001 0.224253578125 0.8944392765625 0.22488499687500002 0.9058455890625 0.2239525609375 0.916948453125 0.2199318828125 0.9321396171874999 0.2084471078125 0.9301973984374999 0.20629619531249999 0.9320486578124999 0.1987137078125 0.9213880265625001 0.1996856078125 0.9130467640625 0.20538853281249997 0.8974698218749999 0.20917242812499998 0.8742063390625001 0.2089653140625
1 0.8672819671875001 0.3033245515625 0.8886855640625001 0.305993390625 0.8939790265625 0.3057615046875 0.9108175875000001 0.2984601609375 0.9236980062500001 0.287365125 0.9172080046875 0.2854855609375 0.9159291359375 0.27876147812499996 0.9124218515625 0.2770397703125 0.9054159140625 0.27871711875 0.8984923046875 0.2850070984375 0.879629196875 0.285544896875 0.8658298078125 0.2822544375 0.8542110062500001 0.28983202656249996 0.8531791312499999 0.29694584687500003 0.8672819671875001 0.3033245515625
1 0.8894524265625 0.36286939218750003 0.897719984375 0.3576745984375 0.8989815999999999 0.3541571515625 0.9120917625 0.3466584890625 0.90231559375 0.34153282812499997 0.884566690625 0.3395694375 0.8761603499999999 0.35090125625 0.8240537265625001 0.357872196875 0.83756691875 0.3683159421875 0.8741789328125 0.369741534375 0.8894524265625 0.36286939218750003
1 0.8216253796874999 0.4212355 0.837588103125 0.42515248281250007 0.860851584375 0.425359596875 0.885294353125 0.4174366296875 0.8943162156250001 0.4174020625 0.894160178125 0.413297559375 0.8740268265625 0.4122320390625 0.8603662203125 0.4028045546875 0.8439698953124999 0.40705711874999995 0.8397906374999999 0.40478781562500005 0.819748240625 0.41345569375 0.8184129203125 0.417481271875 0.8216253796874999 0.4212355
1 0.8148531140624999 0.47310423281249997 0.8142634718749999 0.4771692734375 0.8331352078125001 0.48175223906250003 0.8496875718749999 0.48160418125 0.8853069109374999 0.4691524046875 0.892091734375 0.468999446875 0.8745639453124999 0.46551167031249996 0.8669597390625 0.4661332921875 0.8612891218750001 0.46378506249999996 0.8433928078124999 0.462837934375 0.834453278125 0.46748513437500006 0.823120671875 0.4679094390625 0.8148531140624999 0.47310423281249997
1 0.7929633921875 0.535949609375 0.799084865625 0.5403698234375 0.8235448875 0.5426883874999999 0.835696878125 0.541795415625 0.8513475265625001 0.5375033890625 0.869365371875 0.5220719625 0.8569836375 0.5193685593749999 0.8557871 0.5172571125000001 0.8512393171875001 0.5175284609374999 0.8089088609375 0.5296250625 0.803017128125 0.5288012234374999 0.7929633921875 0.535949609375
1 0.781023125 0.6182666828125 0.7954944859374999 0.6221047375000001 0.8239777265624999 0.6225880984375001 0.84193049375 0.6127855671875 0.8520665640624999 0.6102498140625 0.84483088125 0.6083307890625 0.8192566546875 0.6085134125 0.7868976046875 0.6088489921875 0.7801951140625001 0.6136145843749999 0.781023125 0.6182666828125
1 0.7670238031250001 0.6733371546875 0.7772422046874999 0.6754140328125 0.82086878125 0.6802830421875 0.82682559375 0.6754779875 0.8322664671875 0.6742298421874999 0.82480104375 0.6687144421875 0.8070521421875 0.6667510515624999 0.79705485625 0.66314978125 0.762679884375 0.66184258125 0.7577635734375 0.6646545796875001 0.758665290625 0.6687985484375 0.7670238031250001 0.6733371546875
1 0.7473624921875001 0.7311801578125 0.754377059375 0.734623575 0.7768211546875 0.7352993546875 0.7975441515624999 0.7322998328125 0.8056642953125 0.7281213 0.8192339437499999 0.7278153859375001 0.8154969187500001 0.722497303125 0.8008781453125 0.719675509375 0.7993044546875 0.714983946875 0.7700841609375 0.7195818875 0.749140046875 0.7241057984375 0.7457150953125 0.726996725 0.7473624921875001 0.7311801578125
1 0.7629127921875 0.8001032218749999 0.7876676328125 0.800389265625 0.8090539781249999 0.792816571875 0.8086031203124999 0.7907445875 0.8021131171875 0.788865025 0.8030712875000001 0.7822593343750001 0.7747440828125 0.7858804796875 0.7455151625 0.7853576531249999 0.7395583515624999 0.790162709375 0.74113204375 0.7948542703125 0.7629127921875 0.8001032218749999
1 0.7269853109375 0.8509410015625001 0.762114590625 0.8574084281250001 0.7772493015624999 0.8566733125000001 0.7786583296875 0.85213960625 0.79401415625 0.8498800984375 0.8004955328125 0.8466388984375 0.792882696875 0.8421397562499999 0.7452328984375 0.8391059500000001 0.737407575 0.8412519640625 0.729205096875 0.8408178625 0.72369051875 0.8425741375 0.7236991453125 0.847694903125 0.7269853109375 0.8509410015625001
1 0.7400860828125 0.9263908296875 0.768192171875 0.9242940765625001 0.78145836875 0.92089991875 0.770715403125 0.9172591828125001 0.768396034375 0.9125281578125 0.763471096875 0.9102193906249999 0.7152230296875 0.9061298624999999 0.7108312828125001 0.9105057140625 0.7173299109375 0.9175060421874999 0.7400860828125 0.9263908296875
1 0.31320206875 0.87000476875 0.337063821875 0.87126760625 0.3712741296875 0.8633495390625001 0.32241916875 0.8530835203124999 0.3051948296875 0.8526839859375 0.2995328390625 0.8554565203125 0.29924664375 0.8626098046875 0.31320206875 0.87000476875