1 0.896788975 0.989235090625 0.88102910625 0.9814446921875 0.8646535203125 0.9776672140624999 0.8501366421875 0.9768445171875 0.8194314765625 0.9810696046875 0.8192005828125 0.9825744500000001 0.8326617609375001 0.985254703125 0.8466180890624999 0.9947537562500001 0.8589684 0.9946281265625 0.882822415625 0.9998946343749999 0.894424884375 0.9996201031249999 0.90207904375 0.9949408484375001 0.896788975 0.989235090625
1 0.9093021109375 0.9327954953125 0.8975893109375 0.9237431515625 0.866333828125 0.9164859984374999 0.8362225765625 0.9218632187500001 0.8477044828125001 0.9324204093749999 0.8542041781249999 0.9352653796875 0.88801105 0.94096278125 0.906498034375 0.9410251453124999 0.9108529624999999 0.9377567421874999 0.9093021109375 0.9327954953125
1 0.902085265625 0.8693258328125 0.9069571453125 0.867711175 0.908320703125 0.8638471593749999 0.89944535 0.8563936562500001 0.8886125234375 0.8516520375000001 0.8638567343749999 0.8472398578125 0.830886240625 0.8561832875000001 0.8485266171875001 0.8617634171875 0.8547184578125 0.8666148484375 0.85358579375 0.8689740203125 0.861064225 0.8704630484375 0.890713690625 0.8680955203125 0.8934741703125001 0.8701959765625 0.902085265625 0.8693258328125
1 0.9282019390625 0.7995697171875 0.9217022437500001 0.7967247468750001 0.9000917562499999 0.791904946875 0.8908867468749999 0.79162295625 0.85688235 0.7972588921875 0.858510165625 0.8017185203125001 0.8665825125 0.8043596828125 0.8968810578124999 0.8078077234375 0.925991775 0.8089515 0.9320732843749999 0.8044760562500001 0.9282019390625 0.7995697171875
1 0.9292665328125 0.7424014234375 0.9332584421875 0.736476040625 0.9308827828125 0.731867509375 0.92154564375 0.7274236968750001 0.9103279953125 0.725190153125 0.89274278125 0.7242734609375 0.88420865 0.7246419890625 0.858947478125 0.7335696031250001 0.8741686015625 0.7448713078125 0.8906981140625 0.74764555625 0.905445884375 0.74696340625 0.9139248500000001 0.7419314421875 0.9292665328125 0.7424014234375
1 0.9220163234375001 0.6691032703124999 0.9112604609374999 0.6638600375 0.8932352609375 0.6607879828125001 0.8610126093750001 0.6698803140625 0.8613756328125 0.67253729375 0.87316880625 0.674368490625 0.886109621875 0.6821145265624999 0.9115580859374999 0.6820121734375 0.91439553125 0.6836110140625 0.925942834375 0.6786730453125001 0.9258107046875 0.6745112234375 0.9220163234375001 0.6691032703124999
1 0.9308774390625001 0.5912589500000001 0.920715490625 0.5871678484375 0.9048568578125 0.5850441187500001 0.889207315625 0.58658059375 0.8745147125000001 0.5919261812500001 0.882873115625 0.5977259359375 0.9015691953125 0.6014485078125 0.92740248125 0.5988380796875 0.930855640625 0.5964240015625 0.9308774390625001 0.5912589500000001
1 0.9341739953125 0.5195438203125 0.9158627375 0.5133131750000001 0.9023027984375 0.5162995890625 0.8877089578125 0.5159785078125 0.892306346875 0.5261988015625 0.8850152093749999 0.5335350328125 0.9374078296875 0.53362813125 0.949318153125 0.531347140625 0.946271615625 0.526088090625 0.9341739953125 0.5195438203125
1 0.9429697140625001 0.457194659375 0.934380415625 0.4528997484375 0.9090307140625 0.44733543437499995 0.890466765625 0.447774684375 0.8821417281249999 0.45180342187500006 0.8752572109375001 0.451466525 0.8956580687500001 0.45914710937500003 0.9016959796874999 0.465001771875 0.920909009375 0.47037809375000006 0.9448835875 0.46481287968749996 0.946324109375 0.4604472484375 0.9429697140625001 0.457194659375
1 0.9504236734375 0.3935444625 0.9464753640625 0.3891397390625 0.9304846015624999 0.382854184375 0.90024121875 0.38406958125 0.8940057828124999 0.38954825625 0.8827663359375 0.3924797640625 0.902727209375 0.3980049875 0.9213681218750001 0.397064121875 0.9346753703124999 0.40074760625000005 0.9432095015625 0.400379078125 0.9490601171874999 0.397408478125 0.9504236734375 0.3935444625
1 0.923092028125 0.3255528046875 0.9032632859374999 0.324189403125 0.8952243062499999 0.3313767328125 0.88645928125 0.3332501046875 0.8934759281250001 0.337748825 0.9515768015624999 0.35086809531249996 0.9590000671875 0.34769368749999996 0.9602314953125 0.33966784687499996 0.923092028125 0.3255528046875
1 0.9460531703124999 0.2763629015625 0.9314041625 0.271378384375 0.9144128640625 0.27161382500000003 0.9004347375 0.267279825 0.9134674953124999 0.2827982578125 0.92623599375 0.28999304531250003 0.96153855 0.29598825156249997 0.965893478125 0.29271984687499997 0.9641886984375001 0.2887618328125 0.9460531703124999 0.2763629015625
1 0.9865225593750001 0.228591309375 0.978395046875 0.221286709375 0.9703996640625 0.21814393124999998 0.9455669125 0.214233365625 0.9083402515625 0.220778534375 0.945402753125 0.2353951921875 0.9522103046874999 0.236233703125 0.9612062218749999 0.2328554859375 0.9820137015625001 0.23286294375 0.9865225593750001 0.228591309375
1 0.9713219000000001 0.1769724125 0.95264761875 0.16808478437500002 0.9373059359375 0.167614803125 0.9187971515625 0.172717490625 0.9095151765624999 0.172937115625 0.9148822078125001 0.178141259375 0.94853515 0.18484188906250001 0.9576413984375 0.19079054687500002 0.9615345421875 0.1905318328125 0.9753253734375 0.186040571875 0.9766889296875 0.1821765546875 0.9713219000000001 0.1769724125
1 0.7595154921875 0.9546654437500001 0.7486826671875 0.9499238234374999 0.7247516843749999 0.94515893125 0.7020637 0.9473617421875 0.6962130828124999 0.950332340625 0.7016570796875 0.9550348703125 0.7055066265625001 0.9651062609375 0.7131389875 0.9655920609375 0.720639215625 0.9619160359375 0.74539500625 0.9663282171875001 0.75114685625 0.9690242859374999 0.762155409375 0.967597621875 0.7638268234375001 0.9617271437499999 0.7595154921875 0.9546654437500001
1 0.7642089734375 0.8889147890625001 0.7554657484375 0.8856231093750001 0.72539809375 0.8806702218750001 0.718282684375 0.881838171875 0.700257484375 0.878766115625 0.6999829937500001 0.8906010656250001 0.7060209046875 0.8964557281250001 0.763164840625 0.9057658890625 0.7732716234375 0.9051935515625 0.7724134484375 0.8957177749999999 0.7642089734375 0.8889147890625001
1 0.7813964609374999 0.842193871875 0.7831448390625 0.8358217796874999 0.777623878125 0.8316208671875 0.7673080046874999 0.828532996875 0.7475562250000001 0.8266679796874999 0.7390220921874999 0.827036509375 0.7246925125 0.8350390734375001 0.7121113078125 0.8366695468750001 0.747930815625 0.8443185015625 0.76208466875 0.8424842187499999 0.776447615625 0.8443101453124999 0.7813964609374999 0.842193871875
1 0.8033455 0.7845314218749999 0.8129571296875 0.7771402843749999 0.8119232296875 0.7738327890625001 0.80274001875 0.768385746875 0.7695270625 0.7638404765625 0.747411190625 0.7723604749999999 0.7410987921875 0.7783407640625 0.752701259375 0.77806623125 0.765854578125 0.7827529453125 0.77214518125 0.7819377078125 0.789268609375 0.7858640890624999 0.8033455 0.7845314218749999
1 0.8232458625 0.644784646875 0.808541690625 0.635136690625 0.785259790625 0.63618736875 0.775439065625 0.6399182999999999 0.7673782874999999 0.65227068125 0.7610876859375 0.65308591875 0.76085679375 0.6545907640624999 0.770578753125 0.6565265015625 0.7867670453125 0.65147871875 0.8223992578124999 0.6503024125 0.8232458625 0.644784646875
1 0.8092704062499999 0.710754928125 0.7915530640624999 0.7056764125 0.773813921875 0.70576295 0.748420621875 0.7105287437500001 0.7545906609374999 0.7205452265625001 0.780786971875 0.720591775 0.7879575453125 0.7240872656249999 0.8091498453125 0.7215866484375 0.8130647890624999 0.7161628796875 0.8092704062499999 0.710754928125
1 0.819008821875 0.566917053125 0.8024793109375 0.564142803125 0.77545819375 0.5644489671875 0.7497570359375 0.5712212171875 0.7603807687499999 0.572302628125 0.7801107484375 0.579332696875 0.8058670703124999 0.577223884375 0.8218796328125 0.578344384375 0.8269824046875 0.5752248828125001 0.826927240625 0.5705614437500001 0.819008821875 0.566917053125
1 0.8332151703124999 0.49944192656249997 0.8054128453124999 0.4897706984375 0.791203825 0.48694154218749996 0.789763303125 0.4913071734375 0.7848144609375 0.4934234453125 0.767361375 0.496668578125 0.7544171484375 0.49564207343750005 0.7754888875 0.5039731781250001 0.8137058515625 0.5110656125 0.8339963812500001 0.5094193203125 0.8364156359375 0.503697746875 0.8332151703124999 0.49944192656249997
1 0.8299902328125001 0.43004688281250003 0.8160890703125 0.42521126562499995 0.795743378125 0.4221941171875 0.783602159375 0.425979953125 0.7752335218749999 0.4403387953125 0.7805453906250001 0.44087950156250005 0.7905200421874999 0.436145340625 0.802562496875 0.4380261734375 0.8059938546875 0.4407771453125 0.8189380828124999 0.4418036515625 0.8244038765624999 0.441341125 0.8312332265625001 0.43701458593750003 0.8299902328125001 0.43004688281250003
1 0.8219703796875001 0.36176487812499997 0.8082783125 0.36058946875000003 0.7858763828125 0.3659508734375 0.7807518109375 0.3742354296875 0.80117446875 0.3767509625 0.8101049874999999 0.388867903125 0.8138878015625 0.3792823109375 0.8180118390625 0.3775187515625 0.82796469375 0.3779496453125 0.835387959375 0.3747752359375 0.839665925 0.3720084453125 0.8382690015625001 0.36604397187500004 0.8219703796875001 0.36176487812499997
1 0.8458332921875 0.3117206484375 0.8207914453124999 0.3041498734375 0.7996979078125 0.300983825 0.779253453125 0.30363334375 0.7786377390625 0.3076462640625 0.7909444515625 0.317850740625 0.8281275156250001 0.321635678125 0.8459436234375 0.321047525 0.8481319859375 0.31683079687500004 0.8458332921875 0.3117206484375
1 0.8424441937499999 0.2634874296875 0.83527361875 0.2599919390625 0.806569521875 0.2511750359375 0.7934713671875 0.25115176093749997 0.7877746812499999 0.2531191328125 0.8041836312499999 0.2667251015625 0.815382890625 0.2674041640625 0.8356700078125 0.272477409375 0.8427084546874999 0.271811075 0.8463155406249999 0.268393765625 0.8424441937499999 0.2634874296875
1 0.8558809000000001 0.201028453125 0.8441681015625001 0.191976109375 0.834237046875 0.1863801625 0.8186093046874999 0.1827515875 0.8060281 0.1843820609375 0.8052584578124999 0.1893982109375 0.821744375 0.202502565625 0.8247139484374999 0.2082632296875 0.8500636515625001 0.21382754531249998 0.8565081828125001 0.2120090765625 0.858850475 0.20678911875 0.8558809000000001 0.201028453125
1 0.8474544265624999 0.14041957656249998 0.8162759062499999 0.13266081093749998 0.8130536421875 0.1335700421875 0.8225229109375001 0.1421756796875 0.822347184375 0.14834396249999998 0.8351374828125 0.150373696875 0.8642046015625 0.16184757968750002 0.8732556828125 0.16313279687499999 0.8751579890625001 0.1557574765625 0.870923621875 0.148194159375 0.8474544265624999 0.14041957656249998
1 0.760585396875 0.1691307 0.745859425 0.164647796875 0.7331678921875 0.15695139687499998 0.7131852203125 0.156591225 0.7072576390624999 0.1600634390625 0.7003731234374999 0.1597265421875 0.6953473140625 0.1623444296875 0.7075988625 0.1678854703125 0.7068292203125 0.1729016203125 0.713251953125 0.1762482046875 0.7559559765625 0.18423405625 0.7694389515625 0.18174925625 0.767965065625 0.176286396875 0.760585396875 0.1691307
1 0.7745724187499999 0.1181539640625 0.7676327374999999 0.11315363125 0.735629409375 0.1057475765625 0.7260177796875 0.1131387140625 0.7062224031250001 0.121603803125 0.723807615625 0.1225204953125 0.7454181015625 0.12734029375 0.7687769671875 0.125788003125 0.7739567046875 0.122166884375 0.7745724187499999 0.1181539640625
1 0.7142435921875 0.22503794687499998 0.7097565328125001 0.22414452968749998 0.6888502921875 0.22980374062500003 0.690555071875 0.23376175312499997 0.696229959375 0.23695943593750002 0.7190282765625 0.24408349999999998 0.7370534765625 0.24715555625 0.744399778125 0.24448276249999998 0.7417380609374999 0.23671563906249998 0.7142435921875 0.22503794687499998
1 0.743433946875 0.2959843890625 0.729400653125 0.28698695 0.708768903125 0.2808112078125 0.6830343796875 0.2777549703125 0.67591896875 0.27892291875 0.6864439375 0.285670996875 0.6842555734375 0.289887725 0.6763153578125001 0.29140838593749996 0.68034063125 0.2953114953125 0.6988276156250001 0.295373859375 0.7130918015625001 0.3028664515625 0.7385184687499999 0.3079291515625 0.74578780625 0.305757971875 0.7472283265625 0.301392340625 0.743433946875 0.2959843890625
1 0.7224329484374999 0.4127666859375 0.716988953125 0.40806415781250005 0.6989085890625 0.4003286640625 0.6624951671875 0.39152757656250003 0.6609007171875 0.3968964390625 0.6700839281250001 0.40234348124999997 0.6876807109375 0.41825371718750004 0.7110947390625 0.42136486250000005 0.719628871875 0.420996334375 0.7233129218750001 0.41707741093750006 0.7224329484374999 0.4127666859375
1 0.7096733453125 0.35026116093750004 0.667178415625 0.3459355171875 0.6793312015625 0.35714322656249997 0.7048899984375 0.366367746875 0.7355515671874999 0.3724727671875 0.7383338453125 0.369408171875 0.7347703578125 0.3624953734375 0.7096733453125 0.35026116093750004
1 0.6744415296875 0.46937935625 0.6521165671875 0.47423914375000004 0.6565818250000001 0.4802976140625 0.6778292921875 0.4824604359375 0.69897799375 0.490289925 0.713263978125 0.492617465625 0.7168928625000001 0.48403510625 0.7035304484375 0.47568818437499993 0.6744415296875 0.46937935625
1 0.6811965890625 0.5358587078125 0.67005590625 0.53312355 0.6528337140625 0.5348638375 0.6414621406250001 0.5336335234375 0.638085946875 0.5355459875 0.650194465625 0.539507728125 0.6623581515625 0.548132909375 0.67089228125 0.54776438125 0.689280503125 0.5534934140625001 0.7043912953125 0.55546824375 0.7110667187499999 0.55214493125 0.7080971453125 0.5463842671875 0.6811965890625 0.5358587078125
1 0.689986084375 0.5991245640625 0.6834863890625 0.5962795921875 0.6686834546875 0.5922983046875 0.6542435421875 0.59097399375 0.6302137984375 0.59187576875 0.6275854484375001 0.5939371343750001 0.6396830671875 0.600481403125 0.6703228375 0.6117514765625 0.6786260765625001 0.61288779375 0.6911303171875 0.611758934375 0.6977287750000001 0.6089372390625 0.689986084375 0.5991245640625
1 0.680266796875 0.66749310625 0.6594259515625 0.65765715625 0.6437212453125001 0.6545301953125 0.6186358015625 0.6572895265625001 0.6142808718749999 0.6605579328125 0.630502528125 0.6653386421875 0.6279845078124999 0.6767268828125 0.63561686875 0.67721268125 0.6383221828125001 0.6746497015624999 0.6815431578125 0.6842893 0.69293653125 0.6803545609375 0.6898130296875 0.6755971265625 0.680266796875 0.66749310625
1 0.659923775 0.7347802375 0.6528083640625 0.7359481859375 0.6309669859375 0.73263323125 0.609697721875 0.7356354625 0.6006466406250001 0.7343502421875 0.59255249375 0.736874134375 0.6298676890625 0.7448208937499999 0.6468371890625 0.7497505046875 0.6587808796875 0.75729800625 0.66349883125 0.756686578125 0.6806658578125 0.750282853125 0.66580775625 0.7416381296875 0.659923775 0.7347802375
1 0.635337490625 0.8498147890625001 0.6093938718749999 0.8430983421875 0.585518059375 0.8429968875 0.5945473421874999 0.8494471593749999 0.593931628125 0.8534600796875 0.5858374828125 0.8559839703125001 0.588004046875 0.8569322953125 0.6472927515625 0.8723558328125 0.6535063890624999 0.8720422125 0.656750453125 0.865967925 0.6535499859375 0.8617121046875 0.635337490625 0.8498147890625001
1 0.64690525625 0.804559628125 0.6369742031250001 0.7989636828125 0.619256859375 0.793885165625 0.5999450671875 0.7941755140625 0.58565908125 0.791847975 0.59211518125 0.8050230515625 0.6049824421875 0.8065511703125001 0.6408571140625 0.8188635625 0.650062125 0.819145553125 0.65493400625 0.8175308953125 0.6548018765625 0.8133690734375 0.64690525625 0.804559628125
1 0.630325921875 0.9377305015624999 0.6298307703125 0.9309117 0.6265533390625 0.9271574953125 0.6164683578125 0.9225647796875001 0.5983661921875 0.9199943390625 0.588182446875 0.921068290625 0.57918653125 0.9244465109375 0.5670235140625 0.9333973984374999 0.5887109640625 0.9377155828125 0.60794579375 0.9379268515625 0.623573534375 0.9415554265624999 0.630325921875 0.9377305015624999
1 0.6052896703124999 1 0.5780013734375 0.9924465234375001 0.5406977484375 0.99949330625 0.5413899265625 1 0.6052896703124999 1
1 0.4734750375 1 0.48046367500000003 0.9952542015624999 0.4764602 0.9861860421875001 0.46555041093750005 0.9819460375 0.43406403437499996 0.9761937312500001 0.409957325 0.9775971203125 0.39758521562500004 0.9828878031249999 0.4156104140625 0.98595985625 0.4296437078125 0.99495729375 0.44130134062500004 0.9993462 0.4608440265625 0.9975510078125 0.46474315781250003 1 0.4734750375 1
1 0.49444936093749997 0.909125325 0.49230459531250004 0.9030119484375 0.481031784375 0.8961149671875001 0.46599795625 0.8936385234375 0.454318525 0.8944146703125 0.4419464125 0.89970535 0.432543875 0.9107566968749999 0.4231079734375 0.911979553125 0.4350734640625 0.914362 0.446906825 0.9125826234375 0.490688346875 0.9135458640625 0.49444936093749997 0.909125325
1 0.51999391875 0.8330520234375 0.509391984375 0.8268055609375 0.4892002203125 0.8227851828125001 0.4769268734375 0.8224091937500001 0.4474865 0.8284369328125001 0.44395637812500005 0.8313526250000001 0.44633203750000006 0.83596115625 0.45357957656250003 0.83895503125 0.46608381562499995 0.837826171875 0.4827672578125 0.8395971921875001 0.502651165625 0.8456240312500001 0.5169589484375 0.8427865171875 0.521313878125 0.8395181125000001 0.51999391875 0.8330520234375
1 0.4997443171875 0.754063928125 0.49301372812500005 0.7527238015625 0.46261641875 0.7549424265625 0.45759060937499996 0.7575603156249999 0.45795363125 0.76021729375 0.4715687375 0.761894315625 0.477166659375 0.7655936140625 0.4964566546875 0.7704683203125 0.5034733015625 0.7749670390625 0.52740428125 0.77973193125 0.531242259375 0.7748097781250001 0.5254352421874999 0.767450271875 0.4997443171875 0.754063928125
1 0.5321079921874999 0.69382268125 0.49912592968749997 0.68777256875 0.4697843203125 0.6881336375 0.48330066406250005 0.695477328125 0.47765914218749994 0.702108134375 0.4810905 0.704859109375 0.48647932968749996 0.7048981984375 0.49315475312499996 0.7015748875 0.50153495625 0.702209590625 0.5194062265625 0.7062848749999999 0.530085125 0.7120297234375 0.5396749562500001 0.7098036390625 0.5424572359375001 0.7067390421875 0.5321079921874999 0.69382268125
1 0.5553436234375 0.6327978296875 0.5327761984375 0.6241689187499999 0.520810709375 0.6217864718749999 0.5023237234375 0.6217241062500001 0.518215725 0.633676328125 0.54099224375 0.6459654484375 0.5515390109375 0.647548471875 0.566957659375 0.647516840625 0.5651977125000001 0.6388953890625 0.5553436234375 0.6327978296875
1 0.574587346875 0.577698359375 0.5526356359375 0.5650565296875001 0.5291998078125 0.5671104375 0.5153320109374999 0.5721033140625 0.5077766140625 0.5711158984375 0.519874234375 0.5776601671875 0.5491940468750001 0.582464153125 0.5725862765625 0.5907403484375 0.578206 0.5892745953125 0.57956955625 0.5854105781250001 0.574587346875 0.577698359375
1 0.569998853125 0.5121673312499999 0.5557128687499999 0.509839790625 0.5337727265625001 0.5121915046875001 0.5275372890625001 0.517670178125 0.528571190625 0.5209776734375 0.5449685765625001 0.5195901 0.555130521875 0.5236812015625001 0.5650064109375 0.524613709375 0.5760701312500001 0.5278504828125 0.581514125 0.5325530109375001 0.593402653125 0.535437071875 0.593600178125 0.5241037359375 0.583900015625 0.5170029453125 0.569998853125 0.5121673312499999
1 0.6110505890625 0.450554325 0.5958846328125 0.44391605937499995 0.5809277703125 0.44093800156249996 0.554885390625 0.4398882234375 0.554038784375 0.44540598749999993 0.5597136703125 0.44860366875 0.57766190625 0.4521773390625 0.5940156921875 0.461119871875 0.592135184375 0.463330140625 0.6114251796875 0.46820484687499997 0.6241603109375 0.46557114374999997 0.62552386875 0.46170712500000005 0.6110505890625 0.450554325
1 0.6073638671875 0.38416896875 0.577394975 0.373549415625 0.5494720890625 0.3747099046875 0.5489333390625 0.37822120937500003 0.5855340546875001 0.395847559375 0.6161956234375 0.40195257812499996 0.6215292890625 0.3973282296875 0.6206493156249999 0.393017503125 0.6073638671875 0.38416896875
1 0.602258421875 0.31698419218749996 0.5739725140624999 0.31548770312499996 0.58081343125 0.32615470625 0.5921632078125 0.3325500734375 0.6314910390625 0.3424483859375 0.6341411890625 0.33522196718749997 0.6315346374999999 0.3321182796875 0.602258421875 0.31698419218749996
1 0.624647446875 0.2614771046875 0.6098445124999999 0.257495815625 0.5875413468749999 0.25719055156250004 0.573332328125 0.2543613953125 0.57908418125 0.257057465625 0.5782157765625 0.2677402828125 0.5803053765625 0.2691902203125 0.5993093125 0.270906334375 0.641628515625 0.28140026093750004 0.6488208875 0.279730696875 0.6511631812500001 0.2745107390625 0.624647446875 0.2614771046875
1 0.6617958078124999 0.22028141250000002 0.6480703734375 0.2092775140625 0.6194432390625 0.19995899374999998 0.5898707375 0.2018249078125 0.5945668890625 0.20637853437499998 0.612647253125 0.21411402812500002 0.6491928046875 0.2270769375 0.66012439375 0.2261518875 0.66275274375 0.224090521875 0.6617958078124999 0.22028141250000002
1 0.65431203125 0.078183821875 0.6427095640625 0.0784583546875 0.6329658031250001 0.08168766875 0.6328670421875 0.0873543375 0.6287430046875 0.089117896875 0.6825107453125 0.100340521875 0.687019603125 0.0960688859375 0.6819604296875 0.0888582828125 0.65431203125 0.078183821875
1 0.5154658984375 0.0438179828125 0.501696865625 0.043144190625 0.47503877031249997 0.04610733125 0.48870903906249996 0.052447792187499995 0.49265735 0.056852515625 0.5063494203125 0.058027921875 0.5426089140625 0.0678322390625 0.5501091421875001 0.064156215625 0.5487122203125 0.05819174218749999 0.5154658984375 0.0438179828125
1 0.5361990859375 0.11463133750000001 0.524618415625 0.109740815625 0.5007644 0.1044743078125 0.47575591875 0.10673202343749999 0.4826186375 0.1122339734375 0.51895509375 0.1215366765625 0.5252238984375001 0.1258864921875 0.5342749796875 0.12717171249999998 0.539454715625 0.12355059374999999 0.539476515625 0.1183855421875 0.5361990859375 0.11463133750000001
1 0.48892214218749996 0.1615644203125 0.468400721875 0.164715553125 0.45777699062500005 0.16363414375000002 0.473976846875 0.1735799046875 0.4798608296875 0.180437796875 0.5010095296875 0.1882672875 0.5212782609375 0.1917860484375 0.52377448125 0.18556286093750002 0.5178904984375 0.17870497031250002 0.48892214218749996 0.1615644203125
1 0.5109201234375 0.2341804234375 0.4905192625 0.22649983749999997 0.4429433609375 0.22012864375 0.44986124531250005 0.2302940296875 0.4681507015625 0.24168973125 0.48444932500000004 0.24596882656250002 0.507346403125 0.24742622343749998 0.5164192859375001 0.243546390625 0.51636411875 0.2388829515625 0.5109201234375 0.2341804234375
1 0.4880693140625 0.2926972015625 0.4659418765625 0.28622365312500003 0.4476639828125 0.28982149687500003 0.456077553125 0.3002846890625 0.48537556562499995 0.31025372500000004 0.49488843437499996 0.30852925625 0.5002220984375 0.30390490937500003 0.4880693140625 0.2926972015625
1 0.481858346875 0.3633151046875 0.453748165625 0.35565033281249997 0.4361411515625 0.35989869375 0.4358884609375 0.36656859062499997 0.42817913750000003 0.36658440625 0.4378241328125 0.369021759375 0.44710610781250004 0.368802134375 0.46856266562500004 0.3746251625 0.4918997328125 0.378237925 0.4974642921875 0.3721087328125 0.481858346875 0.3633151046875
1 0.469499140625 0.41875146875 0.454333184375 0.41211320156250003 0.43256876718750004 0.4082966328125 0.42702601093750003 0.409260771875 0.42744419687499996 0.4165811875 0.449703765625 0.42721655781249995 0.46375885468750006 0.4310489421875 0.47443775468749994 0.4367937921875 0.47907874218749996 0.43668397968750006 0.485523271875 0.43486551249999994 0.4854681078125 0.43020207343749994 0.469499140625 0.41875146875
1 0.477155971875 0.48437649374999997 0.4724598203125 0.47982286875 0.461550028125 0.475582865625 0.44202914218749995 0.4722130046875 0.4217386140625 0.4738592921875 0.41400749374999996 0.47904016250000003 0.399776671875 0.48137606093749996 0.4070242125 0.484369934375 0.4264129671875 0.48357797187499996 0.4349253015625 0.4883744984375 0.45985681562499997 0.48661839531249995 0.472724078125 0.4881465140625 0.477155971875 0.48437649374999997
1 0.4595618640625 0.5387705390625 0.435399990625 0.535510490625 0.4269428234375 0.5353774046875001 0.41083149687500004 0.5399235703125 0.41161270468750005 0.5499009640625 0.435488521875 0.5500024171875 0.46132180937499995 0.547391990625 0.46523675156250005 0.541968221875 0.4595618640625 0.5387705390625
1 0.4457403359375 0.6037375875000001 0.4231729125 0.595108678125 0.41548538593749995 0.5899594421875001 0.41166920781250005 0.5897165421875 0.4032672046875 0.5942468937500001 0.38470325625 0.5946861421875 0.38932244531250004 0.5997413828125 0.4020909421875 0.60693616875 0.4417266296875 0.6148280234375 0.449897740625 0.6118025171875 0.4497656109375 0.6076406953125 0.4457403359375 0.6037375875000001
1 0.3966380515625 0.6575443765625 0.3841338140625 0.6586732375000001 0.35691517031250003 0.670312734375 0.357718178125 0.6751250765625 0.372598078125 0.6786047484375 0.377239065625 0.6784949359375 0.380175271875 0.6744271109375 0.3865428375 0.673110259375 0.4179522515625 0.67936418125 0.42589246562499994 0.6778435203125001 0.4292468625 0.6810961109375 0.43212790468750006 0.6723648437499999 0.42781657187500005 0.6653031453125 0.3966380515625 0.6575443765625
1 0.40308525624999997 0.726030190625 0.375184165625 0.7220256296875001 0.357961975 0.723765915625 0.3471625140625 0.7288527859375 0.333239553125 0.7291822234375 0.3367478765625 0.7314315828125 0.363593265625 0.7372937046875 0.3667719328125 0.746714575 0.378627090625 0.739770146875 0.39105436718750003 0.7391429031250001 0.4003145453125 0.7440883296874999 0.4027671671875 0.7481952484375001 0.41374235312499996 0.7369400921875 0.411674553125 0.7303251015625001 0.40308525624999997 0.726030190625
1 0.3708537078125 0.7904332609375 0.3490892921875 0.7866166906250001 0.3167161234375 0.7899927234375 0.305670790625 0.788310428125 0.3075294984375 0.7912652125 0.31776841093749997 0.7948546984375 0.32679769531249997 0.8013049703125 0.3294594125 0.8090720953125 0.333275590625 0.8093149937499999 0.34430594375 0.8027232765625 0.3678739015625 0.8048311937499999 0.3773649703125 0.808271775 0.3832925515625 0.8047995609375 0.383776134375 0.79662481875 0.3708537078125 0.7904332609375
1 0.367337825 0.8786467796874999 0.36594090156250003 0.872682303125 0.35069798125 0.866545653125 0.329967465625 0.8660365796875 0.2839539828125 0.8796201734375 0.2851418125 0.8819244390625001 0.31020545781250003 0.884330159375 0.32194005312499996 0.8882174515625 0.3413176875 0.8841493249999999 0.360431509375 0.8834749343749999 0.367337825 0.8786467796874999
1 0.3517576890625 0.9701445156249999 0.34788634375 0.965238178125 0.3301690015625 0.9601596640625001 0.314750353125 0.9601912953125 0.2826816296875 0.9682804 0.2819889515625 0.9727949328125 0.28931345468749997 0.9752871937500001 0.29393264218750004 0.980342434375 0.31458619374999996 0.9813531234375 0.3386159390625 0.980451346875 0.34356478125 0.9783350734375 0.3517576890625 0.9701445156249999
1 0.2267357546875 0.94111590625 0.2137363625 0.9354259640624999 0.18531832343750002 0.929767653125 0.158330571875 0.9399023078125 0.165633278125 0.9475596203125001 0.1756630953125 0.9474888984375 0.19570093125000002 0.9525125062500001 0.21725625312500002 0.9526688671875 0.22632913437500002 0.9487890359375 0.2267357546875 0.94111590625
1 0.2319346171875 0.8620254578125 0.236905259375 0.85474413125 0.2339356859375 0.84898346875 0.21696618750000002 0.8440538546875 0.19339822812500002 0.8419459390625 0.172107165625 0.8501132234375 0.168841303125 0.8613525624999999 0.170776975 0.8638057328125001 0.1808837578125 0.8632333953125 0.20698130468749998 0.8689466109374999 0.21388761875 0.8641184546874999 0.22376350781249998 0.8650509625 0.2319346171875 0.8620254578125
1 0.24102528906249998 0.74752415 0.21858999375 0.7430570624999999 0.201598696875 0.74329250625 0.1819020828125 0.7460909265625 0.1781410671875 0.750511465625 0.183431134375 0.7562172234375 0.1961575484375 0.755649540625 0.22966528125000002 0.7612873812500001 0.236164978125 0.7641323515625 0.2516823875 0.758434053125 0.25095634375000003 0.7531200984375 0.24102528906249998 0.74752415
1 0.2701885 0.683027084375 0.2480610640625 0.6765535375 0.2366894875 0.6753232234375 0.21632199531250002 0.677471128125 0.2010136765625 0.686829634375 0.20055189218749997 0.689839325 0.26465730781249996 0.6989847671875 0.2766445984375 0.6962021609375 0.280559540625 0.6907783937499999 0.2701885 0.683027084375
1 0.28267983750000003 0.6317525421875 0.2678217359375 0.62310781875 0.2577585515625 0.613350046875 0.2531945296875 0.6129582453125 0.24590339218750001 0.620294478125 0.22151062656249998 0.618539275 0.2081815796875 0.62002084375 0.2314968453125 0.6287986578125 0.2465640390625 0.6411035921875 0.25703384375 0.6431882328125 0.2795679015625 0.6419886515625 0.2854185171875 0.6390180515624999 0.28267983750000003 0.6317525421875
1 0.29930544062500003 0.55855584375 0.2871308578125 0.5525131890625 0.2598236828125 0.549660759375 0.234122525 0.5564330125 0.21697729687499998 0.5576716828125 0.2240709078125 0.5616687875 0.2615400296875 0.5686123171874999 0.2908046765625 0.5687528640624999 0.29882185781250004 0.5667305875 0.29930544062500003 0.55855584375
1 0.3092671890625 0.503676 0.300600928125 0.49988270625000003 0.27442641874999996 0.49467110468750003 0.2518923609375 0.4958706828125 0.2354398109375 0.4925948203125 0.25679760625000003 0.5040845171874999 0.25752365 0.5093984734375 0.2941128 0.5120312765625 0.29769808750000004 0.513779021875 0.31110409687499996 0.5117958375 0.3121597984375 0.5099382796875 0.3092671890625 0.503676
1 0.30732884375 0.4309185515625 0.27114631562499997 0.42061262031249996 0.257432446875 0.4246022640625 0.2379115609375 0.42123240468749995 0.2409581 0.426491453125 0.2602262921875 0.4365312125 0.2591487953125 0.443553821875 0.2712130484375 0.4402696 0.306900425 0.44375673125 0.31334495625000003 0.441938265625 0.3164350921875 0.436867209375 0.30732884375 0.4309185515625
1 0.28030505625 0.360920434375 0.2543396390625 0.35936904062499997 0.25901399375 0.3690877203125 0.320601390625 0.389621403125 0.3267380640625 0.389809396875 0.32752950625 0.37962819375 0.3141670921875 0.3712812734375 0.28030505625 0.360920434375
1 0.3160782921875 0.308595215625 0.29594169375 0.309238275 0.283800475 0.313024109375 0.2755524015625 0.31655123125 0.272231371875 0.3231271328125 0.278060190625 0.3253215859375 0.28285510468749997 0.3242085453125 0.289563896875 0.330713721875 0.2963162828125 0.326888796875 0.34669626249999996 0.325030340625 0.34865373593750004 0.32231845625 0.34434240312500003 0.31525675625 0.3160782921875 0.308595215625
1 0.36182618125 0.25153583749999997 0.3578009078125 0.247632728125 0.34382278125 0.2432987265625 0.326391496875 0.24137880625000002 0.31540474218750003 0.2376404171875 0.3021090609375 0.24895047812499999 0.2997667671875 0.25417043906250003 0.302450284375 0.256772509375 0.32016762656250003 0.2618510234375 0.3519836578125 0.2604318203125 0.36105654062500003 0.2565519859375 0.36182618125 0.25153583749999997
1 0.356258953125 0.18736075000000002 0.3444473890625 0.183975071875 0.3202855171875 0.1807150234375 0.2946613234375 0.186985659375 0.3135664953125 0.1943684421875 0.354026990625 0.2019075828125 0.3621980984375 0.198882078125 0.3623738265625 0.19271379375 0.356258953125 0.18736075000000002
1 0.36062277656249997 0.12878160624999999 0.332358665625 0.122120065625 0.304952728125 0.1249343046875 0.32166953593750003 0.1365338140625 0.3740955203125 0.146455403125 0.37904436406249997 0.1443391296875 0.3771304921875 0.136720909375 0.36062277656249997 0.12878160624999999
1 0.37677636406250004 0.0787531953125 0.36101649375 0.07096279531250001 0.33582071875 0.0643952515625 0.32893620156250003 0.0640583546875 0.323008621875 0.06753056874999999 0.32388859375 0.071841296875 0.3347765875 0.081246353125 0.37575403125 0.0904392421875 0.38152768125000003 0.0879702578125 0.3821433953125 0.08395733749999999 0.37677636406250004 0.0787531953125
1 0.391126409375 0.030433435937499996 0.39007240468750004 0.0227191296875 0.341122053125 0.019868096874999998 0.36405012812500004 0.026076159375 0.37547686874999997 0.031969912499999996 0.38684844375 0.033200226562500004 0.391126409375 0.030433435937499996
1 0 0.9116664984374999 0.0007447625 0.912144003125 0.0512350734375 0.919612421875 0.05917529218749999 0.9180917609374999 0.06197936875 0.9098621124999999 0.049364796875 0.90166409375 0.015557928125 0.8959666937499999 0.0060450609375 0.8976911640624999 0 0.9019172234375 0 0.9116664984374999
1 0 0.81173174375 0.010705175 0.8221120187500001 0.0159400765625 0.8231543390624999 0.0675848515625 0.8230985328125 0.0741833109375 0.8202768375 0.073996015625 0.8114515765625001 0.05560779375 0.80572254375 0.0181938390625 0.8034424515625 0.0062835125 0.8057234421875 0 0.8116763625000001 0 0.81173174375
1 0.0920621421875 0.7338892453125 0.0973188421875 0.7297665140625 0.09390928125 0.7218504859375 0.0838242984375 0.7172577687499999 0.071858809375 0.7148753234375 0.0604102703125 0.7141466234375 0.0492477875 0.7165765203125 0.0339394703125 0.7259350265625 0.03587514375 0.7283881953125 0.033972837500000005 0.7357635171875 0.0446735328125 0.7363433125000001 0.053075534375 0.7318129625 0.0687250765625 0.7302764859375 0.0920621421875 0.7338892453125
1 0.09956993125 0.6397503453125 0.0781133734375 0.633927315625 0.07280150625000001 0.6333866109375 0.0558653734375 0.6382854890625 0.0428775484375 0.6475890890625 0.0493772453125 0.6504340625 0.0506202375 0.657401765625 0.0541285625 0.659651125 0.06116700781249999 0.6589847890625 0.06815028749999999 0.6536550203125 0.08707725937500001 0.655872746875 0.1009014578125 0.6612099765624999 0.1126026890625 0.6552687796875001 0.11368018906249999 0.64824616875 0.09956993125 0.6397503453125
1 0.07768228125 0.5764612171875 0.06935724374999999 0.5804899515625 0.06807065 0.58385235625 0.054873734375000004 0.5894957484375001 0.06465085937500001 0.596094921875 0.0824451671875 0.6006718234374999 0.09094593281249999 0.5904748046875 0.1432615859375 0.59106951875 0.1297670421875 0.5785607749999999 0.09304576406250001 0.5717661484375001 0.07768228125 0.5764612171875
1 0.146074559375 0.5275291328125 0.1300837953125 0.521243578125 0.106746728125 0.51763081875 0.082178234375 0.5220438984375 0.073127153125 0.5207586765625 0.0732592828125 0.5249205015625 0.09345104843749999 0.5289408796874999 0.1070995203125 0.5404463921875 0.12357386875000001 0.5385572046875 0.1277530703125 0.54145708125 0.14791146875 0.53564896875 0.149275025 0.53178495 0.146074559375 0.5275291328125
1 0.1531770640625 0.4762155 0.153792778125 0.4722025796875 0.13488760625000001 0.4648198 0.118281128125 0.46254716562500003 0.0824731875 0.46989175312500003 0.07566563750000001 0.46905324375 0.0932290515625 0.4751349859375 0.1008614109375 0.4756207859375 0.10653629843750001 0.47881847187500004 0.124484534375 0.482392140625 0.1334804515625 0.479013921875 0.144852028125 0.4802442359375 0.1531770640625 0.4762155
1 0.175510925 0.41604497656249995 0.16939605 0.41069192968749996 0.1448711546875 0.40477490312500003 0.1326747703125 0.40389730156250003 0.116948265625 0.40593539375 0.0987807046875 0.4188601109375 0.11118618124999999 0.423397921875 0.11237401250000001 0.42570218593750003 0.11693803437500001 0.4260939890625 0.1594765625 0.420089528125 0.16538234375 0.42178236562500004 0.175510925 0.41604497656249995
1 0.187979125 0.334783346875 0.17348404687500002 0.328795596875 0.144912078125 0.324140515625 0.12684328281249999 0.33139856875 0.1166595359375 0.33247252031249996 0.123907075 0.33546639375 0.149564634375 0.3390242484375 0.182029746875 0.3434206140625 0.188782134375 0.3395956859375 0.187979125 0.334783346875
1 0.2023509703125 0.28129853437499996 0.19211205781250001 0.27770905 0.1483741328125 0.26641570312499996 0.1423695890625 0.2703895328125 0.13690379531250002 0.2708520578125 0.1443604265625 0.27750613749999997 0.16215473281249998 0.2820830390625 0.172162753125 0.28717736875 0.2066405015625 0.2935252875 0.21158934375 0.291409015625 0.21070937343749999 0.2870982890625 0.2023509703125 0.28129853437499996
1 0.2224194984375 0.22584635468749997 0.215402853125 0.221347634375 0.1928905953125 0.2173821625 0.172083115625 0.21737470625 0.16391200625 0.2204002109375 0.1502969015625 0.21872318906250002 0.15401431875 0.22463275624999998 0.168663325 0.2296172734375 0.17021417656249999 0.23457851875000002 0.1995557859375 0.2342174484375 0.22059415625 0.23272006093750003 0.22404731562500002 0.23030598281249998 0.2224194984375 0.22584635468749997
1 0.207229071875 0.15406886250000001 0.1823963203125 0.1501582953125 0.1608961640625 0.154665371875 0.1613361484375 0.156820734375 0.16783584375 0.15966570468750002 0.166835309375 0.1661867 0.195275146875 0.1666799578125 0.22459496093750003 0.17148394218750002 0.23059950312500002 0.1675101125 0.2290486515625 0.16254886875000002 0.207229071875 0.15406886250000001
1 0.2435744234375 0.1080608265625 0.2083706296875 0.0963989515625 0.1931828765625 0.094925740625 0.1917423546875 0.099291371875 0.1763237046875 0.099323003125 0.1698022109375 0.1016430859375 0.1774127734375 0.1072939375 0.22519777031250002 0.1173253375 0.2330610234375 0.1163062921875 0.241287296875 0.11794422499999999 0.24683005625 0.116980084375 0.24685185468749998 0.11181503125 0.2435744234375 0.1080608265625
1 0.23088021718750001 0.030060145312499998 0.20267127187499998 0.028062043749999998 0.189342225 0.0295436125 0.20009808750000002 0.034786846875 0.20239678125 0.03989699375 0.207323828125 0.0429457734375 0.2557027375 0.054129307812500006 0.2601346328125 0.0503592875 0.25365673593750004 0.0423492625 0.23088021718750001 0.030060145312499998
1 0.6588017640625 0.149381521875 0.6348707828125 0.14461662656250002 0.6005033656250001 0.147595584375 0.6494543921875 0.1650963046875 0.6667317484375 0.1680194546875 0.6724284359375 0.1660520859375 0.672758090625 0.1588805734375 0.6588017640625 0.149381521875