1 0.6761824828125 0 0.6937764078125 0.0213165609375 0.6915497765625 0.00204951875 0.6920851890625 0 0.6761824828125 0
1 0.6108468890625 0 0.6242659546875 0.020020040625 0.62795123125 0.016650271875 0.627018771875 0.007798181249999999 0.6245031156249999 0 0.6108468890625 0
1 0.5307230671875 0 0.5365640359375 0.014882956250000001 0.540667378125 0.0229659375 0.56054290625 0.043729254687500003 0.5650197578125 0.024486851562500002 0.5605124375 0.0074235937500000005 0.55671511875 0 0.5307230671875 0
1 0.46932018593749997 0.0089101796875 0.4688621484375 0.021400728124999997 0.47373118124999997 0.040026845312499996 0.49681985781250004 0.06743846875000001 0.49928140625 0.06601611562500001 0.4959195078125 0.053901909375 0.497888615625 0.0382938578125 0.486635546875 0.013788540625000002 0.48696908437499997 0.010406453125 0.477038365625 0.0012610328125 0.472991375 0.003067940625 0.46932018593749997 0.0089101796875
1 0.3886575765625 0.031776365625000004 0.3890756453125 0.043229114062500004 0.3939305890625 0.059382759375000004 0.40230404374999995 0.07385768125 0.41401515 0.08587245 0.4160727171875 0.0754698171875 0.41155130937499995 0.05593408749999999 0.3976558390625 0.0320696953125 0.393761528125 0.029713087500000002 0.3886575765625 0.031776365625000004
1 0.3164788375 0.0575365375 0.31835784375 0.07771319374999999 0.3272456890625 0.08958745781250001 0.3333243640625 0.1037936890625 0.341390165625 0.0952349265625 0.3518211890625 0.0993072203125 0.3289533421875 0.0487337265625 0.32148416874999997 0.0381659515625 0.317632125 0.0432267625 0.3164788375 0.0575365375
1 0.25112808124999997 0.074212890625 0.250655953125 0.0842309640625 0.256276590625 0.1109277453125 0.26484498749999996 0.12865656718750001 0.2724668421875 0.1350608265625 0.275151509375 0.14183731875 0.2737868953125 0.1190600078125 0.27691551406250003 0.11087347968750001 0.2737986921875 0.090171765625 0.2578033859375 0.069292584375 0.252866203125 0.06966481875 0.25112808124999997 0.074212890625
1 0.1850820765625 0.0927084703125 0.18246785000000001 0.0982943390625 0.18327580625 0.1162548921875 0.1977279328125 0.14493604375 0.20586417968749998 0.1487396453125 0.21368097656249999 0.15839780625 0.2103832953125 0.1369146625 0.201286415625 0.11931402499999999 0.1990879625 0.1049919296875 0.1949846203125 0.096908946875 0.1894907796875 0.09246442187500001 0.1850820765625 0.0927084703125
1 0.12999786875 0.14650887031249998 0.1373425390625 0.16618510625 0.14795441874999998 0.171038828125 0.15364320468749998 0.17873725625 0.155005525 0.1701538546875 0.1424841703125 0.10881781718750001 0.1361001359375 0.10293861875000002 0.12764444375 0.10498957499999999 0.12999786875 0.14650887031249998
1 0.0714187453125 0.144211509375 0.0729219484375 0.160352834375 0.08060015468750001 0.17664698437499998 0.08245098281249999 0.191878696875 0.092045875 0.1730454890625 0.0935467859375 0.1578260984375 0.08398957500000001 0.1213552921875 0.078857446875 0.1184736265625 0.0757006515625 0.1217152078125 0.0714187453125 0.144211509375
1 0.006566 0.12445401874999999 0.0029229890625 0.1352412015625 0.0033269671874999996 0.144221478125 0.0103521875 0.1697522734375 0.03312141875 0.20301845625 0.0312964734375 0.161370978125 0.0291402859375 0.15446629843749998 0.021866059375 0.147152425 0.012755090625000002 0.127079315625 0.006566 0.12445401874999999
1 0.8977745578125 0.034558634375 0.89677395 0.0447048953125 0.9002243109375 0.0620245234375 0.9132577640624999 0.0893991859375 0.9293916609374999 0.10364237812499999 0.9310875171875 0.091676890625 0.9321846687500001 0.0915941703125 0.9281656390625 0.0742290765625 0.925495059375 0.06992505624999999 0.91972174375 0.04739179375 0.91401886875 0.03722089375 0.9042690062500001 0.0288569 0.9000411609375 0.0298823796875 0.8977745578125 0.034558634375
1 0.8221877234375 0.050416596875 0.822258165625 0.06277896093749999 0.82804556875 0.08778469531250001 0.840160653125 0.108779740625 0.84565449375 0.11322426562500001 0.8479070078125 0.1060755390625 0.8561536671875001 0.09829820624999999 0.853288140625 0.09074028281249999 0.8463756265625 0.08498926875 0.8398788859374999 0.0593302890625 0.8400174765624999 0.052694300000000006 0.8337861234374999 0.042651584375 0.8272634984374999 0.043408373437499995 0.8221877234375 0.050416596875
1 0.755279703125 0.0724224484375 0.7558645359375 0.082184153125 0.7641557515625 0.1131849546875 0.7684258640625 0.11957689375 0.773294896875 0.13820300937500002 0.7850882421875001 0.1336919015625 0.7882168609375 0.12550537343749998 0.7723578546875001 0.0666294890625 0.7673643171875 0.0571118328125 0.7583942343750001 0.0617634484375 0.755279703125 0.0724224484375
1 0.7016659375 0.07469779843749999 0.6946148328125 0.0755827734375 0.6928907984375 0.08260331562499999 0.6943658265625 0.093799696875 0.7011820140625 0.11360411562499999 0.7052853578125 0.12168709687499998 0.7194580109375 0.1322795140625 0.726579559375 0.143756903125 0.7184269343749999 0.10612011406249999 0.7104151921875 0.09320805 0.7059219609375 0.078617265625 0.7016659375 0.07469779843749999
1 0.6351736906250001 0.07679568437499999 0.6236716171875 0.0705072890625 0.6208624453125 0.0728392578125 0.6195142125 0.08389513125 0.6295858140624999 0.11776527968749999 0.64768095625 0.1356592484375 0.65634568125 0.1393346671875 0.6509904328125 0.1282541515625 0.6498489390625 0.11367568593749999 0.646288165625 0.10793699062499999 0.6426569515625 0.08983593437500001 0.6351736906250001 0.07679568437499999
1 0.48861775625000003 0.1139939328125 0.485545490625 0.1320703515625 0.49678447031250006 0.1541031953125 0.504768034375 0.1620703140625 0.5204838656249999 0.1648607546875 0.5240446390625 0.17059945 0.52563008125 0.1702148953125 0.52327895 0.160056315625 0.5112061296875 0.1464786890625 0.49443104531250004 0.1125839 0.48861775625000003 0.1139939328125
1 0.5598099765625 0.1008524953125 0.5625650890625 0.11999135000000001 0.57042415 0.1370669296875 0.5862526875 0.159637153125 0.5934282953125 0.14964371875 0.581994371875 0.12435697187500001 0.58229973125 0.11602994062500001 0.5705463609375 0.09659775312499999 0.5634811656250001 0.09501025625000001 0.5598099765625 0.1008524953125
1 0.4136721109375 0.1495034921875 0.4181794296875 0.1665667515625 0.43032269218749997 0.1925067421875 0.44826515312500004 0.2145642265625 0.4446762015625 0.2038805875 0.442963965625 0.1820128875 0.42959697343750003 0.1580203109375 0.4236850671875 0.142123034375 0.4183720828125 0.1384599390625 0.4137966125 0.14039503125 0.4136721109375 0.1495034921875
1 0.3408944484375 0.1630294875 0.34353914375 0.19374927656250002 0.3469754140625 0.2085964328125 0.351912596875 0.2082242 0.35616862031249996 0.21214366562500003 0.367017709375 0.22766870625000002 0.371677709375 0.2405684484375 0.370660721875 0.2168815203125 0.360908565625 0.1771568140625 0.3503930125 0.1582496859375 0.3436895296875 0.158225046875 0.3408944484375 0.1630294875
1 0.27386192343750004 0.1941438 0.275184271875 0.20950369375000003 0.2811243546875 0.230345915625 0.29017896875 0.240529134375 0.308008721875 0.2428068375 0.306214246875 0.23746501874999998 0.297173721875 0.2297542703125 0.29375153906249996 0.21737958750000003 0.2949611796875 0.21295970312499998 0.2903011796875 0.200059959375 0.28744974375 0.194974509375 0.2801896046875 0.19013310781249998 0.27386192343750004 0.1941438
1 0.2100284609375 0.2294339484375 0.21486931718750002 0.24311512031250002 0.2299744296875 0.262559625 0.2403913640625 0.2641594453125 0.2339228 0.2434454109375 0.2419604265625 0.229941703125 0.230848240625 0.2301611140625 0.22730155624999998 0.22689489062499998 0.22336498124999998 0.21712086562500002 0.216980946875 0.21124166562500002 0.2123773 0.2082318140625 0.20710658125 0.21198613593750001 0.2100284609375 0.2294339484375
1 0.1502115171875 0.226611528125 0.15371823125 0.253821046875 0.1598391703125 0.275444696875 0.1714116859375 0.2940954546875 0.17563953125 0.2930699765625 0.18031132656249999 0.2770814765625 0.16775 0.2396887375 0.1593624578125 0.22274134218750002 0.15424441875 0.2223321484375 0.1502115171875 0.226611528125
1 0.104123278125 0.2493445453125 0.10381791874999999 0.25767157812499997 0.1077004328125 0.28891642812499996 0.11341739531249999 0.3015598 0.11785427500000001 0.3062606953125 0.12408333593750001 0.2849426984375 0.11984533281250001 0.2738662875 0.11595888750000001 0.252250853125 0.1122172578125 0.245730728125 0.1072659875 0.24363049062500003 0.104123278125 0.2493445453125
1 0.0366304234375 0.261588690625 0.0328347328125 0.2765393921875 0.03166735625 0.2883766953125 0.0349368578125 0.3049148953125 0.0420584078125 0.316392284375 0.0473432140625 0.315110434375 0.053043795312499996 0.2939206203125 0.057424321874999996 0.2887316265625 0.051803684375000006 0.262034846875 0.04718595 0.256552521875 0.0410109484375 0.256399696875 0.0366304234375 0.261588690625
1 0.0469297328125 0.366379115625 0.0489614171875 0.3823922546875 0.046932025 0.39773983125 0.055333656249999995 0.41715969687500004 0.061355976562500004 0.4214760375 0.0640406453125 0.42825253124999996 0.06882514843750001 0.4320438125 0.068921475 0.41799040625000006 0.07420628124999999 0.41670855781249994 0.0746924984375 0.40916295468749997 0.0638552046875 0.36474967187499996 0.055495839062499996 0.352747225 0.050753599999999996 0.3563733609375 0.0469297328125 0.366379115625
1 0.006763121875 0.3874589984375 0.007380053124999999 0.42280299374999997 0.023876109375 0.4379945796875 0.0170740078125 0.42066263125000003 0.0123576546875 0.3978729984375 0.006763121875 0.3874589984375
1 0.12238026875 0.38851785625 0.12346540624999999 0.39320643125 0.13820880625 0.41108808124999996 0.1413656015625 0.40784649687499996 0.14203267343749998 0.40108232499999996 0.1390685296875 0.37621709375 0.134199496875 0.3575909765625 0.12834394375 0.3515835921875 0.1218494953125 0.3572853265625 0.12238026875 0.38851785625
1 0.1795643109375 0.33173224375 0.17683966874999998 0.348899046875 0.17978972499999998 0.3712918046875 0.1880527640625 0.3973476609375 0.192322875 0.40373960000000003 0.19436635468750002 0.390864496875 0.1994843953125 0.3912736921875 0.20446384375 0.398318875 0.2065495875 0.392861190625 0.198509671875 0.37500418281250003 0.1996488703125 0.3582219328125 0.1934997546875 0.3316533390625 0.18817268125 0.3255177703125 0.18323549687500001 0.3258900046875 0.1795643109375 0.33173224375
1 0.30395223125 0.304862703125 0.301699715625 0.31201143125 0.301993278125 0.33257264062499997 0.309269796875 0.37124723125000003 0.31526394375 0.370618625 0.31661217656249996 0.3595627515625 0.32459344843750004 0.336169153125 0.3174014578125 0.3123294 0.313298115625 0.30424641874999997 0.3078183609375 0.3022743671875 0.30395223125 0.304862703125
1 0.24789329843750002 0.342393596875 0.2622491 0.3851281546875 0.2679778578125 0.3688832859375 0.26587573125 0.3405077828125 0.25846061875 0.3084691828125 0.2542186859375 0.307022190625 0.24896205624999998 0.31324898437500004 0.24789329843750002 0.342393596875
1 0.3808214390625 0.328307934375 0.395398071875 0.3478806234375 0.399416884375 0.341128771875 0.39223898125 0.3197614921875 0.3906935125 0.2962027484375 0.38672876093749997 0.2814837796875 0.3766735375 0.28144681875 0.3742965203125 0.2977040078125 0.3808214390625 0.328307934375
1 0.4434311734375 0.2949651984375 0.4456155359375 0.30681482187500003 0.454879184375 0.322724415625 0.458648990625 0.334189484375 0.46201482031249996 0.336674278125 0.46061613437500004 0.323396140625 0.463792915625 0.3081829109375 0.4596895734375 0.30009992812499997 0.45728208593749997 0.28005145625 0.45260799687500003 0.264679240625 0.44640481875000004 0.25958147343750004 0.44202429375 0.2647704671875 0.4434311734375 0.2949651984375
1 0.5019798265625 0.26095689843750003 0.5020220937500001 0.26837431562499997 0.5045822578125 0.2842592703125 0.5096039718750001 0.298721871875 0.5210238078125 0.32153614531249997 0.5242087796875 0.323239509375 0.52536206875 0.30892973125 0.5230509078125001 0.2748278546875 0.52053300625 0.26636031718750003 0.5139399390625 0.25475474375 0.50826524375 0.24952878906249998 0.5019798265625 0.26095689843750003
1 0.573672353125 0.242742328125 0.5731038984375 0.2668138078125 0.57690188125 0.2832238234375 0.590616496875 0.3063067859375 0.5957486249999999 0.3091884546875 0.593355228125 0.29161245625 0.6056911421875 0.2894456328125 0.602825615625 0.2818877109375 0.5991121625 0.28031253125 0.5896794546875 0.234733265625 0.5808056968749999 0.225331475 0.5774821328125 0.2302640984375 0.573672353125 0.242742328125
1 0.648953828125 0.23521139687499998 0.6532239390625 0.2416033359375 0.6595257343750001 0.2640084140625 0.6718075875 0.2833124171875 0.6745063453125 0.2925613828125 0.6805427546875 0.299350196875 0.672028415625 0.26015055 0.6694541625 0.24179312187500002 0.6716644109375001 0.227226975 0.66899383125 0.2229229546875 0.6551547140625 0.20894845312500002 0.653139409375 0.2267685 0.648953828125 0.23521139687499998
1 0.7731890671875 0.212505371875 0.7779335984375 0.2402399515625 0.7882964718750001 0.26331059375 0.7907016640625 0.25199835 0.7949295125 0.250972871875 0.800965921875 0.2577616859375 0.8009518328125 0.25528921250000003 0.7901826875 0.191877578125 0.787150396875 0.1860107 0.779737578125 0.1853328140625 0.77694249375 0.19013725625 0.7731890671875 0.212505371875
1 0.7234837015625 0.21960980624999998 0.722316325 0.2314471078125 0.7250714359375 0.2505859640625 0.733820690625 0.2690962171875 0.7377854421875 0.2838151890625 0.74795108125 0.272271215625 0.7438195609375 0.25924328750000003 0.7402424046875 0.21967140624999998 0.7364866875 0.2106788078125 0.7327591453125 0.206631159375 0.7287121546875001 0.208438065625 0.7234837015625 0.21960980624999998
1 0.8620983343749999 0.1818618546875 0.8555897968749999 0.1850911171875 0.8533231953125 0.18976737187499998 0.8532127812500001 0.20134830781250002 0.8586102953125 0.2198462390625 0.8641323125 0.229235709375 0.8714065390625001 0.236549584375 0.88556510625 0.2446695265625 0.8803202703125 0.2220080796875 0.8720994953125001 0.203369640625 0.86882999375 0.1868314421875 0.8620983343749999 0.1818618546875
1 0.9647709687500001 0.2323903578125 0.951644084375 0.1756728015625 0.94847790625 0.17163904218749998 0.9403275734375001 0.1653629703125 0.9334995875000001 0.174446790625 0.9389957203125 0.21025203124999997 0.96229343125 0.2433900296875 0.9647709687500001 0.2323903578125
1 0.981812159375 0.306020528125 0.9773185984375001 0.3107211296875 0.9779175203125 0.3229553078125 0.98604196875 0.35564715156250004 0.9979902859375 0.378333240625 0.998699621875 0.3789864859375 0.981812159375 0.306020528125
1 0.8934287515625 0.324466534375 0.8883388890624999 0.3290022859375 0.8864762640625001 0.3426588171875 0.8906218718750001 0.3581592171875 0.896505603125 0.3691115453125 0.907145659375 0.3789102125 0.922166240625 0.3835198828125 0.9275074015625 0.3921279265625 0.9246136984375 0.37962505625 0.9176730093750001 0.368929096875 0.8994369843750001 0.32631040312500004 0.8934287515625 0.324466534375
1 0.8072018609375 0.3305258296875 0.8056868609375 0.3432727484375 0.8105699828124999 0.36437133906249997 0.81557760625 0.3763614671875 0.8344243499999999 0.4023260984375 0.838847140625 0.4045545203125 0.8423515593750001 0.400403325 0.8421284390625001 0.3922044765625 0.835535371875 0.380598903125 0.8299710906250001 0.3637920140625 0.827201890625 0.34218068437500004 0.8181331875 0.3295249921875 0.8130010609375 0.3266433234375 0.8072018609375 0.3305258296875
1 0.7381681203125 0.3819326640625 0.739795828125 0.3889655265625 0.7553049171875 0.417390309375 0.7600894203124999 0.421181590625 0.7625509687500001 0.4197592375 0.7582385921875 0.40594988125000003 0.7594341453125 0.3990575234375 0.755788840625 0.3784839921875 0.7571511625 0.369900590625 0.751363759375 0.34489485468750003 0.74482704375 0.3431791703125 0.7401129828124999 0.3517502515625 0.7381681203125 0.3819326640625
1 0.6645684125 0.37502563125 0.673054575 0.409280334375 0.686268884375 0.43743642656250004 0.6875889390625 0.421435609375 0.6966012890625 0.42420141093749997 0.6978109328125 0.41978152656249995 0.695487975 0.414567890625 0.689284796875 0.4094701203125 0.686238415625 0.40113076718749996 0.68242634375 0.3822482796875 0.6834128640625 0.3696295484375 0.6770147421875 0.3612778765625 0.6727728078124999 0.3598308828125 0.6645684125 0.37502563125
1 0.5941959453125001 0.37723938281249997 0.5955746453125 0.40248916875 0.5984683468750001 0.41499203749999997 0.606508265625 0.43284904375 0.6113327421875 0.4126970296875 0.61347255 0.3857685203125 0.6104120796875 0.3749566953125 0.6036240687500001 0.3600972203125 0.5958918015625 0.3652738953125 0.5941959453125001 0.37723938281249997
1 0.53141715 0.3809124484375 0.52856800625 0.40718771406250004 0.5408639453124999 0.4289641859375 0.5518657171875 0.44032571093749995 0.5542027609375 0.44801181718749994 0.5553560484375 0.43370204218749997 0.5472456875 0.403482671875 0.5451576499999999 0.3775796421875 0.54124925 0.37275056093750003 0.53684055 0.3729946109375 0.53141715 0.3809124484375
1 0.46879332968750004 0.411782709375 0.47275808125 0.4265016828125 0.4846923078125 0.44671529843749996 0.492828553125 0.45051889999999994 0.4956377234375 0.44818693125 0.4870834140625 0.43293058125000006 0.4866653484375 0.42147783125 0.483257253125 0.41157562187499996 0.4816013703125 0.39959781250000004 0.48385388437500004 0.3924490859375 0.4814886625 0.3798180328125 0.4702238 0.38420095781249997 0.46747097968749995 0.396422815625 0.46879332968750004 0.411782709375
1 0.3900333171875 0.39704906875 0.3901319359375 0.414356375 0.3937490640625 0.42998496093750005 0.40412602499999994 0.45552807656249994 0.40993931406249995 0.45411804375 0.41060638593750004 0.44735387031249996 0.4062658328125 0.4285995671875 0.40791942499999995 0.4092166625 0.410923540625 0.410138596875 0.40727823750000003 0.389565065625 0.399099728125 0.378344046875 0.3946910265625 0.3785880953125 0.3900333171875 0.39704906875
1 0.32617167812500003 0.4273942703125 0.3288304625 0.46058653281249995 0.3422115421875 0.48705158437499996 0.34591090625 0.48615428906249997 0.3472568453125 0.4437377015625 0.3398417359375 0.41169910156249995 0.332943309375 0.408420559375 0.329077175 0.41100889687500003 0.32617167812500003 0.4273942703125
1 0.2621432703125 0.4594305171875 0.27306280156249996 0.487317921875 0.2805860359375 0.47641487343750005 0.2819201796875 0.46288652499999994 0.274448715625 0.420958034375 0.26615979218749997 0.4213179484375 0.26424081250000003 0.42508459062500004 0.2621432703125 0.4594305171875
1 0.197584090625 0.4602342359375 0.20014425624999999 0.47611919062499997 0.20961693593750003 0.49775515937500003 0.21305320625 0.5126023156249999 0.21319179843749997 0.5059663265625 0.22410903750000002 0.5024930140625 0.224623428125 0.49989235625 0.2179880984375 0.480869365625 0.2097932078125 0.435815159375 0.204994615625 0.42955140468749997 0.19881961718750002 0.4293985796875 0.197584090625 0.4602342359375
1 0.1406726453125 0.4410264421875 0.1358340828125 0.458705984375 0.1391881140625 0.4900790171875 0.153987865625 0.5178505578125 0.15642123593749999 0.5114832578125 0.1561276734375 0.4909220484375 0.15289814375 0.45044055156249996 0.1471952703125 0.440269653125 0.1440102984375 0.43856628906250006 0.1406726453125 0.4410264421875
1 0.025787875 0.5258376109375 0.013294698437499999 0.46944652031249995 0.0081561734375 0.46726685156250003 0.009013400000000001 0.51637730625 0.009153675 0.5166675484375001 0.016608759375 0.5247628515625 0.022241190625 0.5225713890625 0.025787875 0.5258376109375
1 0.035626853125 0.6117578671875 0.030356134375 0.615512190625 0.030643734375 0.6432824359375 0.036117653124999996 0.6669336953125 0.050722462499999996 0.6914513312499999 0.050985554687500004 0.6757068828125 0.053599784375 0.6701210109375 0.0487589265625 0.6564398406249999 0.042539367187499996 0.61750888125 0.035626853125 0.6117578671875
1 0.0915072203125 0.6048062609375 0.09175851874999999 0.6179500531250001 0.0970174421875 0.6430839749999999 0.11020357656249999 0.666295121875 0.11262285937500001 0.6574553515625 0.10587482031249999 0.6186525765625001 0.107417996875 0.61085060625 0.1047192390625 0.6016016390625001 0.09887777343750001 0.598066728125 0.0937738234375 0.60013000625 0.0915072203125 0.6048062609375
1 0.1585161546875 0.631468434375 0.1706171484375 0.6499910046874999 0.1742061 0.6606746453125 0.1769166515625 0.64103536875 0.18110223281249999 0.632592471875 0.1795567640625 0.60903373125 0.17414516093750002 0.5880633265624999 0.16691319843750002 0.5881668703125 0.1627276171875 0.5966097671874999 0.1585161546875 0.631468434375
1 0.22049878750000002 0.5809465734375 0.22186340000000002 0.6037238875 0.2364282359375 0.6521848203125 0.2434229890625 0.64140995625 0.24664793437500002 0.6191700234375 0.24372605625000002 0.6017222109375 0.2351294796875 0.5790484421875 0.227326771875 0.571862753125 0.2227513015625 0.5737978453125 0.22049878750000002 0.5809465734375
1 0.288228853125 0.5793737484375 0.2915406203125 0.603329365625 0.3030990484375 0.61950765 0.3097320875 0.6071699265625 0.30672567812499996 0.5748872781250001 0.3008560375 0.5664074218749999 0.2939576109375 0.563128878125 0.288228853125 0.5793737484375
1 0.36060253593749997 0.5568674765625 0.36536115625 0.5870745281249999 0.3772672078125 0.6023432 0.3839566015625 0.599895365625 0.3873506078125 0.607325103125 0.3855279546875 0.5970383390625 0.38124375625 0.5881739265625 0.3775843625 0.5651279234375 0.370920853125 0.5411599875 0.362436984375 0.5382660015625 0.36060253593749997 0.5568674765625
1 0.4206966625 0.54641791875 0.42079528125000004 0.563725228125 0.42656859531249997 0.586258490625 0.4299485140625 0.59121575625 0.43698553125000006 0.5878583109375 0.437720753125 0.5620957859375 0.43534144374999995 0.546992259375 0.43632796249999994 0.534373525 0.43418586406250004 0.529941321875 0.429568128125 0.5244589953125 0.42499265781249995 0.5263940875 0.4206966625 0.54641791875
1 0.482068578125 0.5125501234375001 0.47963520624999995 0.5189174234375 0.4802341296875 0.5311516000000001 0.4854648765625 0.5513405765625 0.4959804296875 0.570247703125 0.5044783875000001 0.5756141625 0.513018609375 0.588398040625 0.5127954875 0.5801991953125001 0.5035177515625 0.5618171265624999 0.504518359375 0.551670865625 0.49186070624999995 0.5283315328125 0.4877291875 0.51530360625 0.482068578125 0.5125501234375001
1 0.5434286984375001 0.507570571875 0.55080154375 0.5321917515625 0.5543764062500001 0.5404029203125 0.56592074375 0.55410873125 0.575419309375 0.54932893125 0.565056434375 0.5262582890624999 0.5511609625 0.5023938968749999 0.54409576875 0.5008063968750001 0.5434286984375001 0.507570571875
1 0.6135639562499999 0.4946855015625 0.614942659375 0.5199352859374999 0.6132327125 0.5294283015625 0.614665475 0.5332072625000001 0.6228158078125 0.5394833390625 0.63138420625 0.5572121609375 0.6343460578125 0.5507166781249999 0.6358469703125 0.5354972859375 0.6262615828125 0.4940815359375 0.61969669375 0.4874209078125 0.615649703125 0.4892278140625 0.6135639562499999 0.4946855015625
1 0.688152475 0.5203345125000001 0.6947455421875001 0.5319400859375001 0.7181536656249999 0.5534971515625 0.72254828125 0.5507806296875 0.7194596328125 0.5350238609375 0.717317534375 0.5305916546875 0.7120186390625001 0.5294010296875 0.7079293843750001 0.5237905203125 0.7003334171875 0.49097049375 0.6953539671875 0.483925309375 0.6970920890625 0.47937723906249996 0.687217725 0.4801217078125 0.68214195 0.48712992968749996 0.688152475 0.5203345125000001
1 0.7528761312500001 0.4864790390625 0.761153259375 0.515007365625 0.7704169078125 0.5309169609375 0.7801667703125 0.539280953125 0.78659306875 0.5525775703125 0.7872742296874999 0.5482858703125 0.7812918828125001 0.5200262296875 0.7891909171875 0.5131585140625 0.7771462734375 0.50452583125 0.7710816875 0.492792071875 0.7719014390625001 0.48186438281250005 0.774877378125 0.47784137187500003 0.758966603125 0.471797028125 0.7533482593749999 0.47646096250000003 0.7528761312500001 0.4864790390625
1 0.8305228281250001 0.49157915937499996 0.8362961453125 0.5141124234375 0.853812675 0.5439759875 0.856993715625 0.555308765625 0.8590935484375001 0.5523235515625 0.8581470015624999 0.5409989890625 0.8605521953125 0.5296867453125 0.86704664375 0.5239850109375 0.8656138828125 0.5202060484375 0.854278578125 0.5122266125 0.8460296265625 0.4886432296875 0.8452639359375 0.47810009375 0.8392416140625001 0.47378375312500004 0.8309667781250001 0.476616140625 0.8305228281250001 0.49157915937499996
1 0.9190703812500001 0.459372784375 0.9137996640624999 0.46312710625 0.9144267625 0.4803062296875 0.92300925 0.500507525 0.9565712156249999 0.5394088578125 0.958323425 0.5373332609375 0.9497127624999999 0.51218701875 0.9484045015625 0.499299596875 0.93590029375 0.4822503203125 0.9268590031249999 0.464086 0.9190703812500001 0.459372784375
1 0.9620132874999999 0.5966849234375 0.9526533140625 0.594828734375 0.9482727890625 0.6000177296875 0.9508470421874999 0.6183751562500001 0.9590959937499999 0.641958540625 0.976481796875 0.6591992640625 0.988998565625 0.657813871875 0.9905699203125 0.6549568421874999 0.985576384375 0.6454391859374999 0.979774890625 0.6179609796875 0.9719862718750001 0.6132477640625 0.968578178125 0.6033455515624999 0.9620132874999999 0.5966849234375
1 0.845094540625 0.6341222375 0.85052023125 0.657565115625 0.8581984374999999 0.673859265625 0.8695900953125 0.69172859375 0.8755983281249999 0.6935724609375 0.8789078031249999 0.686167365625 0.872770875 0.6741210343749999 0.8636477203125 0.639525659375 0.86360545625 0.6321082421875001 0.8511850125 0.6194402265625001 0.8462619171875 0.622284934375 0.845094540625 0.6341222375
1 0.76869975 0.632019646875 0.7720115187500001 0.655975265625 0.775781325 0.6674403343749999 0.7868253609375 0.686219275 0.8027643125000001 0.697208565625 0.805935196875 0.6964394578124999 0.786863040625 0.630915265625 0.7788653890624999 0.6204756734375 0.7718001937500001 0.6188881765625001 0.76869975 0.632019646875
1 0.7126526156249999 0.640662296875 0.7106373109375 0.6584823453124999 0.70542294375 0.6721265578125 0.7070365625 0.6766869468750001 0.7174675875000001 0.6807592390625 0.726425875 0.7049958671875001 0.7337282796875 0.7172546828125 0.732168721875 0.6912234703125 0.737702534375 0.6717246984374999 0.7351705453124999 0.6607846890625 0.7241124234375 0.6395332734375 0.7186185828125 0.6350887484375 0.7126526156249999 0.640662296875
1 0.63317146875 0.6541636515625 0.6325466640624999 0.6683452437499999 0.6416998953124999 0.695835771875 0.6596423578125 0.71789325625 0.668377525 0.7339310375 0.6692113640625 0.72547581875 0.659640065625 0.6865325421875 0.646954234375 0.6582482640625 0.64144630625 0.6513312640625 0.63317146875 0.6541636515625
1 0.574676875 0.6667011281249999 0.5747332296875001 0.67659101875 0.581063203125 0.70394104375 0.592121325 0.7251924578125 0.596100165625 0.7423839015625 0.598073203125 0.717146434375 0.6029963 0.7143017281249999 0.58955886875 0.6779467890624999 0.589711546875 0.6737832703125 0.5818806624999999 0.6616526390625 0.5795858828125 0.661383946875 0.574676875 0.6667011281249999
1 0.5037641296875 0.69793130625 0.5094552078125 0.7369904468749999 0.519400015625 0.7486083421874999 0.5246307609375 0.76879731875 0.52848280625 0.7637365093749999 0.529941453125 0.7410997 0.5373401828125 0.7393051109375001 0.52881405 0.72899370625 0.5166144359375 0.693163825 0.5119967 0.6876815015625 0.50564084375 0.6867472453125 0.5037641296875 0.69793130625
1 0.4465659984375 0.752244446875 0.45641448125000006 0.777915746875 0.4639518015625 0.7694851703125 0.4572155609375 0.7017941546875 0.45471174843749995 0.6957990890625 0.4443229890625 0.6991442171875 0.4419459734375 0.71540140625 0.4465659984375 0.752244446875
1 0.379279884375 0.7388542515625 0.388738478125 0.7580177484374999 0.39779309218750003 0.76820096875 0.40488646250000004 0.7747334125 0.4128277625 0.7752831109375 0.4124378734375 0.7687753093749999 0.40923881093750003 0.764599471875 0.41271505625 0.7555033328125 0.40598339531249994 0.750533746875 0.382072675 0.7026890953125 0.3785400796875 0.7018953484375 0.37346430625 0.708903571875 0.379279884375 0.7388542515625
1 0.30295324375 0.717753309375 0.3008674984375 0.72321099375 0.30271832656250003 0.7384427046875001 0.308463465625 0.7560310234375 0.30959086875 0.768137015625 0.32657269375000003 0.7763974640625 0.33274769531250004 0.7765502875 0.3341381921875 0.7729118328125 0.3313830828125 0.7537729765625001 0.3160407609375 0.72365715 0.308238053125 0.716471459375 0.30295324375 0.717753309375
1 0.24209572031249998 0.749020446875 0.24393246093749998 0.7617796859375 0.2513053078125 0.786400865625 0.2687192875 0.8085865359375 0.26771638750000004 0.78737208125 0.2574216625 0.7453030859374999 0.250856771875 0.7386424578125 0.244695859375 0.7409621046875 0.24209572031249998 0.749020446875
1 0.1824055734375 0.7684502828124999 0.1882211546875 0.7984009624999999 0.2030068203125 0.823700028125 0.2071219578125 0.8028947687500001 0.19393353124999999 0.7483229062500001 0.18967751093750002 0.744403440625 0.1830022046875 0.7493237453125 0.1824055734375 0.7684502828124999
1 0.1259826375 0.7730576015625 0.1252051515625 0.7914027078125 0.129768825 0.81835585625 0.13245349374999998 0.82513235 0.138475815625 0.829448690625 0.14234194687499999 0.826860353125 0.146846978125 0.812562896875 0.1379568390625 0.76932791875 0.132991478125 0.7647552078125 0.1287636328125 0.7657806875000001 0.1259826375 0.7730576015625
1 0.06465069531249999 0.7829820984375 0.0639178609375 0.7870505328124999 0.07545784531250001 0.8369115453125 0.084542603125 0.8375786015625 0.079603128125 0.8065901203125 0.080408790625 0.793189959375 0.076638984375 0.7817248890624999 0.07203533749999999 0.7787150390625001 0.06465069531249999 0.7829820984375
1 1 0.780486375 0.995640775 0.7709190078125 0.989966078125 0.7656930515625 0.9813436187500001 0.7694350531249999 0.9837511046875 0.789483521875 0.9978978749999999 0.8264917078125 1 0.8294659046874999 1 0.780486375
1 0.896925290625 0.7833086406249999 0.8905553453125 0.7799019140625 0.884241753125 0.7863850765625 0.8841313390625001 0.7979660109375 0.8870250421874999 0.8104688796874999 0.8913233296874999 0.8218057640625 0.8986116453124999 0.8315921093749999 0.914550596875 0.8425814 0.91612195 0.8397243718749999 0.9242300171875 0.838583028125 0.9201125859375001 0.8280275734375 0.911962253125 0.8217514984375001 0.9035888 0.807276578125 0.896925290625 0.7833086406249999
1 0.8007840609375 0.814055703125 0.8044434546874999 0.83710170625 0.8062379296875 0.8424435265625 0.8184916046874999 0.8568025828125 0.8333595062500001 0.8655757703125 0.8333172421875 0.8581583515625001 0.8396449234375 0.8541476609374999 0.8403260828124999 0.849855959375 0.836584453125 0.8433358359375 0.828267353125 0.8387508046875001 0.8221605015625 0.819599628125 0.8213666343750001 0.8041115484375 0.8103789515625 0.7952224953125 0.802980221875 0.797017084375 0.8007840609375 0.814055703125
1 0.7479523671874999 0.8607073765625 0.7555742203125 0.8671116359375001 0.7594544421875 0.8669957703125 0.7708038359375 0.8774476796874999 0.7730281734375 0.8653540078124999 0.7697445828125 0.8463433359374999 0.7559618171875 0.8422587234375 0.73362245 0.7915570484375001 0.72719844375 0.8096211437499999 0.7365888875 0.8477829937499999 0.7479523671874999 0.8607073765625
1 0.6697185453125 0.8144848328125001 0.6705265 0.8324453859375 0.6771900078125 0.8564133234375 0.6923092109375 0.8783303015625 0.6950079671875 0.8875792703125001 0.69905495625 0.885772359375 0.694171834375 0.8646737718749999 0.6995388796875 0.8468660421875001 0.6904560890625 0.8317378765625 0.6914848734375 0.8265365625 0.67692233125 0.8094363437500001 0.672513628125 0.8096803937500001 0.6697185453125 0.8144848328125001
1 0.615994365625 0.82834111875 0.6117665203125 0.8293665984375 0.61276941875 0.8505810500000001 0.6178052218750001 0.8675161250000001 0.64074121875 0.899091265625 0.6428974078125 0.90599594375 0.6411992578125 0.8866007171874999 0.63833373125 0.8790427953125001 0.6390008046875 0.872278621875 0.6346602531250001 0.8535243187500001 0.6273860250000001 0.846210446875 0.62361621875 0.8347453765624999 0.615994365625 0.82834111875
1 0.5468597140625 0.8310799296875 0.5442595765625 0.8391382703125 0.5491708734375 0.8651818046875001 0.55365001875 0.8773001171875 0.5625519546875 0.8916468546875 0.583261321875 0.903954953125 0.5823006859375 0.8901579171874999 0.5840528953125 0.8880823187500001 0.5824392765625 0.8835219296875 0.5578755703125 0.844913925 0.5569572015625 0.83853430625 0.5468597140625 0.8310799296875
1 0.461245834375 0.8518458750000001 0.461692078125 0.8682435703125 0.4696215796875 0.8976815109375 0.484698515625 0.9121810734375 0.49022053281250005 0.92157054375 0.4899974125 0.9133716984375001 0.48226285312500006 0.8871876578125001 0.4723721078125 0.8540989390625 0.46564044843749997 0.8491293531249999 0.461245834375 0.8518458750000001
1 0.40219458125 0.859566590625 0.40314112812499997 0.8708911562500001 0.4111692515625 0.9176364046875 0.41772005312499993 0.9218245625 0.420571490625 0.9269100109374999 0.42386687656250005 0.917032440625 0.42058328749999996 0.89802176875 0.4212221828125 0.8863126515624999 0.4123743078125 0.8504950890625 0.408118284375 0.8465756234375 0.404252153125 0.8491639609374999 0.40219458125 0.859566590625
1 0.3387064515625 0.8625864109375 0.3373441296875 0.8711698125 0.3432983015625 0.8944845062500001 0.3524092703125 0.9145576156249999 0.3589741609375 0.9212182437499999 0.3632865375 0.9350276015625001 0.36748620625 0.9290571765625 0.36598300156249997 0.9129158531250001 0.370196759375 0.9094179 0.35698244843750004 0.8812618078125001 0.3462860375 0.8615732515625 0.342391728125 0.85921664375 0.3387064515625 0.8625864109375
1 0.274567628125 0.9062035921874999 0.2815928515625 0.9317343875 0.2954601453125 0.950653834375 0.2973932125 0.9493596656250001 0.2973509484375 0.9419422484375 0.30422119687500004 0.9402758453125 0.292244703125 0.9126448125 0.28413434375 0.8824254390625 0.277583540625 0.878237284375 0.273369784375 0.881735234375 0.274567628125 0.9062035921874999
1 0.21326157031249998 0.8897123203125 0.21718635000000003 0.9283745890624999 0.22238892031250002 0.9436186187500001 0.227326103125 0.943246384375 0.234114115625 0.958105859375 0.23926033124999999 0.9634600000000001 0.24149875625 0.9538388 0.2304524296875 0.9036991437499999 0.22600146250000003 0.896525775 0.22401204218749998 0.887930053125 0.22063212499999998 0.8829727875 0.215528175 0.885036065625 0.21326157031249998 0.8897123203125
1 0.14189078593749999 0.9334330468750001 0.1522818375 0.961448634375 0.1595842421875 0.9737074531250001 0.16004228125 0.9612169046875 0.16407518125 0.9569375234375 0.1649231109375 0.9509547812499999 0.1547528890625 0.8997773234374999 0.1490922796875 0.897023840625 0.14403059375 0.9065045375 0.14189078593749999 0.9334330468750001
1 0.093629978125 0.915428196875 0.10610906875 0.969346815625 0.10822298906250001 0.9688340765625 0.1126739578125 0.9760074453125 0.11442616875 0.9739318453125 0.10798578125 0.9581627562499999 0.0989147875 0.9141463484375001 0.093629978125 0.915428196875
1 0.0720546796875 0.47252530937500004 0.0778420828125 0.49753104375 0.095840896875 0.52947841875 0.09165073124999999 0.4751998875 0.0869625546875 0.45735519843750005 0.08252567499999999 0.452654303125 0.0753078015625 0.4552303203125 0.0720546796875 0.47252530937500004