1 0.06418716249999999 0.132834425 0.06598680312500001 0.12535079531249999 0.0707858421875 0.11973807343750001 0.074985003125 0.09635173124999999 0.07318536249999999 0.0542563140625 0.0647870421875 0.051449953125 0.05878824218749999 0.060804490625 0.0557888421875 0.0729653875 0.0557888421875 0.10196445312499999 0.059388121875 0.122544434375 0.0635872828125 0.1262862484375 0.06418716249999999 0.132834425
1 0.136172765625 0.108512628125 0.142171565625 0.10102899843749999 0.143371325 0.07764265625 0.142171565625 0.067352665625 0.1337732453125 0.051449953125 0.130173965625 0.0505145 0.1259748046875 0.05519176875 0.11937612500000001 0.0954162765625 0.1187762453125 0.122544434375 0.125374925 0.11973807343750001 0.1307738453125 0.13376987812500002 0.136172765625 0.108512628125
1 0.19316136718750002 0.122544434375 0.197360528125 0.083255378125 0.19316136718750002 0.0542563140625 0.1865626875 0.0542563140625 0.1799640078125 0.0729653875 0.1781643671875 0.0954162765625 0.18596280781250002 0.1113189890625 0.185362928125 0.122544434375 0.19316136718750002 0.122544434375
1 0.24415117031250003 0.129092609375 0.24655069062499999 0.10664172187500001 0.2561487703125 0.0954162765625 0.25134972968749997 0.056127221875 0.24775045 0.05238540625 0.2435512890625 0.053320860937500006 0.2303539296875 0.083255378125 0.230953809375 0.09869036406250001 0.22795440937499997 0.1113189890625 0.23755248906249998 0.10570626718750001 0.24415117031250003 0.129092609375
1 0.31433713281250003 0.0785781109375 0.3149370125 0.0505145 0.3113377328125 0.046772684375 0.30473905156250003 0.046772684375 0.3005398921875 0.05238540625 0.2945410921875 0.1169317125 0.29814037187500003 0.1169317125 0.3095380921875 0.0991580921875 0.31433713281250003 0.0785781109375
1 0.377324534375 0.0664172125 0.3725254953125 0.0542563140625 0.3689262140625 0.05238540625 0.3629274140625 0.0598690359375 0.35452909374999997 0.0898035546875 0.353329334375 0.1216089796875 0.368326334375 0.127221703125 0.37612477499999997 0.10289990625 0.377324534375 0.0664172125
1 0.44151169843750004 0.1094480828125 0.4427114578125 0.07577175 0.439112178125 0.065481759375 0.43431313749999995 0.0636108515625 0.42891421718749995 0.0682881203125 0.42531493749999993 0.0898035546875 0.42471505625 0.1094480828125 0.4313137375 0.1262862484375 0.43431313749999995 0.113189896875 0.44151169843750004 0.1094480828125
1 0.51409718125 0.07577175 0.5104979000000001 0.0645463046875 0.503299340625 0.067352665625 0.4931013796875 0.0954162765625 0.5056988609374999 0.1300280640625 0.5128974203125 0.10570626718750001 0.51409718125 0.07577175
1 0.5758848234375 0.1356407859375 0.579484103125 0.10289990625 0.57528494375 0.0729653875 0.5680863828125 0.0729653875 0.5632873421875 0.1047708140625 0.5626874625 0.11225444375 0.5680863828125 0.132834425 0.570485903125 0.1309635171875 0.5758848234375 0.1356407859375
1 0.6424715062499999 0.11038353593750001 0.6424715062499999 0.082319925 0.6382723453125 0.06922357343749999 0.6304739046875001 0.07202993437500001 0.629874025 0.08793264687499999 0.6232753453125001 0.10102899843749999 0.622675465625 0.1113189890625 0.629874025 0.122544434375 0.6304739046875001 0.1393826 0.6424715062499999 0.11038353593750001
1 0.7006598687500001 0.1347053328125 0.7054589078125 0.10102899843749999 0.704859028125 0.0888681015625 0.7006598687500001 0.082319925 0.6964607078125 0.0795135640625 0.6916616671875 0.0841908328125 0.6850629875 0.11506080468749999 0.6850629875 0.1421889609375 0.686862628125 0.1356407859375 0.698860228125 0.13751169375 0.7006598687500001 0.1347053328125
1 0.7594481109375 0.09260991562500001 0.7558488296875 0.0851262859375 0.747450509375 0.0944808234375 0.7438512296875001 0.11506080468749999 0.7438512296875001 0.13376987812500002 0.7558488296875 0.154349859375 0.7600479906250001 0.1309635171875 0.7594481109375 0.09260991562500001
1 0.802639471875 0.1169317125 0.805638871875 0.11225444375 0.802639471875 0.1047708140625 0.802639471875 0.1169317125
1 0.8554289140625 0.1421889609375 0.86202759375 0.127221703125 0.86202759375 0.10570626718750001 0.854829034375 0.0795135640625 0.85002999375 0.0804490171875 0.8476304734375001 0.08793264687499999 0.84103179375 0.12347988750000001 0.8476304734375001 0.1309635171875 0.8542291546874999 0.15528531406249999 0.8554289140625 0.1421889609375
1 0.91421715625 0.129092609375 0.9148170359375 0.12347988750000001 0.907018596875 0.0916744625 0.9010197953124999 0.0898035546875 0.8968206359374999 0.0982226375 0.8938212359375 0.11973807343750001 0.8980203953125001 0.13844714687499998 0.904019196875 0.1459307765625 0.91421715625 0.129092609375
1 0.0755848828125 0.193638915625 0.0713857234375 0.183348925 0.06598680312500001 0.1805425625 0.06058788281250001 0.1861552859375 0.0557888421875 0.21047708125 0.0545890828125 0.2282507015625 0.06058788281250001 0.2591206734375 0.0743851234375 0.2273152484375 0.0755848828125 0.193638915625
1 0.130173965625 0.2535079515625 0.13857228593749998 0.23386342343750002 0.1397720453125 0.214218896875 0.134373125 0.188961646875 0.1289742046875 0.1861552859375 0.12357528437500001 0.1927034609375 0.120575884375 0.214218896875 0.10857828437499999 0.24789522968750002 0.12117576562500001 0.24695977500000002 0.130173965625 0.2535079515625
1 0.1889622078125 0.2600561265625 0.197360528125 0.2591206734375 0.1997600484375 0.20392890624999999 0.197360528125 0.1927034609375 0.19316136718750002 0.1870907390625 0.185362928125 0.1880261921875 0.1811637671875 0.1992516375 0.1799640078125 0.25444340468750004 0.185362928125 0.26379794218749997 0.1889622078125 0.26379794218749997 0.1889622078125 0.2600561265625
1 0.26334733125 0.2282507015625 0.2651469703125 0.21608980312499998 0.26334733125 0.1917680078125 0.25974805 0.183348925 0.25554889062499997 0.183348925 0.25014997031249997 0.19457436875 0.24655069062499999 0.1964452765625 0.2471505703125 0.2235734328125 0.252549490625 0.2591206734375 0.2531493703125 0.25070159062499997 0.26334733125 0.2282507015625
1 0.31013797187500003 0.2535079515625 0.3191361734375 0.22918615468749998 0.32453509375 0.2226379796875 0.32333533281250004 0.18521983125000002 0.31973605312500003 0.1777362015625 0.31433713281250003 0.1758652953125 0.3059388125 0.1973807296875 0.3023395328125 0.2179607109375 0.3059388125 0.236669784375 0.3083383328125 0.2376052390625 0.31013797187500003 0.2535079515625
1 0.38872225625 0.1927034609375 0.38692261562499997 0.1777362015625 0.377924415625 0.1758652953125 0.36532693437499997 0.20299345156249998 0.37072585468749997 0.23386342343750002 0.380923815625 0.2394761453125 0.38692261562499997 0.2179607109375 0.38872225625 0.1927034609375
1 0.44511097812499995 0.1814780171875 0.439112178125 0.174929840625 0.43491301718750003 0.1777362015625 0.42711457656249996 0.20392890624999999 0.42711457656249996 0.23573433124999998 0.43311337656250004 0.2329279703125 0.435512896875 0.2394761453125 0.44511097812499995 0.1814780171875
1 0.509298140625 0.2600561265625 0.51409718125 0.25163704375 0.518296340625 0.23479887812500003 0.5176964609375 0.20392890624999999 0.5134972999999999 0.1814780171875 0.509298140625 0.179607109375 0.503299340625 0.1964452765625 0.5038992203125 0.20673526718750002 0.5014997 0.214218896875 0.5026994593749999 0.24508886875 0.509298140625 0.2600561265625
1 0.5836832640625 0.2591206734375 0.592081584375 0.23012160937499998 0.5908818234375001 0.21702525781249998 0.5830833828124999 0.1917680078125 0.5758848234375 0.1917680078125 0.5722855421874999 0.20673526718750002 0.5728854234375 0.23573433124999998 0.579484103125 0.2628624890625 0.5836832640625 0.2703461171875 0.5836832640625 0.2591206734375
1 0.6478704265624999 0.2441534140625 0.6478704265624999 0.2245088875 0.6448710265625001 0.21234798906250002 0.638872225 0.20392890624999999 0.634673065625 0.2086061734375 0.6304739046875001 0.23012160937499998 0.6304739046875001 0.272217025 0.6430713859375 0.255378859375 0.6478704265624999 0.2441534140625
1 0.7054589078125 0.2628624890625 0.701859628125 0.22637979375 0.6970605875 0.21047708125 0.6922615484375 0.21141253437500002 0.686862628125 0.2226379796875 0.686262746875 0.24789522968750002 0.6970605875 0.2731524796875 0.698860228125 0.26566885 0.7054589078125 0.2628624890625
1 0.6970605875 0.37979419999999997 0.704859028125 0.37043966250000004 0.7024595078125 0.32740879375 0.6946610671875 0.323666978125 0.6880623875 0.3451824140625 0.6814637078125 0.3891487375 0.6910617875 0.3891487375 0.692861428125 0.394761459375 0.6970605875 0.37979419999999997
1 0.7594481109375 0.3956969125 0.7636472703125 0.358278765625 0.7624475109375 0.33021515468749996 0.7594481109375 0.318989709375 0.753449309375 0.32179607187500003 0.7486502703125 0.342376053125 0.748050390625 0.3723105703125 0.7516496703125 0.3956969125 0.753449309375 0.390084190625 0.7594481109375 0.3956969125
1 0.7594481109375 0.272217025 0.7600479906250001 0.24228250624999997 0.75524895 0.21983161875 0.7492501500000001 0.21983161875 0.74625075 0.2235734328125 0.74025195 0.26099158125 0.7438512296875001 0.28624883125 0.750449909375 0.2843779234375 0.7558488296875 0.29279700625 0.7594481109375 0.272217025
1 0.8158368328125001 0.3414405984375 0.8104379125 0.323666978125 0.8062387515625 0.322731525 0.8032393515624999 0.3264733390625 0.8002399515624999 0.3451824140625 0.7996400718750001 0.358278765625 0.8068386328124999 0.3826005609375 0.8134373125 0.362956034375 0.8158368328125001 0.3414405984375
1 0.8152369531250001 0.2525724984375 0.8146370718749999 0.23573433124999998 0.8104379125 0.22637979375 0.8062387515625 0.22544434062500002 0.802639471875 0.236669784375 0.8020395921875 0.266604303125 0.8104379125 0.29466791406250004 0.8188362328125001 0.2591206734375 0.8152369531250001 0.2525724984375
1 0.872825434375 0.3891487375 0.8818236359375 0.3610851265625 0.8818236359375 0.3320860625 0.876424715625 0.31805425625 0.8698260343750001 0.31805425625 0.865626875 0.333021515625 0.860827834375 0.3769878390625 0.8674265140624999 0.3769878390625 0.8692261546875001 0.3872778296875 0.872825434375 0.3891487375
1 0.8710257953125 0.28999064531249996 0.8698260343750001 0.2797006546875 0.8794241156249999 0.24321796093749998 0.8788242343749999 0.23573433124999998 0.8686262749999999 0.2179607109375 0.863827234375 0.2188961640625 0.8590281937500001 0.2310570625 0.8554289140625 0.2787652015625 0.8652269546875001 0.280012471875 0.8692261546875001 0.2937324609375 0.8710257953125 0.28999064531249996
1 0.9262147578125 0.2282507015625 0.9232153562500001 0.2179607109375 0.9184163171874999 0.2179607109375 0.9148170359375 0.2226379796875 0.9076184765624999 0.26099158125 0.89922015625 0.272217025 0.9004199156249999 0.28063610781250004 0.916016796875 0.27502338593750003 0.9262147578125 0.2600561265625 0.9262147578125 0.2282507015625
1 0.0815836828125 0.353601496875 0.0761847625 0.33021515468749996 0.0761847625 0.3199251640625 0.07198560312499999 0.3133769875 0.065386921875 0.312441534375 0.0581883625 0.333021515625 0.056388721875000006 0.3414405984375 0.0635872828125 0.385406921875 0.068986203125 0.39101964375 0.0815836828125 0.353601496875
1 0.14997000625 0.3760523859375 0.14997000625 0.34798877500000003 0.151169765625 0.3386342375 0.154169165625 0.3358278765625 0.1463707265625 0.31805425625 0.13857228593749998 0.31805425625 0.1307738453125 0.337698784375 0.130173965625 0.3554724046875 0.134373125 0.3760523859375 0.13857228593749998 0.37979419999999997 0.14997000625 0.3760523859375
1 0.20095980781249997 0.3779232921875 0.2045590875 0.3760523859375 0.2087582484375 0.3666978484375 0.2129574078125 0.344246959375 0.2105578890625 0.30402245156249996 0.203359328125 0.30215154375000003 0.1955608875 0.3143124421875 0.1901619671875 0.3451824140625 0.1889622078125 0.3723105703125 0.1961607671875 0.3713751171875 0.197360528125 0.3769878390625 0.20095980781249997 0.3779232921875
1 0.26274745 0.369504209375 0.2711457703125 0.3564078578125 0.27174565156249997 0.3255378859375 0.2681463703125 0.312441534375 0.26274745 0.3105706265625 0.258548290625 0.3143124421875 0.2549490109375 0.3264733390625 0.25074985 0.3470533203125 0.25134972968749997 0.373246025 0.2591481703125 0.3816651078125 0.26274745 0.369504209375
1 0.32753449375 0.3769878390625 0.3299340125 0.37511693125 0.33593281406250003 0.348924228125 0.337732453125 0.3058933578125 0.3329334140625 0.3058933578125 0.325734853125 0.2993451828125 0.3185362921875 0.3133769875 0.31793641250000004 0.34985968125 0.32333533281250004 0.3620205796875 0.325734853125 0.3769878390625 0.32753449375 0.3769878390625
1 0.395920815625 0.3723105703125 0.3965206953125 0.31805425625 0.391121775 0.3115060796875 0.3845230953125 0.3105706265625 0.379124175 0.32086061718750003 0.37612477499999997 0.3507951359375 0.379124175 0.378858746875 0.39232153593749997 0.3826005609375 0.395920815625 0.3723105703125
1 0.4457108578125 0.36856875625 0.45290941875 0.360149671875 0.45470905781250004 0.3292797 0.4517096578125 0.318989709375 0.44691061718749997 0.3133769875 0.44031193750000003 0.3320860625 0.4373125375 0.33395696875 0.439112178125 0.34331150625 0.43491301718750003 0.3779232921875 0.439112178125 0.3891487375 0.4457108578125 0.36856875625
1 0.5056988609374999 0.37979419999999997 0.51709658125 0.383536015625 0.5218956203125 0.3564078578125 0.5188962203124999 0.33021515468749996 0.5146970609375 0.3246024328125 0.5080983796874999 0.3255378859375 0.5056988609374999 0.3292797 0.506298740625 0.34331150625 0.5008998203125 0.3610851265625 0.5014997 0.3676333015625 0.5056988609374999 0.37979419999999997
1 0.5836832640625 0.36856875625 0.5848830234375 0.3292797 0.5788842234375 0.322731525 0.5746850625000001 0.3311506078125 0.5716856625 0.36856875625 0.5728854234375 0.3882132828125 0.5758848234375 0.3919550984375 0.5836832640625 0.36856875625
1 0.6520695859375001 0.339569690625 0.64847030625 0.32179607187500003 0.6460707859375 0.318989709375 0.6418716250000001 0.32086061718750003 0.6364727046875001 0.337698784375 0.6382723453125 0.36856875625 0.6424715062499999 0.3882132828125 0.6508698265625 0.3620205796875 0.6520695859375001 0.339569690625
1 0.9196160765625001 0.390084190625 0.928014396875 0.373246025 0.9304139171875001 0.3620205796875 0.9352129578125 0.3554724046875 0.9358128375 0.3470533203125 0.9322135578124999 0.342376053125 0.9268146375 0.32086061718750003 0.9196160765625001 0.318989709375 0.916016796875 0.3255378859375 0.9154169171875 0.3358278765625 0.910017996875 0.3507951359375 0.9196160765625001 0.378858746875 0.9196160765625001 0.390084190625
1 0.07858428281249999 0.4901777359375 0.08278344374999999 0.4855004671875 0.07978404375 0.4396632359375 0.0755848828125 0.43498596875000006 0.0671865625 0.436856875 0.059388121875 0.45837231093749997 0.056388721875000006 0.47801683749999996 0.0611877625 0.4808232 0.06778644218749999 0.518241346875 0.07858428281249999 0.4901777359375
1 0.14697060625 0.49859681875 0.1523695265625 0.47146866249999997 0.1505698859375 0.4462114125 0.145170965625 0.43872778281249997 0.140371925 0.43872778281249997 0.1349730046875 0.4499532265625 0.134373125 0.462114125 0.1295740859375 0.4789522921875 0.14997000625 0.512628625 0.14697060625 0.49859681875
1 0.2087582484375 0.5144995328124999 0.21115776875 0.512628625 0.21715656874999997 0.488306828125 0.2165566890625 0.462114125 0.21895620937500002 0.4536950421875 0.21175764843749997 0.435921421875 0.20395920781250002 0.435921421875 0.19676064843750002 0.4424695984375 0.194361128125 0.4462114125 0.194361128125 0.4593077640625 0.19856028750000002 0.49579045781250003 0.2087582484375 0.5144995328124999
1 0.2789442109375 0.48643592187499995 0.2771445703125 0.45463049531250005 0.26934613125 0.4396632359375 0.2651469703125 0.43872778281249997 0.2579484109375 0.46117867187500006 0.2549490109375 0.4789522921875 0.2711457703125 0.5173058937499999 0.2741451703125 0.4967259125 0.2789442109375 0.48643592187499995
1 0.337732453125 0.513564078125 0.340731853125 0.5060804484375 0.34133173437500003 0.48737137500000005 0.33833233281249997 0.470533209375 0.3389322140625 0.45463049531250005 0.33413317343750004 0.4443405046875 0.32753449375 0.4462114125 0.32453509375 0.45463049531250005 0.3221355734375 0.46492048593749996 0.32333533281250004 0.48924228281250004 0.32873425312500004 0.5042095421874999 0.337732453125 0.513564078125
1 0.4043191359375 0.4901777359375 0.40671865625 0.45837231093749997 0.40371925624999994 0.4443405046875 0.4001199765625 0.4396632359375 0.395920815625 0.4424695984375 0.39172165625 0.4536950421875 0.391121775 0.4901777359375 0.395920815625 0.49953227343749995 0.395920815625 0.5154349859375 0.4043191359375 0.4901777359375
1 0.46670665937500005 0.512628625 0.46550689843750004 0.5032740875 0.472105578125 0.4836295609375 0.4715056984375 0.4434050515625 0.466106778125 0.440598690625 0.46130773906250006 0.445275959375 0.45590881874999994 0.46492048593749996 0.4553089375 0.481758653125 0.45890821875 0.502338634375 0.4643071390625 0.5014031812499999 0.46670665937500005 0.512628625
1 0.52909418125 0.5107577171875 0.52909418125 0.5004677265625 0.5260947812500001 0.491113190625 0.5266946609375001 0.43872778281249997 0.5212957406250001 0.4321796078125 0.5188962203124999 0.4331150609375 0.512297540625 0.4499532265625 0.5116976609375 0.4808232 0.5134972999999999 0.488306828125 0.5218956203125 0.49579045781250003 0.52909418125 0.5107577171875
1 0.58728254375 0.5014031812499999 0.59028194375 0.45463049531250005 0.58728254375 0.43124415312500003 0.582483503125 0.4293732453125 0.57828434375 0.4340505140625 0.5692861421875001 0.462114125 0.5686862625 0.46679139375 0.5740851828125 0.481758653125 0.5836832640625 0.49953227343749995 0.58728254375 0.5014031812499999
1 0.6466706656250001 0.49579045781250003 0.6502699453125 0.49766136562499996 0.655668865625 0.470533209375 0.6520695859375001 0.43124415312500003 0.6502699453125 0.426566884375 0.6424715062499999 0.4237605234375 0.6382723453125 0.4321796078125 0.6394721062500001 0.4424695984375 0.634673065625 0.46679139375 0.6418716250000001 0.47427502343750005 0.6466706656250001 0.49579045781250003
1 0.6964607078125 0.4752104765625 0.704859028125 0.49953227343749995 0.70665866875 0.4798877453125 0.7120575890625 0.470533209375 0.7090581890625 0.4340505140625 0.704859028125 0.4275023390625 0.6982603484375 0.43124415312500003 0.6946610671875 0.45088868125000003 0.689262146875 0.4602432171875 0.6886622671875 0.46679139375 0.6964607078125 0.4752104765625
1 0.748050390625 0.491113190625 0.7516496703125 0.502338634375 0.75824835 0.5004677265625 0.7600479906250001 0.4695977546875 0.7558488296875 0.4340505140625 0.7516496703125 0.42469597812500004 0.747450509375 0.4228250703125 0.7426514703125 0.43498596875000006 0.7396520703125 0.46772684687500005 0.7420515890625 0.48737137500000005 0.7438512296875001 0.491113190625 0.748050390625 0.491113190625
1 0.8140371921874999 0.45837231093749997 0.8110377921874999 0.4424695984375 0.802639471875 0.4275023390625 0.796640671875 0.4434050515625 0.7996400718750001 0.4798877453125 0.8062387515625 0.5004677265625 0.8158368328125001 0.4752104765625 0.8140371921874999 0.45837231093749997
1 0.872825434375 0.4855004671875 0.8770245953125 0.4686623015625 0.8680263953124999 0.435921421875 0.8632273546875 0.43498596875000006 0.859628075 0.4396632359375 0.8578284343749999 0.45463049531250005 0.8542291546874999 0.462114125 0.8536292734375 0.465855940625 0.865626875 0.48456501406249997 0.8686262749999999 0.48737137500000005 0.872825434375 0.4855004671875
1 0.9238152375 0.4901777359375 0.9274145171875 0.49579045781250003 0.9310137968750001 0.4593077640625 0.9298140374999999 0.4396632359375 0.9238152375 0.4293732453125 0.9184163171874999 0.4321796078125 0.913017396875 0.4424695984375 0.9148170359375 0.46679139375 0.9196160765625001 0.4939195515625 0.9238152375 0.4901777359375
1 0.05338932187499999 0.657623946875 0.059988003125 0.6529466796875 0.06418716249999999 0.6613657625 0.06778644218749999 0.662301215625 0.0671865625 0.5968194578125 0.06418716249999999 0.5912067359375001 0.057588482812499994 0.5893358281250001 0.050989801562500006 0.5986903640625 0.0479904015625 0.614593078125 0.052189562499999995 0.65014031875 0.0515896828125 0.66604303125 0.05338932187499999 0.657623946875
1 0.14997000625 0.6492048640625 0.14697060625 0.639850328125 0.151169765625 0.626753975 0.151169765625 0.6183348921875 0.13797240625 0.5799812906249999 0.1307738453125 0.5809167453125 0.1259748046875 0.5884003734375 0.126574684375 0.62488306875 0.13797240625 0.6613657625 0.14097180625 0.6613657625 0.14997000625 0.6492048640625
1 0.2045590875 0.6379794203125 0.2087582484375 0.6379794203125 0.2129574078125 0.6492048640625 0.2237552484375 0.6117867171875 0.21895620937500002 0.59027128125 0.22015596875000001 0.5790458375 0.21355728906250002 0.5706267546875 0.2087582484375 0.5715622078125 0.2027594484375 0.5790458375 0.203359328125 0.59962581875 0.1997600484375 0.6155285312500001 0.2045590875 0.6276894296875 0.2045590875 0.6379794203125
1 0.2867426515625 0.60898035625 0.2867426515625 0.6033676328124999 0.280143971875 0.5893358281250001 0.282543490625 0.575304021875 0.2789442109375 0.57436856875 0.27534493125 0.5659494859375 0.26934613125 0.5678203921875 0.26274745 0.5827876515625 0.26334733125 0.6164639843749999 0.2711457703125 0.64733395625 0.2807438515625 0.614593078125 0.2867426515625 0.60898035625
1 0.3311337734375 0.6276894296875 0.337732453125 0.630495790625 0.34553089375 0.6071094484375 0.346730653125 0.5762394765625001 0.344331134375 0.564078578125 0.33833233281249997 0.5556594953125 0.33353329375 0.5565949484375 0.33053389375000003 0.5668849390624999 0.3323335328125 0.5809167453125 0.325734853125 0.626753975 0.3281343734375 0.630495790625 0.3311337734375 0.6276894296875
1 0.40671865625 0.59494855 0.40851829687499996 0.5603367640625 0.4001199765625 0.548175865625 0.3965206953125 0.54911131875 0.389922015625 0.5659494859375 0.3875224953125 0.5893358281250001 0.39472105625 0.59962581875 0.4001199765625 0.6173994390625 0.40671865625 0.59494855
1 0.46490701874999996 0.5827876515625 0.45950809843749996 0.5650140312499999 0.45890821875 0.554724040625 0.451109778125 0.548175865625 0.44691061718749997 0.5678203921875 0.4463107375 0.5930776421874999 0.45950809843749996 0.6127221703125 0.4637072578125 0.6071094484375 0.46490701874999996 0.5827876515625
1 0.5248950203125 0.6127221703125 0.5212957406250001 0.5650140312499999 0.5110977796875 0.54256314375 0.5050989796875001 0.543498596875 0.503299340625 0.5603367640625 0.5044991 0.5818521984375 0.51709658125 0.6136576234375 0.5248950203125 0.6127221703125
1 0.5836832640625 0.6071094484375 0.5896820640625 0.5827876515625 0.59028194375 0.5622076703125 0.58428314375 0.54443405 0.5788842234375 0.543498596875 0.5758848234375 0.5519176796874999 0.5716856625 0.6080449015625 0.5722855421874999 0.6127221703125 0.5836832640625 0.6183348921875 0.5836832640625 0.6071094484375
1 0.6466706656250001 0.6117867171875 0.6508698265625 0.6061739937499999 0.6526694656250001 0.5874649203125 0.649670065625 0.54256314375 0.6460707859375 0.5360149671875 0.640671865625 0.5350795140625 0.6340731859375001 0.5519176796874999 0.632873425 0.5603367640625 0.6364727046875001 0.5893358281250001 0.6424715062499999 0.6071094484375 0.6466706656250001 0.6117867171875
1 0.7150569890625 0.5921421890625 0.7150569890625 0.5781103828124999 0.71265746875 0.552853134375 0.7042591484375 0.5519176796874999 0.701859628125 0.5556594953125 0.7030593875 0.5818521984375 0.7084583078125 0.609915809375 0.7150569890625 0.5921421890625
1 0.7630473906249999 0.609915809375 0.76784643125 0.5865294671875 0.7558488296875 0.5519176796874999 0.7516496703125 0.548175865625 0.748050390625 0.5509822265625 0.7468506296874999 0.59494855 0.751049790625 0.6220767078125 0.7564487109375 0.6230121609375 0.7630473906249999 0.609915809375
1 0.8140371921874999 0.6239476140625 0.8230353921875 0.5968194578125 0.821235753125 0.57436856875 0.8128374328125 0.5537885874999999 0.8074385124999999 0.5519176796874999 0.8050389921875001 0.5565949484375 0.8020395921875 0.59494855 0.809238153125 0.6043030875000001 0.8110377921874999 0.6230121609375 0.8140371921874999 0.6239476140625
1 0.8704259140625 0.5575304015625 0.865626875 0.559401309375 0.8632273546875 0.5668849390624999 0.860827834375 0.6014967265625 0.872825434375 0.63143124375 0.8752249546875 0.57436856875 0.8704259140625 0.5575304015625
1 0.9418116375000001 0.6136576234375 0.9454109171875 0.5986903640625 0.9352129578125 0.5650140312499999 0.9316136765625 0.5622076703125 0.9256148765625 0.5650140312499999 0.9286142765625 0.6155285312500001 0.9310137968750001 0.6202058 0.9358128375 0.6202058 0.9418116375000001 0.6136576234375
1 0.22015596875000001 0.7296538828125 0.21535692812499999 0.753975678125 0.22075584843749999 0.7848456500000001 0.23215356874999998 0.774555659375 0.23695260937499998 0.753040225 0.23575284999999999 0.71375116875 0.22915416875 0.7053320859375 0.22435512968750002 0.7062675390625001 0.221955609375 0.71375116875 0.212357528125 0.7165575296875 0.2177564484375 0.7212347984374999 0.22015596875000001 0.7296538828125
1 0.2897420515625 0.7670720296875 0.2945410921875 0.779232928125 0.292141571875 0.7661365765625 0.295140971875 0.753975678125 0.3023395328125 0.7492984093749999 0.3005398921875 0.733395696875 0.3029394125 0.7156220765625 0.2987402515625 0.701590271875 0.2945410921875 0.701590271875 0.28734253125000003 0.712815715625 0.2837432515625 0.7249766140625 0.2789442109375 0.7315247890625 0.2837432515625 0.76426566875 0.2897420515625 0.7670720296875
1 0.3587282546875 0.7614593078125 0.3659268140625 0.7352666046875 0.370125975 0.7324602437500001 0.3767246546875 0.73433115 0.377924415625 0.7315247890625 0.373125375 0.7259120671875 0.36652669531250004 0.7043966328125 0.362327534375 0.6987839109375 0.35752849375 0.7006548171875 0.35032993437500004 0.7202993453125 0.34913017343749997 0.7315247890625 0.3551289734375 0.7595883999999999 0.353329334375 0.7708138453125 0.3587282546875 0.7614593078125
1 0.41571685625 0.7352666046875 0.42411517656250003 0.724041159375 0.4223155375 0.7156220765625 0.43071385781249993 0.7062675390625001 0.42891421718749995 0.7006548171875 0.4301139765625 0.6931711875000001 0.420515896875 0.6866230125 0.41571685625 0.6884939203125 0.4043191359375 0.7118802625 0.4013197359375 0.73433115 0.40311937656249996 0.7558465859375 0.40791841562500003 0.7661365765625 0.41571685625 0.7352666046875
1 0.47930413906249997 0.7558465859375 0.48590281874999997 0.742750234375 0.48710257968750004 0.7324602437500001 0.48290341875 0.7249766140625 0.4781043796875 0.7053320859375 0.4751049796875 0.702525725 0.47090581875000004 0.7043966328125 0.46550689843750004 0.7249766140625 0.46490701874999996 0.73900841875 0.47630473906250004 0.7605238546875001 0.4781043796875 0.778297475 0.47930413906249997 0.7558465859375
1 0.533293340625 0.7764265671875 0.5368926218750001 0.7754911124999999 0.5404919015625 0.7418147796875 0.53809238125 0.7109448078125 0.533893221875 0.7006548171875 0.5284943015625 0.7006548171875 0.52009598125 0.7305893359375 0.5194961 0.7436856875 0.5254949015625 0.763330215625 0.5314937015625001 0.768007484375 0.533293340625 0.7764265671875
1 0.595080984375 0.7408793265625 0.5956808640625 0.6969130031249999 0.59328134375 0.69130028125 0.58728254375 0.6884939203125 0.5818836234375 0.7006548171875 0.5776844624999999 0.7371375109375 0.5836832640625 0.7689429375 0.592081584375 0.763330215625 0.595080984375 0.7408793265625
1 0.6580683859375 0.7315247890625 0.6580683859375 0.6931711875000001 0.6538692265625 0.681010290625 0.6460707859375 0.6884939203125 0.6382723453125 0.7202993453125 0.6382723453125 0.74836295625 0.6430713859375 0.744621140625 0.649670065625 0.7586529468750001 0.6580683859375 0.7315247890625
1 0.7090581890625 0.7521047703125 0.7144571078124999 0.7474275015625 0.7144571078124999 0.7436856875 0.720455909375 0.7408793265625 0.7222555484375001 0.7259120671875 0.7162567484375 0.6894293734375 0.71265746875 0.6838166515624999 0.707858428125 0.6856875578125 0.7054589078125 0.6987839109375 0.7012597484375 0.7006548171875 0.7024595078125 0.7324602437500001 0.7090581890625 0.7521047703125
1 0.78284343125 0.7268475203125 0.78284343125 0.69130028125 0.775044990625 0.6894293734375 0.76784643125 0.7090739015625 0.7672465500000001 0.73433115 0.7714457109375 0.753975678125 0.7756448703125 0.75771749375 0.78284343125 0.7268475203125
1 0.8386322734375 0.733395696875 0.8386322734375 0.6959775484375 0.83503299375 0.6894293734375 0.8296340734375001 0.6884939203125 0.8260347937500001 0.6931711875000001 0.8230353921875 0.7146866234375 0.8218356328124999 0.7502338640625 0.8260347937500001 0.75771749375 0.8338332328125 0.7464920484374999 0.8386322734375 0.733395696875
1 0.8920215953125 0.7521047703125 0.8986202765625 0.7315247890625 0.89622075625 0.6950420953124999 0.8920215953125 0.6856875578125 0.888422315625 0.6856875578125 0.882423515625 0.6931711875000001 0.8806238750000001 0.7043966328125 0.883623275 0.7315247890625 0.888422315625 0.74836295625 0.8920215953125 0.7521047703125
1 0.946610678125 0.6894293734375 0.9382123578125 0.6856875578125 0.934613078125 0.7043966328125 0.9340131968750001 0.74836295625 0.9478104374999999 0.7315247890625 0.9484103171875 0.6997193640625 0.946610678125 0.6894293734375
1 0.1397720453125 0.7764265671875 0.143371325 0.763330215625 0.14997000625 0.7558465859375 0.148170365625 0.7371375109375 0.14937012656249998 0.7100093546874999 0.143371325 0.70720299375 0.137372525 0.7109448078125 0.1259748046875 0.7352666046875 0.126574684375 0.7595883999999999 0.136172765625 0.778297475 0.1427714453125 0.7829747421875 0.1397720453125 0.7764265671875
1 0.06058788281250001 0.7764265671875 0.0671865625 0.7689429375 0.059988003125 0.7305893359375 0.052189562499999995 0.728718428125 0.0479904015625 0.7362020578124999 0.047390521875 0.7455565953125001 0.0437912421875 0.753975678125 0.044391121875 0.7764265671875 0.04859028125 0.7932647328125 0.056388721875000006 0.7876520109375 0.06058788281250001 0.7764265671875
1 0.145170965625 0.934518240625 0.14937012656249998 0.8942937328125 0.1463707265625 0.882132834375 0.1415716859375 0.88119738125 0.134373125 0.88774555625 0.1319736046875 0.89710009375 0.126574684375 0.8999064546875 0.12777444531249998 0.9101964453125 0.12477504531250001 0.94761459375 0.12777444531249998 0.9541627687500001 0.145170965625 0.934518240625
1 0.2345530890625 0.9317118796875 0.233953209375 0.9017773625000001 0.2363527296875 0.8952291859375 0.233953209375 0.886810103125 0.2273545296875 0.8849391953125 0.2237552484375 0.88774555625 0.21895620937500002 0.907390084375 0.215956809375 0.9317118796875 0.22435512968750002 0.9588400375000001 0.2285542890625 0.953227315625 0.2345530890625 0.9317118796875
1 0.3029394125 0.9466791390625 0.3077384515625 0.9429373249999999 0.31013797187500003 0.9354536953125001 0.3113377328125 0.8989710015625001 0.31433713281250003 0.8858746484375001 0.3083383328125 0.870907390625 0.3023395328125 0.8746492046875 0.2975404921875 0.8849391953125 0.29034193125 0.91300280625 0.2957408515625 0.9223573437500001 0.29634073125 0.9307764265625 0.3029394125 0.9466791390625
1 0.3827234546875 0.9064546312499999 0.38152369531249997 0.8830682875000001 0.383923215625 0.8643592140624999 0.3827234546875 0.8606174 0.3767246546875 0.8606174 0.368326334375 0.8737137515625 0.367126575 0.892422825 0.36112777500000004 0.9092609921875001 0.3767246546875 0.94480823125 0.3827234546875 0.9064546312499999
1 0.42711457656249996 0.934518240625 0.4337132578125 0.9120673531250001 0.44031193750000003 0.9055191765625 0.43791241718749996 0.866230121875 0.43311337656250004 0.861552853125 0.4277144578125 0.8634237609375001 0.420515896875 0.8849391953125 0.41871625625000003 0.9036482687499999 0.42531493749999993 0.917680075 0.42351529687499995 0.937324603125 0.42711457656249996 0.934518240625
1 0.4895021 0.9036482687499999 0.493701259375 0.870907390625 0.4883023390625 0.8550046765625 0.4775044984375 0.8652946671875 0.47390521874999997 0.9045837234375 0.4775044984375 0.9148737140625001 0.4781043796875 0.9307764265625 0.4895021 0.9036482687499999
1 0.55008998125 0.8933582781249999 0.5494901015625 0.8484565015625 0.545890821875 0.8447146859375 0.5404919015625 0.8465855937500001 0.533293340625 0.8681010296875 0.5326934609375 0.9101964453125 0.5386922609375 0.9101964453125 0.54109178125 0.923292796875 0.55008998125 0.8933582781249999
1 0.616076784375 0.907390084375 0.622675465625 0.9148737140625001 0.622675465625 0.907390084375 0.619076184375 0.898035546875 0.6184763046875 0.8727782968750001 0.61127774375 0.8475210484375 0.60527894375 0.845650140625 0.601079784375 0.8568755843750001 0.5998800234375 0.892422825 0.60827834375 0.9008419078125 0.61127774375 0.9092609921875001 0.616076784375 0.907390084375
1 0.66946610625 0.8503274093750001 0.66946610625 0.83536015 0.665266946875 0.8325537890625 0.6598680265625 0.8372310578125 0.6478704265624999 0.861552853125 0.6466706656250001 0.8802619265624999 0.6538692265625 0.8942937328125 0.6646670671875 0.8690364828125 0.66946610625 0.8503274093750001
1 0.723455309375 0.898035546875 0.7300539890625 0.8802619265624999 0.7306538687499999 0.8531337703125 0.7258548296875 0.8325537890625 0.7192561484375 0.83536015 0.71565686875 0.8512628624999999 0.7114577078125001 0.8587464921875 0.71265746875 0.8942937328125 0.7150569890625 0.9036482687499999 0.717456509375 0.9045837234375 0.723455309375 0.898035546875
1 0.7900419921874999 0.8802619265624999 0.7894421109375 0.8447146859375 0.78284343125 0.8325537890625 0.778644271875 0.8334892421875001 0.7762447515625001 0.8447146859375 0.772045590625 0.8746492046875 0.7756448703125 0.8793264734375 0.78284343125 0.9064546312499999 0.7900419921874999 0.8802619265624999
1 0.8398320328125 0.892422825 0.845230953125 0.892422825 0.848830234375 0.8746492046875 0.842231553125 0.8531337703125 0.8398320328125 0.8334892421875001 0.83203359375 0.8278765203124999 0.8284343125 0.84003741875 0.8284343125 0.8783910203125 0.8296340734375001 0.892422825 0.8338332328125 0.9055191765625 0.8398320328125 0.892422825
1 0.8968206359374999 0.892422825 0.9010197953124999 0.8774555656249999 0.89922015625 0.8391019640625 0.89622075625 0.829747428125 0.89322135625 0.8278765203124999 0.888422315625 0.8306828812499999 0.88722255625 0.8381665109374999 0.8866226749999999 0.8690364828125 0.892621475 0.8961646406250001 0.8968206359374999 0.9036482687499999 0.8968206359374999 0.892422825
1 0.9352129578125 0.8858746484375001 0.9388122375 0.8886810109375001 0.9400119968749999 0.8840037421875 0.9472105578125 0.8840037421875 0.9508098374999999 0.88774555625 0.9508098374999999 0.8587464921875 0.946610678125 0.825070159375 0.9394121171875 0.8185219828125 0.934613078125 0.8278765203124999 0.9340131968750001 0.8737137515625 0.9310137968750001 0.8793264734375 0.9310137968750001 0.8896164640625001 0.9352129578125 0.8858746484375001
1 0.0479904015625 0.9410664171875001 0.050989801562500006 0.9429373249999999 0.0527894421875 0.9504209546875 0.06418716249999999 0.9504209546875 0.06658668281249999 0.9307764265625 0.065386921875 0.9055191765625 0.06778644218749999 0.8999064546875 0.0647870421875 0.8886810109375001 0.06058788281250001 0.8830682875000001 0.0527894421875 0.8830682875000001 0.0491901625 0.88774555625 0.046790642187499995 0.8989710015625001 0.046790642187499995 0.9101964453125 0.0419916015625 0.9298409734374999 0.044391121875 0.94480823125 0.0479904015625 0.9410664171875001