1 0.8137211859375 1 0.8148024953125 0.9994753187500001 0.814894890625 0.9957348640625 0.8018269578125 0.9831981484375 0.7921970140625 0.9791811546875 0.7692219546875 0.9738488125 0.7603129156249999 0.9775724359375 0.7343620265624999 0.9757815609374999 0.7464503125 0.98489824375 0.741903396875 0.9905005109375 0.7683348875 0.99745179375 0.7900450593749999 1 0.8137211859375 1
1 0.8017341874999999 0.9254116625 0.762530578125 0.91856498125 0.7603680515625 0.9261066109374999 0.7714027328124999 0.9286429296875 0.784637015625 0.9405995218750001 0.806872728125 0.9450920359375001 0.8268164515624999 0.94390473125 0.8286462828125 0.9375233546875 0.8017341874999999 0.9254116625
1 0.842970671875 0.8807318015625001 0.806262284375 0.865183240625 0.7927323796875 0.8713488 0.7703303171875 0.8674364125 0.7911428500000001 0.8803103828125 0.783047109375 0.8880341640625 0.7961057281249999 0.8886395374999999 0.8108833390625 0.893504775 0.843525228125 0.8890525374999999 0.845595359375 0.8852513671875 0.842970671875 0.8807318015625001
1 0.8660377515625 0.8207967484375001 0.8387005671875001 0.8135857609375 0.8174445 0.81251328125 0.7970756859375 0.8186012890625 0.796077596875 0.822082040625 0.8602340046875 0.8342003468750001 0.8668326093750001 0.8316976921875 0.8686624390625 0.8253163156250001 0.8660377515625 0.8207967484375001
1 0.878384403125 0.7640659109375 0.867941159375 0.7560487609375001 0.832286375 0.7470805656249999 0.8065757906250001 0.7478698968749999 0.80785125 0.76393125 0.8389775609375001 0.7716009265625 0.8702886640624999 0.7717896921875 0.8791977031249999 0.768066071875 0.878384403125 0.7640659109375
1 0.885980721875 0.6965555671875 0.8770161703125 0.6902180734375001 0.8440784703125 0.6820289890625 0.8384595140625001 0.687951678125 0.8249480468750001 0.6872164515625 0.8394207187499999 0.6982724984375 0.8586066546875 0.7031461484375 0.88043571875 0.705638584375 0.886461325 0.7017159765625001 0.885980721875 0.6965555671875
1 0.8674966875000001 0.614032903125 0.84195245 0.614242109375 0.8719698359375 0.6360337781250001 0.90196859375 0.6339627609375 0.90668185625 0.6277803703125 0.8968116109375 0.621183171875 0.8674966875000001 0.614032903125
1 0.8886784265625 0.5504181140625 0.8559810265625 0.5448092359375 0.859012365625 0.55132888125 0.8565355828125 0.5531299749999999 0.8749637296874999 0.5640645828124999 0.882375634375 0.5655620875 0.914500034375 0.5697510125 0.9164962140625 0.5627895109375001 0.8886784265625 0.5504181140625
1 0.93758555625 0.5029151749999999 0.926070271875 0.49521844687499994 0.8988994328125001 0.48742733437499997 0.8674959375 0.49097902343750005 0.8836320921875 0.496233815625 0.892504246875 0.5063117640625 0.9026332359374999 0.5085883796874999 0.9171427890625001 0.505842853125 0.9327059453125001 0.5096776937499999 0.93758555625 0.5029151749999999
1 0.94220605 0.4389463 0.9370306234375001 0.433067496875 0.9254229437499999 0.4291112234375 0.8914871546875001 0.424402890625 0.8882710250000001 0.42536415468750005 0.8867554484375001 0.43748606875 0.8799165421874999 0.43740851875000003 0.906181684375 0.4449399265625 0.9378994359374999 0.447128771875 0.9437586937500001 0.44378628750000004 0.94220605 0.4389463
1 0.9485455359375001 0.3792372859375 0.9115784078125 0.3680093078125 0.8877716031249999 0.365577590625 0.9043699203125 0.38289357812499997 0.9224838109375 0.38808765312500004 0.9434071828124999 0.390320384375 0.9547930015625001 0.38479566875 0.9485455359375001 0.3792372859375
1 0.9487485796874999 0.33409212187500004 0.9423347625 0.3291138671875 0.9369745500000001 0.3307159734375 0.9487485796874999 0.33409212187500004
1 0.9643113578125 0.2764000203125 0.9434803859375 0.2704268328125 0.9271594406249999 0.27265295156249997 0.9141470203125 0.2701773515625 0.93586525 0.283311025 0.941280975 0.2917700328125 0.9775271984374999 0.2952573953125 0.9854381484375001 0.2950145265625 0.987674628125 0.2906332265625 0.9643113578125 0.2764000203125
1 0.96174180625 0.22041463125 0.9561412921875 0.2194365328125 0.9370108687500001 0.22462399375 0.9425929421875001 0.232502875 0.959542396875 0.2417578265625 0.9812051125 0.24483038750000002 0.9905208 0.24310684375 0.99037289375 0.23678618437500001 0.96174180625 0.22041463125
1 0.65896751875 0.9447451625 0.6396152359375 0.9404516328125 0.618266775 0.9431196078124999 0.6221114125 0.9536394125 0.61771240625 0.9655623390624999 0.653644375 0.96330916875 0.6753070890624999 0.9663817281249999 0.6831440875 0.962978528125 0.6819241390624999 0.956978290625 0.65896751875 0.9447451625
1 0.695767921875 0.8950263250000001 0.68556498125 0.8895893796875001 0.631463609375 0.876587359375 0.6282290390624999 0.884449409375 0.6246062609374999 0.8834105953125 0.6236081718750001 0.8868913468749999 0.6311679828125001 0.894709509375 0.684936659375 0.9088717796875001 0.69696943125 0.9079273484374999 0.700037653125 0.9006454234374999 0.695767921875 0.8950263250000001
1 0.722125084375 0.8372903390624999 0.7149719234374999 0.8314722546875 0.691922909375 0.82297958125 0.6796498343749999 0.821343809375 0.6550852453125 0.8249730468750001 0.6467676453125 0.8232158390625001 0.6796869078125 0.8383057078125 0.7057856984375 0.846417240625 0.7085951781250001 0.843455896875 0.7209606484375 0.8413512171875001 0.722125084375 0.8372903390624999
1 0.737946609375 0.7752776578125 0.702051521875 0.76372925625 0.6942145265625 0.767132459375 0.6681712453124999 0.7690820406250001 0.6830690078125 0.7752373796875001 0.683309309375 0.7778175828125 0.7004251109374999 0.786492409375 0.72134848125 0.788725140625 0.74450833125 0.7865765734375 0.744194075 0.7808360375000001 0.737946609375 0.7752776578125
1 0.748833009375 0.7099663781250001 0.7238802125 0.704694753125 0.7013857546875 0.70452281875 0.7039920015625001 0.71594316875 0.7323827890625 0.7297345203125001 0.76214124375 0.7250832984375 0.762825078125 0.7158620140624999 0.748833009375 0.7099663781250001
1 0.775338078125 0.6585510515624999 0.71652344375 0.6517314234375 0.7221979109375 0.65586985 0.717817346875 0.6608919921874999 0.7486109625 0.66972191875 0.7761329359375 0.6694519953125 0.780014459375 0.6661702296875001 0.775338078125 0.6585510515624999
1 0.7737295453125 0.5821230078124999 0.7440079703125 0.5729726609375 0.7265410328125 0.5723588687500001 0.7170589953125 0.5746625375 0.7297202765625 0.585199175 0.7592755015625 0.5949296484375 0.7671864515625 0.594686778125 0.7769827421875 0.5981236453125 0.7949487296875 0.596997059375 0.7943017765625 0.592416775 0.7737295453125 0.5821230078124999
1 0.7813443062500001 0.5077118796875 0.7689972765624999 0.5029157750000001 0.7385918703125001 0.5029867140625 0.7277235359375 0.49987026874999996 0.7338046546875 0.506008775 0.7582399671875 0.5199215609375 0.7861501484375 0.5285525015625 0.8016393531249999 0.5292270109375 0.80363553125 0.5222655078125 0.7813443062500001 0.5077118796875
1 0.7899018296875 0.4505223515625 0.7708822453125 0.4450685734375 0.758683125 0.4465931296875 0.7388873078125 0.45410109375 0.7796435640625 0.4657877609375 0.8016389765625 0.46770007187499996 0.8073318875 0.4649377125 0.8008441187500001 0.45679912500000003 0.7899018296875 0.4505223515625
1 0.8030617828125 0.397791675 0.7687377828125 0.38418247656250004 0.7641908703125 0.38978474375 0.7564462671875 0.389447490625 0.7779057546875 0.40690174375000004 0.8025258531249999 0.41333362031250004 0.8148913234374999 0.41122893749999995 0.8171278031250001 0.406847640625 0.8030617828125 0.397791675
1 0.6644165609375 0.354896671875 0.6531970874999999 0.3598412640625 0.6375415390625 0.35974687968749997 0.642476659375 0.3630454765625 0.6398150890625 0.37232748125000004 0.6842125625000001 0.3781521796875 0.70687336875 0.3777439890625 0.7054131171875 0.36916354687499997 0.6644165609375 0.354896671875
1 0.7193308578125001 0.3103719109375 0.6924927171874999 0.3014205484375 0.6551004953125 0.2950932765625 0.6588711828125 0.30245275 0.65293796875 0.302634903125 0.6745822453125 0.31260825 0.70373081875 0.32033864218749997 0.7249868859374999 0.321411121875 0.72936745 0.3163889828125 0.7193308578125001 0.3103719109375
1 0.8242066359375 0.3479784546875 0.8038007531250001 0.3371045640625 0.7746521796875 0.32937416875 0.753728809375 0.3271414390625 0.760382925 0.3346999 0.7567417078124999 0.34056186875 0.7801973703125 0.35105462187500003 0.8180886359375 0.35564151875 0.8225431546875 0.3537797078125 0.8242066359375 0.3479784546875
1 0.7389785796874999 0.26577981875 0.7232675140625 0.25562432031250004 0.701771146875 0.25197163749999996 0.68092173125 0.2528992359375 0.7024736109374999 0.266613034375 0.7153196828125 0.2696687625 0.734265315625 0.27196221249999997 0.738719834375 0.2701004 0.7389785796874999 0.26577981875
1 0.8252783046875001 0.28613109375 0.8091421515624999 0.2808763015625 0.8038003765624999 0.2755776234375 0.7670551078125001 0.2738306359375 0.791897071875 0.28974350000000004 0.8210456453124999 0.2974738953125 0.8329120703124999 0.2971095890625 0.8331708125 0.29278900937499996 0.8252783046875001 0.28613109375
1 0.750622765625 0.194407584375 0.7225462328125001 0.18635676875 0.692880175 0.18726753437500002 0.6936934734375 0.19126769375 0.7031570687500001 0.195864809375 0.7013272374999999 0.20224618749999998 0.7452256687500001 0.20981126093750002 0.7608812203124999 0.20990564374999998 0.7627110515625 0.2035242671875 0.750622765625 0.194407584375
1 0.8430775640625001 0.22405769531250003 0.8359983578125 0.221399940625 0.7980146984375 0.2205534984375 0.7883847546875 0.21653650624999998 0.7842629296875 0.2172380671875 0.7964374624999999 0.22491455624999998 0.794928034375 0.23473620624999997 0.8421165453125001 0.244500346875 0.8552213609375 0.2432354921875 0.8574578421875 0.2388541953125 0.8430775640625001 0.22405769531250003
1 0.8712647453125 0.1907038 0.87259553125 0.1860627984375 0.86346463125 0.18030543125 0.8326710171875 0.1714755046875 0.8153519828125001 0.1771823734375 0.8055927625000001 0.1907074078125 0.8134113171875 0.19420499062500002 0.8266085265625 0.1891996828125 0.86573818125 0.19288603437500002 0.8712647453125 0.1907038
1 0.53899111875 0.9768919125 0.5290284796875 0.974035171875 0.50788325 0.962321453125 0.46816215312500004 0.96411593125 0.4720991859375 0.9708952828124999 0.512670653125 0.9900628609375 0.5213209484375 0.99065981875 0.543242409375 0.989411796875 0.5441665437500001 0.9827707140624999 0.53899111875 0.9768919125
1 0.5452195828125 0.8970606703125 0.54167075625 0.899182184375 0.532281115625 0.8977453984375 0.505110278125 0.8899542874999999 0.49832688437500006 0.89993785 0.500785225 0.9050375421875 0.5195460656249999 0.9148118999999999 0.5369206125 0.9191661468750001 0.558102725 0.917078296875 0.5602652515625001 0.90953666875 0.5452195828125 0.8970606703125
1 0.59164993125 0.8513588265625 0.553370459375 0.837871065625 0.5304693515625 0.8356990515625 0.5202479671875 0.837162890625 0.5174384890625 0.8401242328125 0.51734609375 0.8438646890625 0.5224475640625 0.8465831625 0.5195456921875 0.8532849609375001 0.54614353125 0.85965611875 0.5775285859375 0.8630052140625001 0.5914651421875 0.8588397343749999 0.59164993125 0.8513588265625
1 0.599468109375 0.793329471875 0.5877864749999999 0.786212865625 0.5577322078125 0.77822276875 0.5427236078125001 0.7827086703125 0.5299514875 0.782813271875 0.5359402140625 0.792692234375 0.5611333125 0.8005440640625 0.5822230312500001 0.8021966703125001 0.5949951484375 0.8020920671875 0.599782365625 0.7990700046875 0.599468109375 0.793329471875
1 0.6251043671875001 0.7278528703125 0.5829433734375 0.7176468734375 0.5559204421875 0.7161764203125001 0.5534436609375 0.7179775140625 0.552944615625 0.7197178906249999 0.5667703359375 0.7261936515625 0.57704723125 0.7347909265625 0.6125356671875 0.744339246875 0.6281172640625 0.7412733 0.62377358125 0.7324938703125 0.6251043671875001 0.7278528703125
1 0.6296324640625001 0.66762445 0.5769358328124999 0.6531417578125 0.565975103125 0.65376576875 0.56593821875 0.6675673390625 0.592277315625 0.6782590749999999 0.6220912828125 0.6836689703125 0.63355105625 0.6813045843750001 0.6344751937499999 0.674663503125 0.6296324640625001 0.66762445
1 0.6440308078125 0.613993225 0.634899909375 0.60823585625 0.60451294375 0.6014060109375 0.5943655140625 0.6060301765625 0.5726104015625 0.6066980734375 0.5823143 0.6138753968749999 0.6169894359375 0.61942355625 0.6255473375 0.623760971875 0.62819046875 0.621379753125 0.6481341890625 0.6201924484375 0.6440308078125 0.613993225
1 0.6517934750000001 0.545902753125 0.62726576875 0.5357304218750001 0.5996698390625 0.5328400156249999 0.600132 0.5449012109375 0.61074159375 0.552338234375 0.6169151078125 0.5547362875 0.6356204390625 0.55444953125 0.6490395078125 0.5589252140625 0.6533276796874999 0.5576435281250001 0.6560632046875 0.551521853125 0.6517934750000001 0.545902753125
1 0.63262560625 0.4726013765625 0.6078207156250001 0.4736504109375 0.6106117531249999 0.4775898515625 0.6292986421875 0.4842038796875 0.6663581656249999 0.49169140312500004 0.6756738546875 0.4899678609375 0.6709974734374999 0.48234868124999997 0.63262560625 0.4726013765625
1 0.6958759437500001 0.4229330390625 0.6796658359375 0.41451791718750003 0.6575964703125 0.4094452765625 0.6299081484375 0.410295325 0.647763296875 0.4198099796875 0.677152171875 0.4301205796875 0.6949518078125 0.4295741203125 0.6979276343749999 0.42603264999999996 0.6958759437500001 0.4229330390625
1 0.7546333765625 0.1428203234375 0.75110299375 0.13804105312499998 0.74278539375 0.13628384531249998 0.735114746875 0.1391069203125 0.72358101875 0.138310975 0.7049496421875 0.1417580625 0.7158179765625 0.1448745078125 0.7403272421875 0.161947621875 0.756315490625 0.1608817546875 0.7664444765625 0.16315837187499999 0.773782428125 0.161495546875 0.77396721875 0.1540146375 0.7546333765625 0.1428203234375
1 0.4240603046875 0.9401690828125 0.38051301249999997 0.9245429749999999 0.3748201015625 0.92730533125 0.344654996875 0.9299564734375 0.37905295 0.9467260015625 0.3804392453125 0.952146115625 0.400290575 0.954699265625 0.4232840765625 0.953130825 0.427424340625 0.9455284781250001 0.4240603046875 0.9401690828125
1 0.4373495328125 0.8698963796875001 0.41339482656250004 0.8611440046875 0.38563255 0.8588337234375001 0.37287887343750004 0.852037540625 0.3998280375 0.881111134375 0.41746132343750003 0.881144796875 0.4294017015625 0.8839408203125 0.44176717187500003 0.8818361390625 0.4430979578125 0.8771951359375001 0.4373495328125 0.8698963796875001
1 0.4490676765625 0.8016844734375 0.44025103125 0.801667640625 0.4150579328125 0.7938158109375 0.38984639374999996 0.792864765625 0.387369609375 0.794665859375 0.40265558125 0.8097220625 0.43681323125000004 0.8239113859374999 0.44949295468750006 0.8275472374999999 0.45378112656249997 0.8262655531249999 0.46211716718750007 0.821121975 0.46427969375 0.8135803484374999 0.4490676765625 0.8016844734375
1 0.4642977609375 0.7451526234375 0.4340031890625 0.7345823203124999 0.4227097640625 0.73636658125 0.4019527421875 0.7335537265625 0.43459481718750004 0.759864959375 0.4526347546875 0.7618987046875 0.47636760312500004 0.7611700921875 0.47662634531250003 0.7568495109375 0.4642977609375 0.7451526234375
1 0.481431628125 0.685399725 0.4658684734375 0.6815648875 0.4503977109375 0.67398959375 0.43211747031250003 0.66937564375 0.424040175 0.670198640625 0.430601896875 0.68149755625 0.44359587500000003 0.69087394375 0.4668112375 0.698786490625 0.47743927187499996 0.6993227296875 0.4864222625 0.6987594374999999 0.4900634828125 0.69289746875 0.481431628125 0.685399725
1 0.5093598781249999 0.6256029421875 0.4966062015625 0.618806759375 0.46514719062500004 0.6122973328125 0.43836456406249996 0.613407084375 0.45376137187500004 0.61782205 0.46148752968749995 0.6250600875 0.496975965625 0.634608409375 0.509008740625 0.6336639765625 0.5128902609375 0.6303822109375 0.5093598781249999 0.6256029421875
1 0.529062921875 0.56030849375 0.490284403125 0.548561109375 0.4694349875 0.5494887078125 0.4607107390625 0.5457314203125 0.4709136796875 0.5511683656249999 0.4685108515625 0.5561297890625 0.48743804375 0.5653240234375 0.50390689375 0.5694185640625 0.5244236124999999 0.569651215625 0.530282871875 0.5663087328125 0.529062921875 0.56030849375
1 0.5488954328125 0.5082354921875 0.4980101875 0.49427220937499994 0.48978498437500007 0.48877454374999996 0.47982234375 0.4859178046875 0.492317278125 0.49703456562500004 0.4972339578125 0.50723395 0.5039804703125 0.5110519546875001 0.5340347390625 0.519042053125 0.5521670734375 0.5173353421875 0.5537381609375001 0.5152745453125 0.5488954328125 0.5082354921875
1 0.5729421609375 0.45172047343750005 0.5511315390625 0.4423272546875 0.50501506875 0.43224269375 0.5058283671875 0.436242853125 0.5203749921874999 0.450459228125 0.533368971875 0.459835615625 0.5380637921875 0.46055400625000004 0.5677298515625 0.459643240625 0.5734227625 0.45688088281250006 0.5729421609375 0.45172047343750005
1 0.5909077703125 0.38906695 0.5538666875 0.374678640625 0.5261044109374999 0.372368359375 0.5269177093749999 0.3763685203125 0.5464178984375 0.38698270625000003 0.5516672781249999 0.396021840625 0.5765461234375 0.398133134375 0.5861760671875 0.4021501265625 0.5954917531249999 0.4004265828125 0.5949371984375 0.39210584375 0.5909077703125 0.38906695
1 0.569503421875 0.3201468703125 0.558949340625 0.322770959375 0.5394307109375001 0.3190575578125 0.5606498953125 0.3339316078125 0.56663861875 0.34381056718749997 0.5731448265625 0.34504836875 0.5836989078125 0.34242428125 0.6037165828125 0.34439730625 0.6091691906250001 0.3390547453125 0.6039937671875 0.3331759421875 0.569503421875 0.3201468703125
1 0.6169689296875001 0.287926175 0.5837169734375001 0.2739965546875 0.553330009375 0.267166709375 0.5496887890625 0.27302867656249996 0.559559034375 0.27962587499999997 0.558394596875 0.28368675 0.5615183296875 0.2864659421875 0.5798725234375001 0.29424022031249997 0.6124035734375 0.300429225 0.6255083906250001 0.2991643734375 0.6248614390625 0.2945840875 0.6169689296875001 0.287926175
1 0.60955665 0.2249017296875 0.5937531921875 0.2184866875 0.5666378671875 0.22075669062499997 0.5847333171875 0.23285155 0.6192236640625 0.2458806203125 0.6362839546875 0.2444943328125 0.6241217171875 0.23221732031250003 0.60955665 0.2249017296875
1 0.64583956875 0.18382405468750002 0.646264659375 0.1789233484375 0.617060575 0.161131840625 0.599593634375 0.1605180484375 0.5966178078125 0.1640595171875 0.5985031515625 0.16773925625 0.6132900765625 0.184535834375 0.6170792031250001 0.184994525 0.62532285 0.183591403125 0.64031300625 0.1860062859375 0.64583956875 0.18382405468750002
1 0.641088859375 0.11151760625 0.6047686828125001 0.1048699125 0.6092047593750001 0.10990888593749999 0.60441754375 0.1129309484375 0.6293519015625 0.125103359375 0.6524009171875 0.13359603125 0.663860690625 0.13123164375000002 0.6680749078125 0.12678962968750002 0.65977575 0.1181316375 0.641088859375 0.11151760625
1 0.2684103046875 0.9087214843750001 0.2051780328125 0.8899620984375 0.2050856390625 0.8937025546875 0.212072453125 0.9001007640625 0.20571414843750002 0.9051836234374999 0.19706385312500002 0.904586665625 0.212627009375 0.9084215015625 0.245878965625 0.922351121875 0.2621075140625 0.9238654578125001 0.27299429062499997 0.92008111875 0.2730127328125 0.913180334375 0.2684103046875 0.9087214843750001
1 0.27086808281249997 0.8215307671875 0.26271683125 0.8191934328125001 0.24887267031250002 0.8196184578124999 0.24064746406249998 0.8141207953125 0.2263782125 0.8194465234375 0.2255464703125 0.82234715 0.25770794218750004 0.843497975 0.2928636828125 0.8542065453125 0.301440025 0.8516431734375001 0.30434189843750004 0.844941375 0.27086808281249997 0.8215307671875
1 0.3280373015625 0.7657239234375 0.31683626875000004 0.763767728125 0.29733608125 0.753153540625 0.2581140296875 0.7532076453125 0.2678179265625 0.7603849671875 0.266653490625 0.76444584375 0.2766161296875 0.767302584375 0.2870593734375 0.7753197359375 0.303454271875 0.776253946875 0.3232132015625 0.7825475546875 0.33212224218749997 0.7788239328125 0.33435872187500004 0.7744426328125 0.3280373015625 0.7657239234375
1 0.34886790156249997 0.71017016875 0.3489602953125 0.7064297140625 0.334709484375 0.704854659375 0.322953896875 0.694577725 0.317519728125 0.693019503125 0.310422078125 0.697262534375 0.2760611953125 0.6974549078125001 0.3037865921875 0.7135667578125 0.336225246875 0.7234962171875 0.352546190625 0.7212700984375 0.3560210625 0.7159882546875 0.34886790156249997 0.71017016875
1 0.3769624984375 0.6497932609375 0.3658538609375 0.6440966125 0.33563324375 0.6366866375 0.31082835468750003 0.637735671875 0.31171560625 0.6448961625 0.30816678125 0.6470176765625 0.31112416718749997 0.6503769921875 0.35733303125 0.656721096875 0.370419403125 0.6623570296875 0.3812137859375 0.6623131453125 0.3834502671875 0.6579318468750001 0.3769624984375 0.6497932609375
1 0.3983845375 0.5887586765624999 0.3643747921875 0.5808900140625 0.34080829375 0.5810385015625 0.35651935625000003 0.5911940015625 0.36448581875 0.60101224375 0.387793575 0.605184334375 0.4059259078125 0.603477625 0.40782969218750004 0.600256578125 0.3983845375 0.5887586765624999
1 0.40799566406250004 0.5381495140625 0.3922846 0.527994015625 0.3684038453125 0.5224019671875 0.36180524062499997 0.5249046234375 0.377165165625 0.54312115625 0.40178526718749996 0.54955303125 0.421969290625 0.5509459328124999 0.41779195625 0.5415863796875 0.40799566406250004 0.5381495140625
1 0.3799371984375 0.4616709734375 0.376868978125 0.468952896875 0.4041692796875 0.4899654546875 0.4246675578125 0.49709889062499996 0.4414691046875 0.5000331828125 0.44403828125 0.49449163125 0.4251295328125 0.4783966140625 0.3799371984375 0.4616709734375
1 0.4469766625 0.41246132500000005 0.42688503437499997 0.40732796718750003 0.4016734921875 0.4063769234375 0.39080515781249997 0.403260478125 0.393078709375 0.41584107968749995 0.397440834375 0.41771972343749997 0.4529469453125 0.42924107187500005 0.4619299375 0.4286777796875 0.46252137656250003 0.423196946875 0.4469766625 0.41246132500000005
1 0.482464721875 0.36048270625 0.4398231265625 0.34511630000000004 0.4212101890625 0.3416626 0.41461158437499995 0.34416525625 0.41797561875 0.34952465 0.433520334375 0.3602602734375 0.46059877499999996 0.371791840625 0.4690827234375 0.372968925 0.48721505625 0.37126221406250004 0.48780649531250003 0.365781384375 0.482464721875 0.36048270625
1 0.45259486718749997 0.283484759375 0.4335568421875 0.2849317640625 0.4592305453125 0.29794400312499997 0.4842572953125 0.3063759578125 0.4885454671875 0.3050942734375 0.4899686484375 0.29671281718750003 0.46618028593750005 0.28738031406250003 0.45259486718749997 0.283484759375
1 0.4726676796875 0.233991959375 0.44869452968749995 0.2321403703125 0.434184975 0.23488589375000002 0.4335935375 0.24036672499999998 0.458694240625 0.25195900937500004 0.5015945828125 0.263004834375 0.5053097546875 0.2603031953125 0.502851415625 0.255203503125 0.4726676796875 0.233991959375
1 0.49924670156250006 0.1857369640625 0.4780090765625 0.1777636984375 0.44924871250000004 0.17893416875 0.4493226640625 0.1820944984375 0.46693751250000004 0.189028946875 0.473998278125 0.1985874875 0.5119634953125 0.206334715625 0.5171573625 0.205312734375 0.5168431078125 0.19957219843750001 0.49924670156250006 0.1857369640625
1 0.51421804375 0.13352569375 0.4583052828125 0.120004265625 0.48396054375 0.139917290625 0.5181366359374999 0.147205828125 0.5260475859375 0.14696295625 0.529189759375 0.14284136249999999 0.51421804375 0.13352569375
1 0.5101327265625 0.05889874375 0.49464352656250005 0.0582242359375 0.48664018125 0.0622075625 0.48530939531249995 0.0668485640625 0.489172475 0.070467584375 0.5372482421875 0.0873922109375 0.54162880625 0.0823700703125 0.5399098125 0.0781102078125 0.5101327265625 0.05889874375
1 0.1642358625 0.701175521875 0.1420741015625 0.6998433375 0.1289508453125 0.7080089765625 0.1573416328125 0.7218003265624999 0.1822204765625 0.7239116203125 0.1897063328125 0.72856945625 0.19273767343749998 0.7350891015625 0.19811632968749998 0.726586209375 0.20602727812500002 0.7263433375 0.2082637578125 0.721962040625 0.2019423375 0.7132433296875 0.1642358625 0.701175521875
1 0.21876194999999998 0.647749896875 0.2008883609375 0.645136025 0.18599059843750002 0.6389806859375 0.179465946875 0.6446436703125 0.16686017656250002 0.644168146875 0.1548458453125 0.6382117953125 0.1652890890625 0.6462289453125 0.166342690625 0.652809309375 0.1967112140625 0.666539940625 0.20438186093750002 0.663716865625 0.2171539796875 0.6636122624999999 0.23001849375 0.6597672046875 0.2311829296875 0.6557063296875 0.21876194999999998 0.647749896875
1 0.2472631984375 0.5893730671874999 0.2282620546875 0.5770185031249999 0.224158671875 0.5708192796875 0.22110889218750002 0.5712004187499999 0.22109045 0.578101203125 0.2172089296875 0.5813829687500001 0.1898533015625 0.5810727671875 0.179299221875 0.58369685625 0.190666603125 0.585072925 0.21617395625000002 0.5986652890624999 0.2273749890625 0.600621484375 0.24839075312499997 0.5991137609375 0.251532928125 0.594992165625 0.2472631984375 0.5893730671874999
1 0.27576444375000003 0.5309962374999999 0.2681861921875 0.5300788578125 0.2632510703125 0.5267802609375 0.2518652484375 0.5323049765625 0.2442130421875 0.528227265625 0.2310158328125 0.533232575 0.1989653859375 0.5322039796875 0.2075972375 0.539701721875 0.2279291703125 0.547415284375 0.25049758125 0.5507475484375 0.2763005609375 0.5462177609375 0.2794427359375 0.5420961671875 0.27576444375000003 0.5309962374999999
1 0.2772982734375 0.481210071875 0.25960947343749996 0.47111529062499996 0.25352835625000003 0.46497678281250004 0.24323301874999997 0.46328029375 0.2287234640625 0.4660258171875 0.2066541 0.46095317968750005 0.22336325 0.46762792500000006 0.2410336078125 0.48462349062500004 0.2547853765625 0.4879389234375 0.276207790625 0.4884312765625 0.2791836171875 0.4848898078125 0.2772982734375 0.481210071875
1 0.28849893125000003 0.421639325 0.2592764015625 0.4107486015625 0.2256733078125 0.40488001718750005 0.22376952499999997 0.4081010671875 0.23142173281249998 0.41217877343750003 0.234286721875 0.41927854531250003 0.251642825 0.4305335765625 0.2644888984375 0.4335893046875 0.2957999984375 0.43377807031250004 0.297297134375 0.42855694375000003 0.28849893125000003 0.421639325
1 0.318053778125 0.369842859375 0.2753197859375 0.35821690781250004 0.252751375 0.35488464531249997 0.2449883328125 0.3614481765625 0.27411846562500003 0.3760793546875 0.3106049921875 0.38214692499999997 0.32387615468750003 0.380301946875 0.322822553125 0.373721584375 0.318053778125 0.369842859375
1 0.33897677187499997 0.3105486515625 0.301843296875 0.2999007984375 0.273249278125 0.30049114375 0.2850048671875 0.3107680765625 0.280051303125 0.3143702625 0.30722214062500003 0.32216137499999997 0.3401782828125 0.3234496734375 0.349586365625 0.3179856765625 0.33897677187499997 0.3105486515625
1 0.3250767265625 0.23938562187499998 0.3100865671875 0.2369707375 0.3057060015625 0.24199287812499998 0.302083221875 0.2409540625 0.296057615625 0.244876671875 0.313247371875 0.256711828125 0.343708290625 0.2667020046875 0.346684115625 0.263160534375 0.3600292328125 0.2644758875 0.3631714078125 0.2603542921875 0.3587353296875 0.25531531875 0.3250767265625 0.23938562187499998
1 0.34097220156249997 0.18053326875 0.3090881015625 0.1789245484375 0.31154644375 0.184024240625 0.3294015921875 0.1935388953125 0.3540216921875 0.199970771875 0.37503745624999996 0.198463046875 0.3753885953125 0.1904020109375 0.34097220156249997 0.18053326875
1 0.39167227968749996 0.1404505234375 0.3863305078125 0.13515184687499998 0.350102725 0.124763696875 0.336092215625 0.125768846875 0.323061353125 0.1301940296875 0.3291424734375 0.1363325359375 0.3638915625 0.145041028125 0.385554278125 0.1481135875 0.39108084062500004 0.14593135468750001 0.39167227968749996 0.1404505234375
1 0.40320563125 0.07971952812500001 0.3685489375 0.06727058125 0.346793828125 0.067938478125 0.349418515625 0.0724580421875 0.36439023125 0.0817737125 0.389823634375 0.09220574687500001 0.4011910125 0.093581815625 0.41010005312500003 0.08985819375000001 0.41109814062499994 0.08637744375 0.40320563125 0.07971952812500001
1 0.41314945625000005 0.027950114062499996 0.3821894921875 0.0197003125 0.3620609828125 0.028368526562500003 0.404794975 0.0399944765625 0.42390695625 0.0417078 0.4226130515625 0.03254723125 0.41314945625000005 0.027950114062499996
1 0.1816109703125 0.7978201765625 0.1550131328125 0.7914490187500001 0.13739828437499998 0.7845145703124999 0.128322896875 0.788818315625 0.1146450859375 0.788663215625 0.1091369640625 0.7839446625 0.11183560625 0.791624559375 0.127287925 0.8061006374999999 0.1506696359375 0.8134330609375 0.1773783109375 0.809162978125 0.18266457187500001 0.8044005406249999 0.1816109703125 0.7978201765625
1 0.136548665625 0.8866063875 0.13689980468750002 0.878545353125 0.1017625046875 0.8609359968750001 0.0926871171875 0.8652397453124999 0.0806543453125 0.866184178125 0.07305765 0.8721675828125001 0.088195715625 0.8809031265625 0.1097660375 0.8877161421875 0.1189153765625 0.8865727218749999 0.128138671875 0.8885896359375 0.136548665625 0.8866063875
1 0 0.7628268484375 0.0053702968750000005 0.7629795984375 0.013706337499999999 0.757836021875 0.014131428125000001 0.752935315625 0.0031891421874999997 0.7466585421875 0 0.7460935046875 0 0.7628268484375
1 0 0.6741789796875 0.0098058125 0.6757281625 0.030156184375 0.6765409390625 0.0338713578125 0.6738392984375 0.0338898 0.6669385140624999 0.026403940625 0.662280678125 0.0193986859375 0.662783253125 0 0.656798121875 0 0.6741789796875
1 0 0.587537896875 0.008622370312499999 0.5943994140625 0.016607271875 0.5973168734375001 0.0241670859375 0.6051350390625 0.0533341015625 0.6059646453124999 0.064627528125 0.6041803859375 0.0699137875 0.5994179484375 0.0570861578125 0.5894614359375 0.0435746921875 0.5887262109375 0.0079199078125 0.5797580140624999 0.0000089578125 0.5800008859375 0 0.5800074000000001 0 0.587537896875
1 0.097213525 0.528140096875 0.0784342421875 0.525266521875 0.056124574999999996 0.517613678125 0.017327615625 0.512767078125 0.0474189546875 0.5377190749999999 0.06538493906250001 0.536592490625 0.08383152656250001 0.540626315625 0.09884012656249999 0.5361404140625 0.1005036078125 0.5303391609375 0.097213525 0.528140096875
1 0.11037347812500001 0.47540941718749996 0.07299969843750001 0.46218136093749995 0.06483000625 0.4667448109375 0.04126350625 0.4668933 0.037548334375 0.46959494062499996 0.0570669640625 0.47330834218750006 0.0688225515625 0.4835852765625 0.08743548749999999 0.48703897500000004 0.1102626421875 0.486050659375 0.113571165625 0.48134893749999996 0.11037347812500001 0.47540941718749996
1 0.08845164375 0.41513049999999996 0.0590258828125 0.41862147031249997 0.0742563453125 0.423616559375 0.08322089375 0.4299540515625 0.12225815625 0.43738085625 0.1352150640625 0.4297953453125 0.12131539218750001 0.420159253125 0.08845164375 0.41513049999999996
1 0.158522446875 0.372440496875 0.11521545468750001 0.35939459218750003 0.0837380046875 0.35978595156250004 0.0957523359375 0.3657423046875 0.0940888546875 0.37154355625 0.13501145781249999 0.3826501 0.1578386125 0.381661784375 0.161147134375 0.37696006406250004 0.158522446875 0.372440496875
1 0.15410443437500002 0.2989737984375 0.129817028125 0.291381671875 0.12175817343749999 0.28530388281249996 0.11451261718750001 0.283226253125 0.1199283421875 0.29168526093749997 0.11678616718749998 0.29580685624999997 0.124105678125 0.3010448140625 0.129928053125 0.31150390156249996 0.16467714375 0.32021239375 0.176709915625 0.3192679609375 0.176562009375 0.3129473015625 0.15410443437500002 0.2989737984375
1 0.20447181718750002 0.26005130468750004 0.18998070312499998 0.25589604375 0.170536025 0.255342971875 0.143088003125 0.25877322343750003 0.15467724375 0.2696302828125 0.1731238328125 0.27366410625 0.19999885625 0.2688139 0.2060244625 0.2648912921875 0.20447181718750002 0.26005130468750004
1 0.222825634375 0.2062986421875 0.2042311390625 0.195944159375 0.1777996484375 0.1889928765625 0.158761621875 0.1904398828125 0.15075827656250002 0.194423209375 0.1509985796875 0.1970034140625 0.1593901296875 0.2019209515625 0.1934738296875 0.21294994374999998 0.2018838234375 0.2109666984375 0.2182787203125 0.211900909375 0.222825634375 0.2062986421875
1 0.2286845171875 0.1414292203125 0.19443447187500001 0.130980353125 0.16707884374999998 0.1306701515625 0.191347809375 0.14516306406249999 0.19487819374999998 0.1499423328125 0.22502485625 0.15419197499999998 0.236558584375 0.15498791875 0.23862871718749998 0.151186746875 0.2286845171875 0.1414292203125
1 0.23517191093749998 0.08804086562499999 0.2161707671875 0.0756863046875 0.1979644796875 0.074232684375 0.1964673453125 0.07945381093750001 0.182124140625 0.08161921250000001 0.193639425 0.0893159390625 0.20689214687500002 0.0943717453125 0.244025625 0.10501959999999999 0.25679774375000003 0.1049149953125 0.253526103125 0.0958151453125 0.23517191093749998 0.08804086562499999
1 0.27278561562500003 0.0423221890625 0.2645604109375 0.0368245265625 0.22792597812499998 0.024436296875 0.212270428125 0.0243419140625 0.2014020921875 0.0212254703125 0.2074832109375 0.027363975000000002 0.23208487187500002 0.040696635937499996 0.262139140625 0.048686734375 0.26971739375000003 0.049604115625 0.2737652625 0.0457422234375 0.27278561562500003 0.0423221890625