1 0.078173934375 0.9088742640625 0.08508052968749999 0.909248659375 0.0774446234375 0.9062420203125001 0.0720748703125 0.9004079046875001 0.0480651296875 0.892490496875 0.020707509375 0.8896790046874999 0.0211491890625 0.908655415625 0.0216327921875 0.9088489875000001 0.0519440515625 0.9132636265625 0.073827978125 0.9126618437499999 0.078173934375 0.9088742640625
1 0.09295340625000001 0.84029813125 0.0671123375 0.8308509921875 0.05991125625 0.8234871421875001 0.0355909296875 0.8186820296875 0.0247110828125 0.8183604624999999 0.0190945859375 0.820381240625 0.01946234375 0.836181659375 0.051684079687499995 0.84628613125 0.07997765625 0.8510384171875 0.07772760625 0.8437641453125 0.09295340625000001 0.84029813125
1 0.08687275156249999 0.7819454796875001 0.0876802859375 0.773853515625 0.0470482421875 0.763515178125 0.017769740625 0.7634604890625 0.017957 0.771505959375 0.0344912109375 0.7799999984375 0.057771640624999995 0.7852851624999999 0.075201478125 0.7796141296875 0.08687275156249999 0.7819454796875001
1 0.0998047921875 0.721941365625 0.07658648125 0.71603374375 0.0658469765625 0.704365509375 0.0242831640625 0.7033640531249999 0.019999325000000002 0.706529175 0.02054228125 0.7110287937499999 0.05046473124999999 0.7292799390625 0.06666026093750001 0.7310072078125 0.0795497375 0.7360420078125001 0.074676928125 0.72522821875 0.0998047921875 0.721941365625
1 0.020717134374999998 0.6396940875 0.0200338359375 0.6465411359375001 0.0254657078125 0.6517527953125 0.0923115265625 0.66780351875 0.0926842359375 0.664068765625 0.07528660781249999 0.6495363000000001 0.054272332812500004 0.6414236578125 0.025000971875 0.6365289656249999 0.020717134374999998 0.6396940875
1 0.03254715625 0.5807924828125001 0.0397482359375 0.5881563328125 0.0701676296875 0.60142780625 0.103288 0.6075145875 0.11070764375 0.5928075625 0.08609283125 0.5810129953125001 0.048083545312499996 0.574214175 0.034875428125 0.5773425453125001 0.03254715625 0.5807924828125001
1 0.0646322296875 0.507790234375 0.053503915624999995 0.509958503125 0.0510514046875 0.5146533578125 0.055381257812499994 0.520967528125 0.07749755 0.5279776593750001 0.09796886406250001 0.53159068125 0.1162522515625 0.5273069734375 0.10287388281250001 0.52220096875 0.0997081671875 0.5141618343750001 0.0646322296875 0.507790234375
1 0.1278660078125 0.4506917046875 0.10318907656250001 0.43951959531250007 0.07202426875 0.433717628125 0.059918171875 0.4357434875 0.0621061015625 0.44364021718749996 0.09038357500000001 0.45849425312500003 0.1278660078125 0.4506917046875
1 0.0754269546875 0.3697996 0.0746815390625 0.37726910625 0.107429203125 0.3870906421875 0.115189346875 0.3888523640625 0.1372596265625 0.3863832046875 0.1355525328125 0.38360855312500003 0.141000509375 0.3787184625 0.10715082499999999 0.36999943750000003 0.0754269546875 0.3697996
1 0.09216199375 0.30150828281250003 0.07803821093749999 0.3038717859375 0.080164025 0.312390975 0.09672421249999999 0.3154343671875 0.10972987187500001 0.324275121875 0.1204233625 0.3264640671875 0.13290216875 0.3207034546875 0.1505643734375 0.3226443359375 0.12149547187500001 0.305780515625 0.09216199375 0.30150828281250003
1 0.1529432640625 0.249104609375 0.11824003281249999 0.23899825625 0.1054667421875 0.23776941406250002 0.0981874375 0.24112977343750003 0.09481926406249999 0.2450597625 0.09921123281250001 0.250751471875 0.1307947609375 0.26229797499999996 0.1591504546875 0.2664278015625 0.15249233281250002 0.2635635703125 0.15569025625 0.25139920781249997 0.1529432640625 0.249104609375
1 0.136882321875 0.20129700625 0.15643797343750002 0.20414516093750001 0.17919155 0.19482895625000002 0.1551818109375 0.1869115484375 0.1150306078125 0.18169528906250001 0.1068356390625 0.18429077968750002 0.11574381250000002 0.1944292828125 0.136882321875 0.20129700625
1 0.140347125 0.13675651875 0.132214275 0.1387295515625 0.1449254484375 0.1405808515625 0.140347125 0.13675651875
1 0.1618307359375 0.08052390937500001 0.13934173593750002 0.07724853125 0.1112184078125 0.08073061875000001 0.11169924843750001 0.0858526984375 0.119273034375 0.0894817953125 0.155745478125 0.10174033906249999 0.164251034375 0.096032553125 0.19035668125 0.0928881078125 0.176791959375 0.08964948125 0.1618307359375 0.08052390937500001
1 0.1293338453125 0.028427996875 0.1267571 0.034367771875 0.13512231875 0.040006653125 0.1573007296875 0.0463943265625 0.17729120625 0.044885270312499996 0.18573464687500002 0.03979994375 0.16919056562499998 0.026654803124999998 0.1633859890625 0.025177896875 0.1293338453125 0.028427996875
1 0.135133796875 0.914644078125 0.14044143125 0.9211006562499999 0.165366834375 0.929782928125 0.1838204671875 0.9337335937500001 0.2167084734375 0.9322084625 0.18489257812499998 0.9130500421875001 0.149816640625 0.9066784453125001 0.13862620625 0.9094691718749999 0.135133796875 0.914644078125
1 0.198383678125 0.8474437984375 0.1779744796875 0.843208315625 0.1510152890625 0.8449654375 0.1475228796875 0.85014034375 0.1538082953125 0.856739328125 0.17598670624999999 0.8631270015625001 0.20994452031250002 0.8807028593749999 0.2102712140625 0.867488815625 0.2180474625 0.8591487859375 0.198383678125 0.8474437984375
1 0.230979503125 0.7991446703125 0.2308713703125 0.7902878375 0.17343066875 0.77939594375 0.16144880625 0.7801768859375 0.1551472859375 0.7836796515625 0.1553175328125 0.791914025 0.1666161 0.79798013125 0.2241810359375 0.80762710625 0.23451792500000002 0.8034490546875 0.2348906328125 0.7997143 0.230979503125 0.7991446703125
1 0.20543752187500003 0.7171179046875 0.192912703125 0.713399228125 0.1673040015625 0.7115640015625 0.15813124843749998 0.7140170859375 0.1576964234375 0.7183742984375 0.168870753125 0.7256853203125 0.1704536109375 0.729704890625 0.198871425 0.7332122562500001 0.236586225 0.7330216218750001 0.2278483 0.73111749375 0.20543752187500003 0.7171179046875
1 0.2366828546875 0.6724111234375 0.21219227499999999 0.6593716374999999 0.20590685937500003 0.652772653125 0.16667131875000002 0.6483212609375 0.1584763515625 0.65091675 0.1559617234375 0.656234065625 0.177581071875 0.66822386875 0.1987195828125 0.6750915921875 0.2186479421875 0.6742049953125 0.2198741953125 0.6718575671875 0.2366828546875 0.6724111234375
1 0.18959744843749998 0.6074548875 0.222423334375 0.6065522140625 0.2293460375 0.5968248609375 0.20747821718749998 0.5873248906249999 0.1812644390625 0.5816125046875 0.1654335640625 0.5812013578124999 0.162546228125 0.590253425 0.18959744843749998 0.6074548875
1 0.1969733796875 0.54348403125 0.23021798906250002 0.5483258953125 0.227905821875 0.5416740828125 0.234998771875 0.5401811015625 0.1753701375 0.5213924765625 0.1679044796875 0.5266202109375 0.1704030015625 0.5314046484375 0.1969733796875 0.54348403125
1 0.2641504984375 0.46675163125 0.2558474 0.460490290625 0.23868213749999997 0.45356973749999996 0.20635319531250002 0.44949274062500005 0.1824515859375 0.450432165625 0.1800611953125 0.4545045640625 0.197040103125 0.4632924921875 0.207857828125 0.46423651718750003 0.21543161875 0.46786561562499995 0.2478226796875 0.4713201546875 0.2641504984375 0.46675163125
1 0.2414337359375 0.37629525625000004 0.22762054375 0.3755464671875 0.2004128796875 0.379793421875 0.1996674640625 0.387262928125 0.2149392765625 0.39327620625000004 0.24531265625 0.3970683890625 0.27435165 0.394351165625 0.2826087359375 0.391133215625 0.2708753453125 0.3894243234375 0.2414337359375 0.37629525625000004
1 0.228322246875 0.318813128125 0.218901025 0.323756046875 0.2233551125 0.3288253 0.24540928593750003 0.336457890625 0.289409503125 0.3428662390625 0.27311389375 0.3272312625 0.261877446875 0.3205426984375 0.24134401093750002 0.3175521359375 0.228322246875 0.318813128125
1 0.231770946875 0.264374390625 0.2322517859375 0.2694964703125 0.243426115625 0.27680749375 0.26976412656250004 0.2812749625 0.29728238125 0.2739157109375 0.2896464734375 0.270909071875 0.2873964234375 0.26363480156249997 0.24889019375000002 0.261815653125 0.231770946875 0.264374390625
1 0.3545528328125 0.2765732328125 0.34983417031249997 0.2840955671875 0.37163987187499997 0.2942179921875 0.4169123578125 0.30775820625 0.4179062453125 0.2977988640625 0.42395929375 0.29678593593749997 0.4087495984375 0.290150196875 0.39977930625 0.2806341546875 0.3545528328125 0.2765732328125
1 0.39315569375 0.2177818828125 0.3636979796875 0.21475456875 0.351653996875 0.21615796875 0.353966165625 0.22280978281250002 0.3749804390625 0.23092242343749997 0.4062073640625 0.23610193124999998 0.43102463750000003 0.23592737187499999 0.4253442953125 0.23320555 0.4318321703125 0.22783540625 0.39315569375 0.2177818828125
1 0.2715379421875 0.2038580734375 0.24757421562499998 0.2054199578125 0.2469530359375 0.21164454843749997 0.2505535765625 0.215326471875 0.2890437015625 0.22724737031250003 0.31581653906249996 0.227357628125 0.314544271875 0.22022576562500001 0.3239033765625 0.21590530624999998 0.3027648671875 0.20903758125 0.2715379421875 0.2038580734375
1 0.360410328125 0.168175809375 0.36401086875 0.17185773437500002 0.3832559328125 0.1778181828125 0.396882771875 0.1804343515625 0.42305053593749997 0.176667446875 0.4032003984375 0.1668298359375 0.3809598703125 0.16106462187499998 0.36182293906249996 0.1639610046875 0.360410328125 0.168175809375
1 0.260133546875 0.1491505953125 0.2587209375 0.1533654 0.2700816234375 0.1588090453125 0.3013085484375 0.1639885546875 0.331511678125 0.1595463640625 0.2952255890625 0.1454204453125 0.288008403125 0.1481583421875 0.2703462 0.1462174625 0.260133546875 0.1491505953125
1 0.40832628125000003 0.095584709375 0.3780150203125 0.09117006875 0.36278921875000003 0.09463608125 0.362105921875 0.101483128125 0.37731561875 0.10811886562499999 0.4227744578125 0.1197917015625 0.4234577546875 0.11294465312499999 0.434399715625 0.11264376250000001 0.436727990625 0.10919382500000001 0.40832628125000003 0.095584709375
1 0.33289667968750003 0.09596597812499999 0.322016834375 0.09564440937499999 0.2848772 0.08013116718749999 0.2769928234375 0.07961436093749999 0.257358946875 0.087490415625 0.257839784375 0.09261249375 0.27005401406249996 0.099443465625 0.319548221875 0.110441015625 0.3218665234375 0.1004640640625 0.33662145625 0.09840298593749999 0.33289667968750003 0.09596597812499999
1 0.2630116828125 0.0308466578125 0.2625147390625 0.035826328125 0.26703094374999997 0.0402731203125 0.306374615625 0.053581345312499994 0.3172383546875 0.06400466406250001 0.32616263437500004 0.064041415625 0.32191100625 0.0470030359375 0.30732248906250004 0.0341427125 0.27407787968749997 0.0293008484375 0.2630116828125 0.0308466578125
1 0.29263501875000003 0.926847521875 0.281879409375 0.9252810359374999 0.27460010625 0.9286413937500001 0.2729390265625 0.9353460328125 0.293704828125 0.9459485125 0.30231851718749997 0.9490975578124999 0.349019715625 0.9483212156249999 0.35544547187500003 0.943573534375 0.3176386453125 0.9248055859375001 0.29263501875000003 0.926847521875
1 0.34818687656249997 0.8572630609375 0.3188533984375 0.852990828125 0.309199809375 0.8503218328125 0.30657705156250004 0.8467823140625 0.2871916484375 0.85216853125 0.2863841140625 0.8602604984375001 0.306110015625 0.871343025 0.3246257671875 0.8746712328124999 0.346571809375 0.873446990625 0.3509177671875 0.8696594109375001 0.34818687656249997 0.8572630609375
1 0.3540719796875 0.8082312171874999 0.35542246875 0.804638871875 0.35383961249999996 0.8006193015624999 0.3444966125 0.7948380140625 0.32146465625 0.7870630140625 0.27917153125 0.7834293156250001 0.27647055 0.79061400625 0.288374190625 0.8005572734375 0.3200819546875 0.8108588593749999 0.3483134140625 0.8162336031249999 0.348081046875 0.8086216875 0.3540719796875 0.8082312171874999
1 0.353020578125 0.7392439390625001 0.340201271875 0.7285358046875 0.3079965640625 0.7232138890625001 0.2939349 0.724954934375 0.2914202734375 0.7302722484374999 0.29489657812500003 0.7351990921875 0.30723504375 0.7407851453125 0.328311434375 0.7482753296875 0.3557514671875 0.7516402875 0.36535904375 0.744829990625 0.353020578125 0.7392439390625001
1 0.3675515796875 0.673157640625 0.36584448593749996 0.6703829906250001 0.339087753125 0.660170984375 0.29429610624999997 0.6517528515625 0.2937991640625 0.656732521875 0.2862092703125 0.6632051734375 0.3001305921875 0.6728107953125 0.3382019953125 0.678987159375 0.35147223125 0.6752363296875 0.3673652265625 0.6750250171875 0.3675515796875 0.673157640625
1 0.30569130312500004 0.59720845625 0.3040302203125 0.603913096875 0.31422676875 0.6110817125 0.345205221875 0.6187510546875 0.374849290625 0.61991099375 0.3801270171875 0.6067865296875 0.369744115625 0.6014852921875 0.3130948421875 0.59260318125 0.30569130312500004 0.59720845625
1 0.370988775 0.5492515734375 0.3629341484375 0.540500396875 0.3308536765625 0.5339335640625 0.3197874796875 0.5354793718749999 0.31342383749999997 0.5396045968750001 0.3322961921875 0.5492998 0.33394116875 0.5526969109375 0.3439053484375 0.5522536109375 0.379648478125 0.5618799125 0.3918166953125 0.5592315906249999 0.370988775 0.5492515734375
1 0.38893396562500004 0.488714578125 0.3940253359375 0.477457490625 0.366166584375 0.46834799687500006 0.33847808281249997 0.467472871875 0.3321765609375 0.47097563750000004 0.3324710453125 0.47796509218749994 0.336133703125 0.48102455937500005 0.35086256250000003 0.482538215625 0.36888136875 0.4908460953125 0.375787965625 0.49122048906250004 0.38893396562500004 0.488714578125
1 0.3452328359375 0.4097266046875 0.38403355 0.418535209375 0.40469122031250004 0.42028085312499996 0.40891294218749996 0.41773819218749997 0.385275909375 0.40608603125 0.3443332765625 0.39885998749999996 0.33686761875000004 0.40408772343750005 0.3452328359375 0.4097266046875
1 0.3399137015625 0.33380269687499997 0.341434440625 0.338444725 0.35847546406249997 0.3466101953125 0.39092864375 0.349442275 0.41189690468749995 0.348075625 0.38538864375 0.33537378281249997 0.362046096875 0.3307110796875 0.343095521875 0.331740084375 0.3399137015625 0.33380269687499997
1 0.4004902171875 0.06476265625 0.4308175828125 0.059075546874999996 0.4425509734375 0.060784440625000005 0.4258205390625 0.049506676562500004 0.4143356171875 0.045307946875 0.40798808593749997 0.039331421875 0.3992501578125 0.03742729375 0.39398853906250003 0.0404500078125 0.370940478125 0.042776757812499996 0.368239496875 0.049961450000000004 0.374711265625 0.054693056250000004 0.38540475625 0.05688200156249999 0.4004902171875 0.06476265625
1 0.4556302296875 0.9436401640625001 0.407408290625 0.9397744781249999 0.402084553125 0.9434196515625001 0.403170465625 0.952418890625 0.4248519328125 0.9637862328125 0.44507477656249994 0.96988909375 0.44850506875 0.9653366453125001 0.488299671875 0.9641859078125 0.46008431562499996 0.948709415625 0.4556302296875 0.9436401640625001
1 0.44816917500000003 0.8692988171874999 0.42158269062500003 0.8673211843749999 0.4132013671875 0.8717840515624999 0.4127044234375 0.8767637234375 0.423878753125 0.8840747468749999 0.4365278109375 0.8865485062499999 0.45363095312499996 0.8940915171875 0.49094313749999996 0.8780545953125 0.475965809375 0.879030775 0.44816917500000003 0.8692988171874999
1 0.47837460624999995 0.8250720875 0.49898626406249996 0.8173384406249999 0.4972791703125 0.8145637906250001 0.472478003125 0.8046366 0.445037971875 0.801271640625 0.4364864 0.797500134375 0.4171631140625 0.8022638953125 0.41635558125000005 0.810355859375 0.42245464374999997 0.8188222218749999 0.42611730156250005 0.8218816875 0.43980625937499995 0.8238753953125 0.47837460624999995 0.8250720875
1 0.42703757031249995 0.7430774734375001 0.4256249625 0.747292278125 0.4483463296875 0.758179571875 0.46661360781249994 0.7639976125 0.50837988125 0.7530299406250001 0.487179253125 0.7467846765624999 0.4769205875 0.7402385203125 0.44348962500000005 0.7372640328125 0.42703757031249995 0.7430774734375001
1 0.5006542484375001 0.69128018125 0.5113638453125 0.683367375 0.503852175 0.6791158187499999 0.4843586390625 0.6756452046875 0.4664479640625 0.6761941578124999 0.4498877765625 0.6731507671875 0.43863522499999996 0.676563953125 0.4399074921875 0.6836958171874999 0.44839694531249996 0.68808978125 0.45890408125000004 0.692146103125 0.484450665625 0.6946037859375 0.5006542484375001 0.69128018125
1 0.4608182375 0.603382546875 0.44584090937500004 0.6043587234375 0.4405792875 0.6073814390625001 0.44307780937499996 0.6121658734375 0.454376375 0.6182319796875 0.492447778125 0.624408340625 0.50272255 0.6208527484374999 0.519344853125 0.6232736796875 0.4938143734375 0.6107142453125001 0.4608182375 0.603382546875
1 0.5237414265625 0.549396309375 0.5138393640625 0.54921715 0.49398922812499996 0.5393795390625 0.45188245781249997 0.5338784624999999 0.44839004843749997 0.5390533703125 0.4527820171875 0.54474508125 0.472756390625 0.5533377734375 0.49029435781249997 0.556523571875 0.512178284375 0.555921790625 0.5117595640625 0.5501772515625001 0.5237414265625 0.549396309375
1 0.52824613125 0.4843757703125 0.517490521875 0.48280928437500004 0.5074021046875 0.4844975015625 0.45270839687500003 0.47590020937500005 0.4453048578125 0.4805054828125 0.44603416874999996 0.4831377265625 0.4629509578125 0.4925481140625 0.49515566718750004 0.4978700296875 0.5031642796875 0.49714191406249997 0.51185619375 0.4895667546875 0.52824613125 0.4843757703125
1 0.4759152078125 0.4123404984375 0.451160053125 0.4118926 0.44870754375 0.41658745625 0.45316163125 0.42165670625 0.481563340625 0.43526582343750003 0.486390134375 0.43660031874999994 0.5025937171875 0.4332767140625 0.5221654734375 0.42602312031249995 0.5244937484375 0.4225731828125 0.4759152078125 0.4123404984375
1 0.5247767328124999 0.36009530624999997 0.527105003125 0.35664536875 0.49930837187500005 0.3469134125 0.4578687921875 0.344667040625 0.452793525 0.345822378125 0.44905264375 0.35348711875 0.4574178625 0.359126003125 0.46829770625 0.3594475703125 0.49322311093750004 0.36812984375 0.5017907890625 0.3617996 0.5247767328124999 0.36009530624999997
1 0.5084213046875 0.30529824843750003 0.5347133046875 0.3002864265625 0.5143662234375 0.2954284875 0.505147459375 0.2884022796875 0.46670334843749994 0.28596067187499996 0.4594240453125 0.2893210296875 0.46265187812499997 0.29673770781250003 0.482812603125 0.3034630234375 0.4920313671875 0.3104892328125 0.498813728125 0.3121085453125 0.5084213046875 0.30529824843750003
1 0.5299509296875 0.2585449296875 0.5303857546875 0.25418771875 0.542491853125 0.252161859375 0.5412195875 0.2450299953125 0.509139115625 0.2384631625 0.4715485515625 0.23740887812499997 0.4613358984375 0.24034201406250003 0.4589455078125 0.24441440937499997 0.4711597375 0.2512453828125 0.5050715390625 0.259341946875 0.5258534453125 0.25984267499999997 0.5299509296875 0.2585449296875
1 0.4855503984375 0.19650575312500002 0.523994509375 0.1989473625 0.546189025 0.1952332859375 0.52078278125 0.1814289328125 0.502996340625 0.1807329703125 0.48606344687499997 0.1814243328125 0.46954927343749997 0.18786023125 0.4855503984375 0.19650575312500002
1 0.5374395984375 0.1238618265625 0.5202743375 0.1169412734375 0.48512017656250006 0.1212938828125 0.48364545000000003 0.1261311484375 0.48816165624999996 0.13057793906249998 0.5036198234375 0.1347238421875 0.5110693765625001 0.13959785625 0.5149183875000001 0.140789946875 0.5357163984375 0.1311889234375 0.5389603375 0.12850385312499998 0.5374395984375 0.1238618265625
1 0.55384794375 0.0687845546875 0.516087128125 0.059495896874999996 0.49542945781250003 0.057750253125 0.48405266874999997 0.0624083546875 0.48642695312499995 0.068437709375 0.4966235015625 0.0756063234375 0.522232203125 0.0774415484375 0.55108484375 0.076591703125 0.5476085375 0.071664859375 0.55384794375 0.0687845546875
1 0.6323072375 1 0.6282928328125 0.99278459375 0.6375276999999999 0.9897090499999999 0.6388781921875 0.9861167046875 0.5703712921874999 0.9767706203125 0.5641940062499999 0.9790284687499999 0.5615551421875 0.9855906984375 0.570649671875 0.993861825 0.5869613859375 0.9993950515625001 0.6085308859375 1 0.6323072375 1
1 0.633699396875 0.8988461296875 0.6236109812499999 0.900534346875 0.6103568515625 0.8941834249999999 0.6015568078125 0.89290175625 0.560101125 0.9007571343749999 0.5603334921875 0.9083690453125 0.567658809375 0.9144879796875 0.6058544484375 0.9194194234375 0.6451682109375 0.9131466093749999 0.6454788015624999 0.9100343140625 0.633699396875 0.8988461296875
1 0.603655015625 0.8420553640625 0.6168631328124999 0.83892699375 0.6276187421875 0.8404934796875001 0.6280535671874999 0.8361362671875 0.640221784375 0.8334879484375 0.6022286046875001 0.8165873765624999 0.5792426609375 0.8182916703125 0.5676335046875 0.8153378578125 0.5581501640625001 0.8209032359374999 0.558631003125 0.8260253140625 0.565832084375 0.833389165625 0.5874054203125 0.8358996781249999 0.603655015625 0.8420553640625
1 0.611063159375 0.7578810078125 0.60581764375 0.750801971875 0.5999509484375001 0.749947525 0.5846009109375 0.7546584562499999 0.5701826453125001 0.750032503125 0.568832153125 0.75362485 0.5596594031250001 0.7560779328125 0.5609937875 0.7625873375000001 0.5759550109375 0.7717129093749999 0.611217303125 0.7762171296875 0.6442916624999999 0.772824621875 0.611063159375 0.7578810078125
1 0.6325927828125 0.7111276875 0.629970025 0.707588171875 0.6335866703125 0.7011683468750001 0.6099496390625 0.6895161859375001 0.5778070484375 0.6835718140625 0.564847403125 0.684210346875 0.5554261796875 0.6891532671875 0.5559070203124999 0.6942753453125 0.5663520375 0.6989541234375001 0.5812051312500001 0.6992228640625 0.6284331812499999 0.7130478921875001 0.6325927828125 0.7111276875
1 0.5540020703125 0.623900740625 0.5546071453125 0.6277779015625 0.571523934375 0.6371882890625 0.5957200281249999 0.64323831875 0.607221053125 0.637335296875 0.626357984375 0.6344389171875 0.6035744984375 0.62417408125 0.5675828953125001 0.6170376156249999 0.5540020703125 0.623900740625
1 0.566934109375 0.563896625 0.5592820984375 0.570991734375 0.57938070625 0.5783395109375 0.6057187203125001 0.5828069796875 0.62761875 0.572103446875 0.6221868796875001 0.5668917890625 0.5968887671875 0.56194426875 0.5777518359375 0.5648406515625 0.566934109375 0.563896625
1 0.559983803125 0.5142583968750001 0.5773975359375 0.5186891140625 0.600010771875 0.5207195765625 0.6345598578125 0.5124898015625 0.6343896078125 0.5042554296875 0.5841499875 0.5007273859375 0.5596271984375 0.5078914015625 0.559983803125 0.5142583968750001
1 0.6098093062500001 0.4324728234375 0.5883602078125 0.42871739218749993 0.5691611578125 0.4322362328125 0.5676243125 0.43769595624999996 0.5761137656249999 0.44208992187499996 0.634345896875 0.45499159999999994 0.639296928125 0.4550811796875 0.646343865625 0.44410890625 0.6346104734375 0.4424000140625 0.6098093062500001 0.4324728234375
1 0.646021775 0.37775387031249996 0.6405899046875 0.3725422109375 0.6212206078125 0.36782668125 0.5739764515625 0.3641034015625 0.5667592640625 0.36684130000000004 0.5652224218749999 0.37230102187499997 0.582139209375 0.381711409375 0.5908150156249999 0.384237996875 0.6214989859375 0.3849178859375 0.6406980359375 0.38139904375 0.646021775 0.37775387031249996
1 0.5894070124999999 0.308883721875 0.5930696703125 0.3119431875 0.62057181875 0.31468568750000003 0.6504643609375 0.3133557921875 0.6325697875 0.3038029953125 0.61790305 0.3016668796875 0.5912544468750001 0.30031170625 0.5894070124999999 0.308883721875
1 0.5947491578124999 0.2553522578125 0.5904032015625 0.25913983906250004 0.5929638421875 0.263301815625 0.6387953875 0.271239896875 0.667585909375 0.2710125109375 0.6691227546875 0.26555279062500003 0.6561170953125 0.2567120328125 0.632169475 0.2481721671875 0.5947491578124999 0.2553522578125
1 0.6486399375 0.1924724375 0.6249868000000001 0.190922028125 0.6026059312500001 0.19650348125 0.6000913046874999 0.20182079375 0.604731746875 0.20502266875 0.6445102406250001 0.2139736828125 0.6550334828125 0.20792825312500002 0.674775490625 0.2089090328125 0.6760638625000001 0.20593914375 0.6486399375 0.1924724375
1 0.6899736828125 0.14607743906249998 0.6305774171875 0.1349007296875 0.6124803859375 0.137317059375 0.6139390078125 0.1425815453125 0.621512796875 0.14621064374999998 0.6574422828125 0.1539695671875 0.6899736828125 0.14607743906249998
1 0.6270113890625 0.0712307625 0.6237053328125 0.07453829375 0.6260175 0.08119010625 0.6791283515625001 0.08576782968749999 0.6842657375 0.0839900328125 0.6847626796874999 0.0790103625 0.67853938125 0.07178891875 0.6632675671875 0.06577564218750001 0.6270113890625 0.0712307625
1 0.716007990625 0.839473675 0.7250565046874999 0.8382655078125 0.7499819078125001 0.8469477828124999 0.782807796875 0.8460451109375 0.773232428125 0.8326519046874999 0.751240371875 0.8243968546874999 0.7100492671875 0.819660646875 0.7005659265624999 0.8252260250000001 0.701046765625 0.830348103125 0.708620553125 0.8339772015625 0.7105600140624999 0.8443637671875001 0.716007990625 0.839473675
1 0.7267520968750001 0.77157283125 0.73309963125 0.77754935625 0.767818965625 0.77755395625 0.77137349375 0.7717565921875 0.7845816125 0.768628221875 0.7706441828124999 0.7691243484375 0.7582435984375 0.764160753125 0.7541001015625 0.7559792062499999 0.7372914421875 0.755425653125 0.718962046875 0.7502300703125 0.7038604796875 0.7524511640625 0.7034256546875 0.7568083765625 0.71441363125 0.765986775 0.7267520968750001 0.77157283125
1 0.7403674328125 0.70472166875 0.770322090625 0.7027693125 0.7818691296875 0.7063455828125 0.772650365625 0.6993193734375 0.7460178671875 0.68786245 0.74351934375 0.683078015625 0.7461582078125 0.6765157828125 0.7433490953125 0.6748436421874999 0.73698545625 0.678968865625 0.713813159375 0.682540534375 0.7075116375 0.6860432999999999 0.7089702578125 0.6913077875 0.728758278125 0.7017678578125001 0.7403674328125 0.70472166875
1 0.7713803984375 0.652402971875 0.7826329515625 0.648989784375 0.751173659375 0.6361983640625 0.7403099203125 0.6257750468750001 0.7313235234375 0.626360753125 0.7224153484375 0.6162222515625 0.7163622968750001 0.6172351796875 0.7086642734375 0.614851 0.70082590625 0.6238134875 0.7022845281250001 0.629077975 0.7255488531250001 0.6444648875000001 0.74870504375 0.65099496875 0.7713803984375 0.652402971875
1 0.802611928125 0.5780133984375 0.77926938125 0.5733506937499999 0.7662637218749999 0.5645099375 0.7556323500000001 0.561698534375 0.7473752640625 0.5649164843750001 0.7263448859375 0.5669055921874999 0.723100946875 0.5695906625 0.7246216859375 0.5742326906249999 0.7455738421875 0.5829677921875 0.7601784625 0.585726365625 0.7838477046875 0.577175028125 0.802611928125 0.5780133984375
1 0.8063712171875 0.520462365625 0.8057661406250001 0.5165852046875 0.770938675 0.5077237703125 0.738423378125 0.50551415 0.72723294375 0.5083048765625 0.72667388125 0.5139070078125 0.7570932734375 0.5271784796875 0.7707201109375 0.5297946484375 0.791874725 0.5265606218750001 0.7973848171875 0.5210480734375 0.8063712171875 0.520462365625
1 0.723604796875 0.44525737187500003 0.7200502671875 0.45105473749999997 0.73220238125 0.4585081671875 0.7699010765625001 0.46841928125 0.8037668640625 0.4670365578125 0.798769821875 0.4574676875 0.775613628125 0.45093760625 0.7297199640625001 0.4436219828125 0.723604796875 0.44525737187500003
1 0.719123103125 0.380822540625 0.7261378296875 0.390053765625 0.7585749046875 0.40298759687499996 0.787908384375 0.4072598296875 0.784494196875 0.401710528125 0.7998442328125 0.396999596875 0.7723581875 0.38415534687499997 0.7322691015625 0.378316628125 0.719123103125 0.380822540625
1 0.7779327 0.338235796875 0.7991494343750001 0.33437931249999997 0.7948195828125 0.3280651453125 0.7909084515625 0.3274955140625 0.7885962828124999 0.3208437 0.773138115625 0.3166978 0.7343834140625 0.3173684859375 0.7281440124999999 0.3202487921875 0.7296026328125 0.32551327812499997 0.7430431171875 0.32999682343750003 0.74456385625 0.3346388515625 0.7779327 0.338235796875
1 0.7602589953125001 0.2668275859375 0.7865970078125 0.27129505468750004 0.8075652671875 0.26992840625 0.811911225 0.266140825 0.7803898140625 0.2539718625 0.7432340749999999 0.2485603671875 0.740470975 0.256367515625 0.7602589953125001 0.2668275859375
1 0.753899959375 0.19138373125000002 0.7466827734375 0.194121628125 0.745145928125 0.1995813515625 0.7496621359375 0.20402814375 0.77184054375 0.2104158171875 0.8088720468749999 0.21707222812500002 0.8171291343749999 0.21385427968749998 0.806203275 0.204053421875 0.793011265625 0.1970800421875 0.753899959375 0.19138373125000002
1 0.7972674953125 0.1345493375 0.7588855031249999 0.13148527031249999 0.74867285 0.1344184046875 0.7483001406249999 0.13815315781249998 0.7555012234375 0.14551700781250002 0.7670482609375 0.1490932796875 0.7957145453125001 0.1501108109375 0.813811578125 0.147694478125 0.818095415625 0.14452935625000002 0.7972674953125 0.1345493375
1 0.8023611687500001 0.083507709375 0.7691786796875 0.0780433859375 0.7582367171875 0.078344278125 0.753455934375 0.086489071875 0.772638878125 0.0930719796875 0.81853254375 0.1003876046875 0.8023611687500001 0.083507709375
1 0.7727768953124999 0.9266799484374999 0.765621828125 0.9287953874999999 0.752305578125 0.9230669265625 0.7451666140625 0.9150806156250001 0.725424609375 0.9140998375 0.6971931484375 0.90872509375 0.693638621875 0.9145224593749999 0.696928571875 0.9213166796875001 0.721170678125 0.9368460000000001 0.74665514375 0.9399261437499999 0.7672046828125 0.9328149578125 0.7727768953124999 0.9266799484374999
1 0.9314261484375 0.9472601718749999 0.8898163234375 0.9367794249999999 0.8767945578124999 0.9380404171875 0.87531983125 0.94287768125 0.88141889375 0.9513440421875 0.8909482484375 0.95525795625 0.893322534375 0.9612873078125 0.9042023796875001 0.961608878125 0.9430030953124999 0.9704174812499999 0.9501581625 0.9683020421874999 0.9314261484375 0.9472601718749999
1 0.937748378125 0.8540865765625 0.9063972187499999 0.8501519875 0.8998012109375001 0.8466652968749999 0.890752696875 0.8478734609374999 0.8881138328124999 0.8544356953125 0.8906744718749999 0.8585976703125 0.9107109640625 0.8665679046875001 0.935822721875 0.8733828015625 0.96504806875 0.8687982 0.9596161999999999 0.86358654375 0.937748378125 0.8540865765625
1 0.9431687468750001 0.7898309046875001 0.9604743499999999 0.7854047890625 0.9570601625 0.7798554859375 0.9494863734375001 0.7762263875000001 0.9114770875 0.7694275671875 0.8980987203125 0.7643215640625 0.8818330203125001 0.7682676296875 0.88512296875 0.7750618484375 0.8953816343750001 0.78160800625 0.9239696984375 0.7933497453125 0.9343065859375 0.7891716921875 0.9431687468750001 0.7898309046875001
1 0.9021225859375 0.6941789468749999 0.88281540625 0.68884095625 0.8787800390625 0.6895162421875 0.8781588593749999 0.69574083125 0.8909781640625001 0.706448965625 0.91040958125 0.7105420375 0.9273884875 0.7193299671875 0.96615929375 0.70855753125 0.9266913859375 0.6964942234375 0.9021225859375 0.6941789468749999
1 0.9606215953125 0.6547045 0.9378381093750001 0.6444396671875 0.9316769296875 0.6365957640625 0.8903615874999999 0.6331044718750001 0.88497573125 0.63737210625 0.886372234375 0.6432590515625 0.90811581875 0.6540039359375001 0.9274851171874999 0.65871946875 0.942835153125 0.6540085359375001 0.9631822359375001 0.6588664765625001 0.9606215953125 0.6547045
1 0.8934835937500001 0.591879778125 0.9341777546875001 0.601595659375 0.9453060703125 0.5994273921875 0.9619904921875 0.6012258625 0.9348150390625 0.5852693203125 0.9010274734375001 0.5759278375 0.8838461078125001 0.5791090343749999 0.8934835937500001 0.591879778125
1 0.8790538234374999 0.5177864984375 0.8804503265625 0.5236734421875 0.9021939124999999 0.5344183265625 0.9461320093750001 0.5414491359375 0.9467531906250001 0.535224546875 0.96069061875 0.5347284218749999 0.9303333437499999 0.520834490625 0.8833376609375 0.5146213734375 0.8790538234374999 0.5177864984375
1 0.95329168125 0.459764615625 0.9518330609375001 0.45450012968750003 0.96033861875 0.44879234375 0.9525163593749999 0.44765308125000003 0.9423658250000001 0.44996375781250003 0.9159035765624999 0.44674120625 0.8887580296875001 0.450365703125 0.8861812859375 0.4563054765625 0.8974798500000001 0.46237158125000005 0.9345113546875 0.46902799531249995 0.9441810500000001 0.461595240625 0.95329168125 0.459764615625
1 0.878704125 0.3920658796875 0.8830339781250001 0.3983800484375 0.907213965625 0.414531828125 0.92664538125 0.4186249015625 0.9420575359375001 0.41329151093750005 0.9167755281250001 0.3982422421875 0.8977168203125 0.390414415625 0.8820722984374999 0.388135890625 0.878704125 0.3920658796875
1 0.9531743515625 0.3416559125 0.93527978125 0.3321031171875 0.906986203125 0.327350834375 0.884978040625 0.32919753281249997 0.887228090625 0.33647180468750004 0.9034776875 0.34262748906249996 0.9108651234374999 0.3481239640625 0.948145096875 0.3522905421875 0.958171396875 0.351224784375 0.9593976515625 0.34887735625 0.9531743515625 0.3416559125
1 0.8908792484375001 0.270063940625 0.89142220625 0.274563559375 0.9029071234374999 0.2787622875 0.933761340625 0.28767655 0.9390229640625 0.28465383593750004 0.9681240734375001 0.28131415312499997 0.9414915765625 0.26985722968750003 0.9042737187500001 0.26506819375 0.8908792484375001 0.270063940625
1 0.95935854375 0.22004444374999999 0.9599176046875 0.214442315625 0.9417124421875 0.2080018140625 0.9185401453125 0.2115734828125 0.8977582390625001 0.21107275468750003 0.8910840109375 0.21831027500000003 0.903422475 0.22389632656249997 0.9435115625 0.2297350453125 0.9583025375 0.2306262453125 0.97242631875 0.2282627421875 0.95935854375 0.22004444374999999
1 0.9652597500000001 0.160910853125 0.9500500546874999 0.15427511562500001 0.9097746140625 0.150303771875 0.8996861968750001 0.1519919890625 0.8974200421875 0.1548194671875 0.8998564468750001 0.1602263625 0.9075544703125 0.16261054218749998 0.939759178125 0.1679324578125 0.968736053125 0.1658376953125 0.9769931421875 0.1626197453125 0.9652597500000001 0.160910853125
1 0.9551115171875001 0.12343698593750001 0.9658671265625 0.125003471875 0.9623908218749999 0.120076628125 0.9656968765625 0.11676909843750001 0.9609322 0.1148121421875 0.961677615625 0.1073426359375 0.9659614546874999 0.1041775140625 0.9356501953125 0.0997628734375 0.90001519375 0.0989934046875 0.8924253 0.10546605625000001 0.9017061828124999 0.1118698046875 0.9495554125 0.11947024531249999 0.9551115171875001 0.12343698593750001