1 0 0.9661215375 0.02458904375 0.9671250953125 0.0463487265625 0.9642481625 0.0506277609375 0.960030284375 0.057501646875 0.959683325 0.049872040625 0.9574894296875 0.0444638734375 0.9522486796875 0.020491646875 0.9468777718749999 0 0.9469181203125 0 0.9661215375
1 0 0.895667721875 0.023559 0.9005677390625 0.0517556484375 0.9023460421875 0.0494338734375 0.8953487499999999 0.06453813281250001 0.8903176765625 0.038726771874999996 0.8836167015624999 0.0314794734375 0.8770458859374999 0.0072341671875 0.8748013515625 0 0.8753447828124999 0 0.895667721875
1 0 0.8341467124999999 0.005694796875 0.8364608406249999 0.02891130625 0.83929089375 0.0461823921875 0.8318382421875 0.057817953125 0.83294063125 0.058527953125 0.8248120703125 0.0179946390625 0.818765253125 0 0.8206154250000001 0 0.8341467124999999
1 0 0.7738463765625 0.020998484375 0.7843751828125 0.03712709375 0.784405940625 0.0500054671875 0.7880690671874999 0.045034225 0.777826125 0.0699895296875 0.7719421015625 0.0468276359375 0.7684867750000001 0.0360113046875 0.7580052765625 0 0.7609071562499999 0 0.7738463765625
1 0 0.71054826875 0.0619128609375 0.7189022125 0.062240553125 0.71515056875 0.044768796875 0.702514934375 0.0237737265625 0.6966380328125 0 0.6951563421875 0 0.71054826875
1 0.0014666453125 0.6386248343750001 0.0087139421875 0.64519565 0.039123134375 0.655221790625 0.0721360734375 0.6578241625000001 0.079346546875 0.642430871875 0.054727828125 0.6332685625 0.01684398125 0.630467390625 0.0037427000000000003 0.634952709375 0.0014666453125 0.6386248343750001
1 0.0325388703125 0.562710125 0.0214951828125 0.5660244140625 0.019109896874999997 0.5709470859375 0.023489265625 0.5767733500000001 0.0455677484375 0.5814394640625 0.06597094375 0.5828996875 0.0841069796875 0.5767373453125 0.0707415140625 0.5730543421875 0.0675001734375 0.5653920171875 0.0325388703125 0.562710125
1 0.094776009375 0.49936241406250004 0.0701026765625 0.4908253765625 0.0390381 0.4883025234375 0.0270202296875 0.491577053125 0.029287389062500002 0.49919961874999996 0.0575843734375 0.5110220625 0.094776009375 0.49936241406250004
1 0.041686321875 0.4244053 0.041030937499999996 0.431908590625 0.07371618437500001 0.43826260625 0.081455021875 0.43920595625000003 0.1033785515625 0.4344532 0.10164865000000001 0.43187258437500003 0.10701109687499999 0.42644391875 0.07324243750000001 0.42130068906249996 0.041686321875 0.4244053
1 0.057545056250000004 0.3547722125 0.043524209375 0.3585924984375 0.0457367546875 0.3668403390625 0.062243223437499995 0.3681415234375 0.0752809953125 0.37557617187500003 0.0859423765625 0.3766388015625 0.0982879375 0.3696126265625 0.11587781875 0.3697030265625 0.0867705015625 0.355965 0.057545056250000004 0.3547722125
1 0.117396909375 0.296347175 0.0827633 0.2899136390625 0.07004432499999999 0.2900220390625 0.0628427484375 0.294120640625 0.0595378953125 0.298378278125 0.0639718796875 0.3035792671875 0.0955191 0.311769346875 0.1237703625 0.3129223734375 0.11711493906249999 0.3107682359375 0.12015560781250001 0.298342275 0.117396909375 0.296347175
1 0.1008714046875 0.250492496875 0.12035503437499999 0.2512876890625 0.142879334375 0.23965692187499998 0.11890710468750001 0.234286015625 0.07891105000000001 0.23328114531250002 0.0707899046875 0.23671471406250003 0.0797671046875 0.2458661453125 0.1008714046875 0.250492496875
1 0.1035742421875 0.18597000156250001 0.0955077140625 0.1887782953125 0.10817207343749999 0.18929516875000002 0.1035742421875 0.18597000156250001
1 0.124294990625 0.127830403125 0.10188881718750001 0.1269159328125 0.0739563515625 0.133305953125 0.074493609375 0.1383479046875 0.0820686 0.141167075 0.11848672812500001 0.149555953125 0.1268809484375 0.142996015625 0.15281043593750002 0.13715175156249998 0.139281125 0.13534456875 0.124294990625 0.127830403125
1 0.091372246875 0.0794239921875 0.08887773125000001 0.08559721249999999 0.09726305625000001 0.0903319671875 0.119396153125 0.09437280625 0.13926208906249998 0.0907910796875 0.1476016953125 0.0848564171875 0.130994890625 0.0735110875 0.1252044171875 0.07264725625 0.091372246875 0.0794239921875
1 0.1073487484375 0.9598352421874999 0.11270229843749999 0.9657012640625 0.13759409375 0.9717372046874999 0.155994309375 0.9737431828125 0.188688453125 0.9688025093749999 0.1568224359375 0.9530693843750001 0.12186113437499999 0.9503874937499999 0.1107628296875 0.9543270546875 0.1073487484375 0.9598352421874999
1 0.16948555 0.8864433875 0.14913696875 0.8843578890625 0.1223425328125 0.8889118453125 0.11892845 0.894420034375 0.12525618125 0.900325815625 0.147389278125 0.90436665625 0.181367503125 0.9183034781250001 0.18154024375 0.9051329656249999 0.1891787453125 0.8960321734375001 0.16948555 0.8864433875
1 0.201350321875 0.8350336421875 0.2011407546875 0.826240046875 0.14388251093749999 0.8213931375 0.13197387031250002 0.8234171187499999 0.125746475 0.8275554796875 0.12601065625000002 0.8357238 0.13731852656250002 0.8405778312500001 0.1946860015625 0.84417419375 0.20491935468750003 0.8389443249999999 0.205247046875 0.8351926796875 0.201350321875 0.8350336421875
1 0.17500045625 0.7561478453125 0.1624999421875 0.75375515 0.1370073796875 0.7545972234375 0.1279120546875 0.75799103125 0.12752974687500002 0.76236795 0.1387283859375 0.768472528125 0.1403490578125 0.7723036921875 0.1686549359375 0.7728314453125 0.20616536875000002 0.7687148421875001 0.19745235 0.7677317312499999 0.17500045625 0.7561478453125
1 0.205563353125 0.708449984375 0.1810538671875 0.698037128125 0.174726134375 0.6921313453125 0.13564964531249998 0.6917915109375 0.1275285015625 0.695225078125 0.1250886 0.7007730249999999 0.146730159375 0.710441328125 0.167834459375 0.715067684375 0.18764578125 0.7121112296875001 0.18883842343749999 0.7096498953125 0.205563353125 0.708449984375
1 0.15798216874999998 0.6487777640625 0.1906216953125 0.644462365625 0.1973952453125 0.634071265625 0.17553522500000002 0.62690405625 0.14939617031250002 0.6239547265625001 0.133645421875 0.6251943953125 0.1308778296875 0.6344939843749999 0.15798216874999998 0.6487777640625
1 0.1645817328125 0.5844143078124999 0.197703903125 0.5857661328125 0.1953275125 0.5793941140625 0.20236524375 0.577171334375 0.1428398390625 0.5647018578125 0.1354744140625 0.57067628125 0.13801465156249998 0.575172478125 0.1645817328125 0.5844143078124999
1 0.23051492499999998 0.501137346875 0.22218421562500001 0.49577731875 0.20503125625 0.49068473125 0.172828653125 0.4899979390625 0.1490659890625 0.49342062656249996 0.14673531875 0.497718025 0.16372443125 0.5046864375 0.1744950421875 0.50449851875 0.1820700328125 0.507317690625 0.214327253125 0.5073792078125 0.23051492499999998 0.501137346875
1 0.20687803906250002 0.4135772359375 0.19313026875 0.41427115 0.16611736875 0.4213262015625 0.16546198437499998 0.4288294921875 0.1807211953125 0.43321728750000005 0.2109754359375 0.4338245609375 0.23982746718749998 0.4280995734375 0.24800322656249998 0.42404073281250004 0.2363130484375 0.42356361875 0.20687803906250002 0.4135772359375
1 0.1931747421875 0.35779769687499996 0.1838609546875 0.3636925984375 0.18834955625 0.3682683140625 0.21037342187500002 0.37355970312500003 0.2542115875 0.37534888125 0.23782324375 0.36150245625 0.2265699890625 0.3560231515625 0.206112178125 0.3551882 0.1931747421875 0.35779769687499996
1 0.195977915625 0.303319340625 0.196515175 0.30836129375 0.20771381406249997 0.3144658734375 0.23396209843750002 0.31616465625 0.2612480734375 0.3059832328125 0.25361846875 0.3037893328125 0.25129669374999997 0.2967920421875 0.2129759234375 0.2989930625 0.195977915625 0.303319340625
1 0.3182421375 0.3026618203125 0.3136354125 0.31063134375 0.33544081718749996 0.3184238265625 0.3806265765625 0.32717053906250004 0.3815004234375 0.3171661578125 0.3875093578125 0.3155288921875 0.3723047625 0.31051582031249997 0.363272946875 0.3019896640625 0.3182421375 0.3026618203125
1 0.35596089375 0.2401959421875 0.32662621875000003 0.240253703125 0.314662965625 0.24290295781250001 0.31703935625 0.24927497656250003 0.3380344234375 0.255151878125 0.3691536171875 0.2570494578125 0.39383584531250004 0.254291803125 0.38815460156250003 0.25217742187500003 0.39454584375 0.246163240625 0.35596089375 0.2401959421875
1 0.2348347 0.2390174015625 0.2110174203125 0.2430653640625 0.21047126875000002 0.24931810312499997 0.214094915625 0.2526035109375 0.252516021875 0.26044663125 0.27914661406249996 0.2577684953125 0.2777990203125 0.250810965625 0.287058190625 0.245541334375 0.26595389062499997 0.24091498125 0.2348347 0.2390174015625
1 0.3228196890625 0.194290628125 0.3264433375 0.1975760375 0.3456538890625 0.20149759843749998 0.359237815625 0.202679503125 0.3852219171875 0.19620996562499998 0.365364875 0.188497 0.3431771625 0.185081434375 0.324176178125 0.1899534703125 0.3228196890625 0.194290628125
1 0.2228613046875 0.1858184765625 0.221504815625 0.190155634375 0.23286730156250002 0.1943843921875 0.26398649375 0.1962819734375 0.293976553125 0.1887209234375 0.2577222703125 0.178456225 0.250575309375 0.18192955156249999 0.23298542812499998 0.1818391546875 0.2228613046875 0.1858184765625
1 0.369642665625 0.1171362515625 0.3394430390625 0.1159037046875 0.324338778125 0.1209347765625 0.323738009375 0.127812790625 0.33894260468750004 0.132825859375 0.3842922125 0.13969674999999998 0.38489298125000004 0.1328187390625 0.39577282187499996 0.131380271875 0.398048878125 0.127708146875 0.369642665625 0.1171362515625
1 0.294621796875 0.12536945625 0.28379656875000003 0.1261826484375 0.24667733749999998 0.11462764218749999 0.23882927187499997 0.11493484062499999 0.2193913625 0.124809065625 0.2199286203125 0.1298510171875 0.23215605625000002 0.13537008125 0.28151161875 0.1411494640625 0.283702578125 0.13098966875 0.2983546765625 0.12740431562500001 0.294621796875 0.12536945625
1 0.2243613609375 0.067909134375 0.22392443593750003 0.0729113265625 0.2284676515625 0.07686176875 0.26775370781249996 0.0859951984375 0.2786792703125 0.0952261484375 0.287556134375 0.0943334359375 0.2831310453125 0.07783775625 0.268472603125 0.0665719453125 0.2353504328125 0.06522012031249999 0.2243613609375 0.067909134375
1 0.26414624375 0.9555671140625 0.253430246875 0.9551297578125 0.24622866875 0.9592283593750001 0.24465371875000003 0.9660666125 0.2654303265625 0.9744446109375 0.2740341140625 0.97667826875 0.3204760265625 0.9710436796874999 0.3268126546875 0.9656547703125 0.28899231875 0.9509336359375 0.26414624375 0.9555671140625
1 0.318598825 0.8806066343750001 0.2893733796875 0.8794138468750001 0.279740796875 0.8777657046874999 0.2770913296875 0.8745200562500001 0.25787188125 0.8818931859375001 0.2571618828125 0.8900217484375 0.27690969375 0.898985259375 0.295364525 0.9003659640624999 0.317178825 0.8968637562499999 0.32145785781249997 0.892645878125 0.318598825 0.8806066343750001
1 0.32388762031249996 0.8312497515624999 0.32518949375 0.8275378671875 0.3235688234375 0.8237067031249999 0.314209315625 0.8189321906249999 0.29121126875000003 0.81360104375 0.24910300312500003 0.8143924796875 0.24649925625 0.821816246875 0.258453615625 0.8304616812500001 0.290110065625 0.8374012140625 0.3182520984375 0.8398047875 0.31793330000000003 0.8322617421875 0.32388762031249996 0.8312497515624999
1 0.32204724218749997 0.7627768109375 0.3091733171875 0.7534663453125 0.2770799453125 0.7515290046875001 0.2631137109375 0.754724015625 0.260673809375 0.7602719609374999 0.2641882296875 0.7648079171875 0.2765248953125 0.769076434375 0.2975745796875 0.7743280640625 0.32490627656250004 0.7748160562499999 0.334383909375 0.7670453312500001 0.32204724218749997 0.7627768109375
1 0.33573915312499997 0.6955653015625 0.3340092515625 0.6929846875 0.307278325 0.6856186796875 0.2626298234375 0.6819139187500001 0.2621929015625 0.686916109375 0.254718246875 0.69414108125 0.2686755828125 0.7022407609375 0.3066140453125 0.7044166578125 0.3197699421875 0.699306065625 0.3355753078125 0.6974411234375 0.33573915312499997 0.6955653015625
1 0.273335678125 0.6265030921875 0.27176072812499996 0.633341346875 0.2819851875 0.63940616875 0.3128859171875 0.64380484375 0.34238443749999997 0.641871259375 0.3474827015625 0.6282742703124999 0.3370943984375 0.6240852718750001 0.2806464890625 0.6211539453125 0.273335678125 0.6265030921875
1 0.33773074687500004 0.57202849375 0.3296184984375 0.564167371875 0.29763435625 0.560979484375 0.2866452828125 0.5636684984375 0.28036327031249997 0.5684321328124999 0.2992461328125 0.5761053375 0.30092141875 0.5793112265625 0.310827078125 0.5778330015625001 0.346489484375 0.5836810234375001 0.3585619703125 0.57978121875 0.33773074687500004 0.57202849375
1 0.3548824609375 0.5099782140625 0.3598168796875 0.49825704687499994 0.3320025390625 0.49210182968750005 0.30445238125 0.49411493125000006 0.298224984375 0.49825329218750003 0.298598396875 0.5051710640625 0.3022766609375 0.5078311984375 0.3169439984375 0.5078023171875 0.3349619078125 0.514185215625 0.34183579375 0.5138382578125 0.3548824609375 0.5099782140625
1 0.31050579218749996 0.43600421093749997 0.34919997343750003 0.4407209640625 0.3697670140625 0.4403053671875 0.37393681875 0.437338034375 0.3502922796875 0.428215484375 0.309485890625 0.4252950359375 0.302120465625 0.431269459375 0.31050579218749996 0.43600421093749997
1 0.304340659375 0.3610797359375 0.305906715625 0.365536175 0.32295044375000004 0.3718793109375 0.355262278125 0.3713155546875 0.3761023984375 0.3677735875 0.34958993125000004 0.3579064828125 0.32631880625 0.3557017078125 0.307481665625 0.35869791875 0.304340659375 0.3610797359375
1 0.3614935890625 0.08731101875 0.39159288124999997 0.078499421875 0.4032830578125 0.07897653593750001 0.38651240625 0.0695070296875 0.375040690625 0.06652881875 0.3686583421875 0.061248310937499995 0.359945325 0.0602652 0.354746725 0.063818046875 0.3318490125 0.0685310421875 0.3292452671875 0.07595481093749999 0.33573684375 0.079984771875 0.34639822656249997 0.0810474 0.3614935890625 0.08731101875
1 0.4264611359375 0.955289184375 0.3784531671875 0.9564673359375 0.373199953125 0.9606454578125 0.3743837 0.9694788109375001 0.3960798734375 0.9785218421874999 0.4162646078125 0.9824831640625 0.41962407500000004 0.9776002500000001 0.45919210312500003 0.97231261875 0.4309497359375 0.9598649 0.4264611359375 0.955289184375
1 0.418183796875 0.8821610109375 0.39171705 0.8829633265625001 0.38343205937499997 0.8882727156250001 0.38299513749999997 0.89327490625 0.3941937765625 0.8993794890625001 0.40680352031250006 0.900521634375 0.4239018625 0.9062395000000001 0.46082931875 0.8864115296874999 0.44594352031250006 0.8889415046875 0.418183796875 0.8821610109375
1 0.44771789687499997 0.835048665625 0.46812998749999996 0.8252142015624999 0.46640008593750004 0.822633584375 0.44161752187500003 0.815347096875 0.414285825 0.8148591046875 0.40573665312499996 0.8120001718750001 0.38657182031250004 0.818748028125 0.385861821875 0.8268765890625 0.39202570625 0.8346581937499999 0.395703971875 0.8373183281250001 0.40934251250000003 0.8378749609374999 0.44771789687499997 0.835048665625
1 0.395711621875 0.7588807656250001 0.3943551328125 0.7632179234375001 0.417080103125 0.7716754406249999 0.43531647500000004 0.7755572421875 0.47673252968749996 0.7603049875 0.4555736140625 0.75630390625 0.44529454062499996 0.750864359375 0.41200852499999996 0.7513883578125 0.395711621875 0.7588807656250001
1 0.46833706406250003 0.6997220515625 0.47889810937500005 0.6907405390625 0.471377734375 0.6872960921875 0.4519487203125 0.6858756265625 0.43414037656250004 0.688286325 0.41763390781250004 0.6869851390624999 0.40648098906249996 0.691549975 0.40782858125 0.698507509375 0.41632313749999994 0.701991715625 0.4268206734375 0.704930165625 0.4522586234375 0.704713365625 0.46833706406250003 0.6997220515625
1 0.42770216874999994 0.6164882203125 0.41281637031249996 0.6190181953125 0.4076177703125 0.6225710421875 0.4101580078125 0.6270672375 0.4214658765625 0.631921271875 0.4594043390625 0.6340971671875 0.4695830765625 0.629492571875 0.48614416250000003 0.6301684843750001 0.46060587656249996 0.620341140625 0.42770216874999994 0.6164882203125
1 0.48966623125000003 0.556266878125 0.47981518593750005 0.5571198296875 0.45995814375000005 0.549406865625 0.41801372499999995 0.5483224796874999 0.4145996421875 0.5538306671875 0.4190336265625 0.55903165625 0.4389998984375 0.565494071875 0.45648055000000004 0.5668350171875 0.478240234375 0.5639580843750001 0.4777575921875 0.558290859375 0.48966623125000003 0.556266878125
1 0.49339786406249997 0.4911588671875 0.48268187031250004 0.49072151093749994 0.472666978125 0.49345028593749996 0.41816743125 0.490598478125 0.4108566234375 0.49594762656249997 0.41161234375 0.49848848125 0.428546840625 0.5060821671875 0.4606402125 0.5080195078124999 0.46859751093749996 0.5064617609375001 0.477155578125 0.49802600156250004 0.49339786406249997 0.4911588671875
1 0.44051774374999997 0.42499535 0.41589013125 0.42712773125 0.4135048453125 0.43205040468749994 0.4179934453125 0.43662611875 0.44639965937500004 0.44719801718749996 0.4512159515625 0.44802208749999994 0.4672943921875 0.443030775 0.48667768593750005 0.433781821875 0.48895374062499997 0.4301096984375 0.44051774374999997 0.42499535
1 0.4885155734375 0.36796901875 0.49079162812500005 0.36429689375 0.4630319046875 0.3575164015625 0.421788590625 0.35959814375 0.41675383750000006 0.36127516718749997 0.41312129375 0.36928445 0.42150661874999995 0.3740192046875 0.4323318453125 0.3732060109375 0.457223640625 0.37924195156249996 0.46567247656250005 0.372056740625 0.4885155734375 0.36796901875
1 0.47161665625 0.31519657031250004 0.4977099890625 0.30747648125000004 0.477416025 0.30476570937499997 0.468165746875 0.29874064843750003 0.4298995953125 0.300316396875 0.4226980171875 0.304414996875 0.4259939734375 0.31145204843749996 0.44612409218750004 0.31603864375 0.45537436875 0.322063703125 0.4621390234375 0.32296729375 0.47161665625 0.31519657031250004
1 0.4924923546875 0.2664758390625 0.49287466249999995 0.262098921875 0.50489253125 0.25882439218750003 0.5035449390625 0.25186685937500003 0.47156079687499997 0.24867897343749998 0.4341595921875 0.2515450265625 0.4240354703125 0.2555243484375 0.4217048 0.2598217484375 0.4339322359375 0.2653408140625 0.46775551093749995 0.2698587671875 0.4884317828125 0.26819262187500004 0.4924923546875 0.2664758390625
1 0.44761525156250004 0.2094239921875 0.48588140625 0.20784824531249999 0.5079141671875 0.20184494218750001 0.48248511406250005 0.1907670515625 0.46478600156249994 0.19192720000000002 0.44795183906249997 0.1943776578125 0.43160032031249995 0.20249534218749998 0.44761525156250004 0.2094239921875
1 0.49838956874999996 0.1318033796875 0.48123660937499996 0.1267107921875 0.446321028125 0.1346983171875 0.44490992343749997 0.1396607484375 0.4494531390625 0.143611190625 0.464876196875 0.146123165625 0.47234195625000003 0.1501928828125 0.47618406718750006 0.150977196875 0.496760003125 0.1392669078125 0.499955625 0.1362598171875 0.49838956874999996 0.1318033796875
1 0.5140755640625 0.0753408046875 0.476410178125 0.0700385375 0.45584313749999994 0.0704541359375 0.4445809875 0.076269521875 0.4470119921875 0.082016265625 0.4572364515625 0.0880810859375 0.48272901562500004 0.0872390125 0.5114172015625 0.08338984687499999 0.50790278125 0.0788538921875 0.5140755640625 0.0753408046875
1 0.6116381609375 0.9954770249999999 0.603034371875 0.99324336875 0.598764234375 0.9861665546875 0.607914175 0.9821474734375 0.6092160484375 0.978435590625 0.54096873125 0.9762776953125 0.534850565625 0.97916550625 0.5323014328125 0.9859640015625001 0.541442478125 0.9932396109375 0.5577304859375001 0.9970418921875 0.5951316890625 0.9941758390625001 0.6116381609375 0.9954770249999999
1 0.6030598125 0.8922164234375 0.593044921875 0.8949451984374999 0.5797886875 0.8900116468749999 0.5710210546875001 0.8896538109375 0.5298780765625 0.9017796953125 0.5301968734375 0.9093227421875 0.537553403125 0.9146430109375 0.575601096875 0.915568359375 0.6146318640625 0.9052387765625 0.6149049421874999 0.9021124078125 0.6030598125 0.8922164234375
1 0.5725223546875 0.8388873406249999 0.5856236375 0.8344020234375 0.596339634375 0.834839378125 0.596721940625 0.8304624609375001 0.6087944265624999 0.8265626578124999 0.57081024375 0.8137173437499999 0.547967146875 0.8178050656250001 0.5363862 0.8160774046875 0.5270177968749999 0.8225975812499999 0.52755505625 0.8276395328125 0.5348023546875 0.83421035 0.5562889625 0.834459784375 0.5725223546875 0.8388873406249999
1 0.578921246875 0.754435596875 0.5736223125000001 0.7479443 0.567777225 0.7477057421875 0.5525637328124999 0.7539873625 0.5381694734375 0.7508898734375 0.5368675984375 0.75460175625 0.5277722734375 0.757995565625 0.5291744828125 0.764327825 0.5441606171875 0.771841990625 0.579285765625 0.7726480609374999 0.612143753125 0.765831565625 0.578921246875 0.754435596875
1 0.599796946875 0.705714865625 0.5971474796875 0.70246921875 0.6006707921875 0.6957104828125 0.5770262546875 0.6865879328125 0.5449874984374999 0.6840253203125 0.5321046765624999 0.6860095421875 0.522790890625 0.69190444375 0.5233281484375001 0.696946396875 0.53377106875 0.7005101218750001 0.5485476359375 0.6992306921875 0.595681759375 0.708056925 0.599796946875 0.705714865625
1 0.5206228203125 0.62718315 0.5212693109375001 0.630974553125 0.5382038078125 0.638568240625 0.5623398828124999 0.642063325 0.5737112625 0.6349973921875 0.59271225 0.6301253578125 0.5699326625000001 0.6222931140625 0.5340517953125 0.6189461890625 0.5206228203125 0.62718315
1 0.532794396875 0.5661846203125 0.5252651265625 0.5740348640625 0.54534063125 0.5792467328125 0.571588915625 0.5809455140625001 0.5932482625 0.5680244375 0.58778548125 0.5634089640625 0.56256599375 0.561124665625 0.543565009375 0.5659967015625 0.532794396875 0.5661846203125
1 0.5253096015625001 0.5175614109375 0.542681021875 0.520152903125 0.5651964281249999 0.519816825 0.59946551875 0.508037896875 0.5992013390625 0.49986957656250003 0.549190390625 0.5015934828125 0.5248815734375001 0.5112689109375 0.5253096015625001 0.5175614109375
1 0.5739259890625 0.43106768281249996 0.5525486140625 0.42956770000000005 0.5334930124999999 0.43506500625 0.5320272921875 0.44065271250000004 0.5405218484375001 0.44413691875000005 0.598590428125 0.450899409375 0.6035159515624999 0.4504729328125 0.6103987328125 0.4388312859375 0.5987085546875 0.43835417187500003 0.5739259890625 0.43106768281249996
1 0.609314075 0.37289920312499997 0.6038512953125 0.368283728125 0.5845315109375 0.36561271562500003 0.5374977234375 0.3668306265625 0.5303507609375 0.3703039515625 0.5288850421875 0.375891659375 0.5458195390625 0.3834853453125 0.554477940625 0.385093728125 0.5850052578125 0.3825746296875 0.6040608609375 0.377077321875 0.609314075 0.37289920312499997
1 0.5522095359375 0.3103282921875 0.5558878 0.312988425 0.5832741125 0.31285114531249997 0.6129910953125 0.308416465625 0.5950824156250001 0.30078302031250004 0.58046969375 0.3001866265625 0.5539483328125 0.3016142140625 0.5522095359375 0.3103282921875
1 0.55690645625 0.25655472968750004 0.5526274234375 0.260772609375 0.5552222765625 0.26464353281249997 0.600899575 0.267762778125 0.62953314375 0.2645388890625 0.6309988640624999 0.25895118125 0.6179610921875 0.2515165359375 0.5940434796875 0.2455203546875 0.55690645625 0.25655472968750004
1 0.6097840875 0.1884325046875 0.5862398875 0.1893540984375 0.56404328125 0.197233221875 0.5616033796875 0.20278117031249998 0.566255825 0.2054810640625 0.6059241875 0.21023757656250003 0.6163213859375001 0.2031318828125 0.6359688625000001 0.2020512515625 0.6372161203125 0.1989646421875 0.6097840875 0.1884325046875
1 0.650361878125 0.1380058703125 0.5911552703125 0.1330794421875 0.5731830812500001 0.1373659625 0.5746945203125 0.14244767187500001 0.5822695109375 0.1452668453125 0.6180957640625 0.14923904375000002 0.650361878125 0.1380058703125
1 0.5868749921874999 0.07015445000000001 0.5836247546875 0.07378681718749999 0.5860011468749999 0.080158834375 0.638880021875 0.07917948124999999 0.6439693906249999 0.07687718125000001 0.6444063140625 0.0718749890625 0.6381331968749999 0.065343934375 0.6228739859375 0.06095613749999999 0.5868749921874999 0.07015445000000001
1 0.684243321875 0.8246219515625001 0.6932294171875 0.8224786921874999 0.7181212125 0.8285146328125 0.7507607390625 0.82419923125 0.741082434375 0.8118816703125 0.7191131828125 0.8059650093749999 0.67808833125 0.80554565625 0.6687199296874999 0.8120658328125 0.6692571875 0.817107784375 0.676832178125 0.8199269578124999 0.678880875 0.83005061875 0.684243321875 0.8246219515625001
1 0.6941477375 0.756000853125 0.7005300859375 0.7612813625 0.735063359375 0.7576707546875 0.7385320578125001 0.75153729375 0.7516333390625001 0.7470519765625 0.7377763374999999 0.748996440625 0.7253850546875 0.7453531953125 0.7211695312499999 0.737651109375 0.7044446015625 0.7388510203124999 0.6861536140625 0.735594490625 0.671158584375 0.7393750171875 0.6707762765624999 0.743751934375 0.6818110703125 0.7517323359375 0.6941477375 0.756000853125
1 0.70692008125 0.688124309375 0.7366916796874999 0.68306435625 0.7482180109375001 0.6854172937499999 0.738967734375 0.67939223125 0.7123460390624999 0.6707756781249999 0.7098058015625 0.6662794812499999 0.712354934375 0.6594809859375 0.7095416203125 0.658111159375 0.703259609375 0.66287479375 0.6802526656250001 0.6688383375 0.67402526875 0.672976696875 0.675536709375 0.6780584078125 0.6953391359375 0.686396646875 0.70692008125 0.688124309375
1 0.737164184375 0.6328834015625 0.748317103125 0.628318565625 0.7168791125 0.6188779375 0.7059535515625 0.6096469890625 0.697022071875 0.6111649734375 0.6880448718750001 0.6020135437499999 0.6820359390624999 0.6036508078125 0.6743517171875 0.6020821828125 0.6666586015625 0.6118082515625 0.668170040625 0.6168899609375 0.6914868859375 0.6297641546875 0.7145941640625 0.6338447546875 0.737164184375 0.6328834015625
1 0.767371459375 0.5556783859375 0.744100334375 0.5534736078125 0.7310625625 0.5460389625000001 0.7204557984375 0.5443510578125 0.7122800390624999 0.5484099 0.6913853046875 0.5525771421875 0.6881896843749999 0.55558423125 0.6897557390625 0.5600406687499999 0.7106961921875 0.5665428453125 0.7252543 0.5677645109375 0.748698165625 0.556798778125 0.767371459375 0.5556783859375
1 0.770447709375 0.49807366093749994 0.7698012203125 0.4942822578125 0.7350583796875 0.48909927187499996 0.7026919296874999 0.49028830156250003 0.6915936265625 0.4942278640625 0.6911020875 0.49985533125000003 0.7215112796875001 0.509881471875 0.73509520625 0.5110633796874999 0.7560991687499999 0.5056455890625 0.7615162296875 0.4995916484375 0.770447709375 0.49807366093749994
1 0.6872587328125 0.4319281484375 0.6837900343750001 0.43806160937499994 0.6959628546875 0.44420594687500004 0.733573625 0.45013348906250006 0.7672419484375 0.445232575 0.762161475 0.43624018124999997 0.739054196875 0.4321595828125 0.6933222828125001 0.42966560937500003 0.6872587328125 0.4319281484375
1 0.6820588875 0.36833812187500004 0.689142340625 0.376784759375 0.721554509375 0.386265146875 0.750779953125 0.38745793281249996 0.7473201515625 0.382296703125 0.7625336421875 0.3760150828125 0.7350469953125 0.3661082203125 0.6951055546875 0.3644780796875 0.6820588875 0.36833812187500004
1 0.7400627140625 0.31987770625 0.7611212921875 0.31383464375000003 0.756741925 0.30800838124999996 0.752845196875 0.30784934218750004 0.75046880625 0.3014773234375 0.73504575 0.2989653484375 0.6965065187499999 0.303667465625 0.6903337390625001 0.3071805515625 0.691845178125 0.3122622640625 0.7052652578124999 0.31531999375 0.7068313125000001 0.3197764296875 0.7400627140625 0.31987770625
1 0.7216612515625 0.25072885624999997 0.7479095359375 0.25242763749999997 0.768749653125 0.24888567187500002 0.7730286875 0.24466779062500002 0.7415360828125 0.2358524390625 0.7045171875 0.23434157656250001 0.7018588234375 0.24239061875 0.7216612515625 0.25072885624999997
1 0.7144673234375001 0.1763898953125 0.7073203609375 0.17986322187499998 0.7058546421874999 0.185450928125 0.71039785625 0.18940137031249998 0.732530953125 0.193442209375 0.76944061875 0.1962036203125 0.7776163781250001 0.1921447796875 0.7666362 0.1835391046875 0.75343458125 0.177980278125 0.7144673234375001 0.1763898953125
1 0.75694775625 0.1153733625 0.718736215625 0.1163238375 0.7086120953124999 0.1203031578125 0.7082844015624999 0.1240548015625 0.7155317015625 0.13062561875 0.72705803125 0.1329785546875 0.7555823703125 0.1310052109375 0.7735545609375001 0.12671869375 0.7777789796875 0.1231260859375 0.75694775625 0.1153733625
1 0.761426215625 0.0641008984375 0.7283586609375 0.0621237984375 0.71747881875 0.063562265625 0.7128174781250001 0.0721570640625 0.7319734140625 0.076703896875 0.7777053281249999 0.079197871875 0.761426215625 0.0641008984375
1 0.741712378125 0.9054053265625001 0.73462003125 0.9082533796875 0.7213091828125 0.903945103125 0.7141165015625 0.8967490124999999 0.6944690234374999 0.89782964375 0.6663269921875 0.89542606875 0.6628582953125 0.9015595296875001 0.6662088671874999 0.9079713078125 0.69049989375 0.9208852609375 0.7158832265624999 0.9212937359375 0.736240703125 0.9120845421875 0.741712378125 0.9054053265625001
1 0.7413923078125 1 0.738718671875 0.9956435750000001 0.727410803125 0.9907895421875 0.7202181203125 0.9835934515625 0.679621296875 0.9894666000000001 0.676962934375 0.9975156421875001 0.6808845453125 1 0.7413923078125 1
1 0.8997482359375001 0.9093452796875001 0.8582407421875 0.9032587 0.8453033062499999 0.905868196875 0.8438922015625 0.910830628125 0.8500560875 0.9186122328125 0.859579440625 0.921510925 0.8620104468750001 0.9272576671874999 0.8728356749999999 0.9264444749999999 0.9115298562499999 0.9311612265625 0.9186222031250001 0.9283131734375001 0.8997482359375001 0.9093452796875001
1 0.9049633828125 0.8160601812499999 0.873734959375 0.8154131484375 0.86713415 0.8126337359375 0.8581480562499999 0.8147769953124999 0.8555989234375 0.8215754890625 0.8581937765625 0.8254464125000001 0.8782146640624999 0.8312835546875 0.9032703046874999 0.8354436734374999 0.9322861828125 0.8278428640625 0.9268234015625 0.823227390625 0.9049633828125 0.8160601812499999
1 0.9096145828125 0.7516172015625 0.9267764375 0.7454151015625 0.923316634375 0.7402538703125 0.91574164375 0.7374347 0.877857796875 0.7346335296875 0.864492334375 0.7309505265625 0.8483592765625 0.7365671125000001 0.8517098484375 0.742978890625 0.861988921875 0.7484184359375 0.8905589828125 0.7571145125000001 0.9007923343750001 0.7518846421875 0.9096145828125 0.7516172015625
1 0.8676867093749999 0.6608005625 0.8484215421875 0.6575042765625 0.844415584375 0.6585957859375 0.8438694328125 0.664848525 0.8567433578125 0.6741589953125 0.8761177546875001 0.676204734375 0.8931068671875 0.6831731453125001 0.9315457640625 0.6684268859375 0.8921504765625 0.6605440046875 0.8676867093749999 0.6608005625
1 0.9254174578125 0.6154665171875 0.9026378718749999 0.607634275 0.8964193703125 0.60047794375 0.8552852874999999 0.6013091390625 0.8499774562500001 0.606112534375 0.8514342812500001 0.6118195171874999 0.8731850703124999 0.6202372765625 0.8925048546875001 0.6229082890625001 0.9077183453125001 0.61662666875 0.9280123109374999 0.6193374406250001 0.9254174578125 0.6154665171875
1 0.85791571875 0.5600012984375 0.89850365 0.5654228421874999 0.9095473390625 0.5621085531250001 0.9261630375 0.5621591921875 0.8989494671875 0.5491259625 0.8652354234375 0.5433574578125 0.8481828 0.5483090125000001 0.85791571875 0.5600012984375
1 0.8427098781250001 0.48784535625 0.8441667031250001 0.4935523421875 0.8659174921874999 0.5019700984375 0.9097010437499999 0.504384553125 0.9102471984375 0.49813181249999994 0.9241042 0.49618735 0.8937496234375001 0.4855359359375 0.846934296875 0.48425275156250003 0.8427098781250001 0.48784535625
1 0.915881475 0.42243390468750003 0.9143700359375 0.41735219375000004 0.92276425625 0.41079225625 0.9149708046875 0.41047418125 0.9049012968750001 0.41382822968750005 0.8785437828125 0.41337999375 0.8515854984375 0.4198097734375 0.84909098125 0.42598299375000004 0.8603988515625 0.4308370265625 0.897308515625 0.43359843906249995 0.9068407640625 0.42520243906250005 0.915881475 0.42243390468750003
1 0.8409139781249999 0.3628989640625 0.845293346875 0.368725228125 0.8695297578125001 0.38226445625 0.88890415625 0.3843101953125 0.9041722625 0.3774033 0.8788524390625 0.36507486093749997 0.8598057328125 0.359277478125 0.8442188296875001 0.358641325 0.8409139781249999 0.3628989640625
1 0.914404371875 0.305030559375 0.896495690625 0.29739711562500004 0.8682990437500001 0.2956188125 0.8464301296875 0.29974629375 0.8487519046875001 0.3067435859375 0.8649852984375 0.31117114218749997 0.8723964421874999 0.3158661359375 0.90952456875 0.3161264515625 0.91948484375 0.31402295156250004 0.9206774875000001 0.311561615625 0.914404371875 0.305030559375
1 0.8516185890625 0.24034526875 0.8522104625000001 0.2447619453125 0.8636821781249999 0.24774015781249997 0.894473678125 0.2533893796875 0.899672278125 0.24983653281249998 0.928578925 0.24348627500000003 0.9019572265625 0.2348697171875 0.8648837171875 0.2339841296875 0.8516185890625 0.24034526875
1 0.9191546609374999 0.18348885312500002 0.9196462000000001 0.17786138906249999 0.9014644437499999 0.1733543125 0.8784575015625 0.17931785625000002 0.8577812296875 0.1809840015625 0.8512261406249999 0.18887400625 0.8635628078125 0.1931425234375 0.9035042484375 0.194772665625 0.9182262015625 0.19411851093750002 0.9322470484375 0.190298228125 0.9191546609374999 0.18348885312500002
1 0.924343121875 0.12408782812500001 0.9091385265625 0.11907475625 0.8690332390625001 0.1193204359375 0.8590183484375 0.12204921093750001 0.8567969078125 0.1250960625 0.8592825296875001 0.13021753281249998 0.8669667499999999 0.13178615625 0.8990601234375 0.13372349687500001 0.9278575390625001 0.1286237828125 0.9360332984375 0.1245649421875 0.924343121875 0.12408782812500001
1 0.9138176578125 0.087890578125 0.924533653125 0.0883279328125 0.921019234375 0.083791978125 0.924269471875 0.0801596109375 0.91950779375 0.078710265625 0.920163178125 0.071206978125 0.924387596875 0.067614375 0.894187971875 0.066381828125 0.8587351312499999 0.0693274 0.8512604765624999 0.07655237031249999 0.86056536875 0.08195215781250001 0.9082456437499999 0.0845256515625 0.9138176578125 0.087890578125
1 0.9084500046875 1 0.908936246875 0.994433175 0.8886968984375001 0.9910971296875 0.86228476875 0.9912741687500001 0.8566581421875 0.9885345171875001 0.8446948859375001 0.9911837718750001 0.838467490625 0.99532213125 0.8380588953125001 1 0.9084500046875 1