1 1 0.901821353125 0.97649735625 0.908691859375 0.9925467484375 0.91353051875 0.9903651171875 0.9209756734375001 1 0.9200827046875 1 0.901821353125
1 1 0.835952171875 0.9804039781249999 0.8394758156250001 0.9814482906249999 0.8480201562499999 0.993629084375 0.846501578125 1 0.8490355640624999 1 0.835952171875
1 1 0.7700410609375 0.9906243765625 0.7797597453125 0.9664234531250001 0.7841114171875 0.992851115625 0.7895468203125 0.9880058609375 0.8004935921874999 1 0.7966825171874999 1 0.7700410609375
1 1 0.707156284375 0.990363625 0.710173553125 0.97247648125 0.72402519375 0.9729584718750001 0.727968734375 1 0.72349719375 1 0.707156284375
1 1 0.63515839375 0.9773597562499999 0.637505140625 0.9518382984375 0.6479156796875001 0.9599771546874999 0.663916440625 0.994556346875 0.6601615140625 1 0.658178928125 1 0.63515839375
1 1 0.56298635 0.9980739828124999 0.5624680953125 0.9614512718749999 0.566366575 0.9583282093750001 0.574540765625 0.944425221875 0.578831925 0.9637005609375 0.58476976875 0.985077196875 0.582605196875 1 0.5789783640625 1 0.56298635
1 1 0.48703255624999997 0.9885145015625 0.48425452187499995 0.9559788328125001 0.48786589375 0.930377040625 0.49761917499999997 0.9698691453125001 0.5087658265624999 0.9991563171875001 0.4954391546875 1 0.49218599531249996 1 0.48703255624999997
1 0.9501272859375 0.4146950453125 0.9148476609375 0.4211507765625 0.9206794500000001 0.426707203125 0.9189572546875 0.42947978593749997 0.9421589718750001 0.43381600625 0.9502527234375 0.4325845359375 0.9843499234375 0.4248860671875 0.9833859421875 0.4169989828125 0.9501272859375 0.4146950453125
1 0.9790381484375 0.3476999 0.9641711796875001 0.34410397812500004 0.93351836875 0.3462572828125 0.9034504296874999 0.3616275046875 0.9219224484374999 0.360992778125 0.9351475546874999 0.3680185375 0.9463065875 0.3665717359375 0.9597275859375 0.3583370328125 0.9770171796874999 0.35645957031250003 0.9790381484375 0.3476999
1 0.9563789984375 0.28035005625 0.948664353125 0.276251696875 0.9353011359375 0.2765275375 0.8991604140625 0.284369559375 0.8963361265625001 0.286556659375 0.899986284375 0.29955824531249997 0.8930749546874999 0.3020324546875 0.9227060093749999 0.2999509265625 0.9555404546874999 0.29035246406250004 0.960006603125 0.2847355234375 0.9563789984375 0.28035005625
1 0.9372671203125 0.216728421875 0.8952946109375001 0.2190140171875 0.8703129203125 0.2254092375 0.8943982859374999 0.236975284375 0.9148334953124999 0.235539746875 0.9368302343750001 0.230017115625 0.9459231953125 0.22009775 0.9372671203125 0.216728421875
1 0.9182003468750001 0.17033902343750001 0.9096246046875001 0.167626953125 0.9049174609374999 0.1712721234375 0.9182003468750001 0.17033902343750001
1 0.9092257406250001 0.10534236562499999 0.8857252515624999 0.10699323281249999 0.8702607328124999 0.11537148906250001 0.85611675 0.1176908796875 0.883566171875 0.12305450625 0.8926239046875001 0.1297101171875 0.930567153125 0.119752771875 0.9384199093750001 0.11654952968750001 0.938799015625 0.111219696875 0.9092257406250001 0.10534236562499999
1 0.8827430968750001 0.048867515625 0.876692865625 0.049955434375 0.8596668171875 0.062420784375 0.8686442187500001 0.068419140625 0.88964175 0.071584403125 0.9127405812499999 0.06664725 0.921374103125 0.06140045937500001 0.9185272640625 0.0549714421875 0.8827430968750001 0.048867515625
1 0.9302968984375 0.9775644671875 0.9184952109375001 0.9737532124999999 0.8818725000000001 0.9776516953125001 0.8632812421875 0.9875753984375001 0.933664246875 0.9826311171875 0.9302968984375 0.9775644671875
1 0.88742098125 0.9050058140624999 0.8661246765625 0.9078276421875 0.8457923515625 0.9185365515624999 0.8541496499999999 0.9278929687499999 0.8548148578125 0.9417671406249999 0.8899915984375 0.9260380359375 0.9130904296875 0.9211008828124999 0.9195197671875001 0.9146831328125 0.9157315 0.9089831515625001 0.88742098125 0.9050058140624999
1 0.9032096218750001 0.8402582828125 0.8906271703125 0.8384905765624999 0.8306646296875 0.8453544390625 0.830767515625 0.8546278125000001 0.826680471875 0.8549149203124999 0.8271624624999999 0.8588584609375 0.8381030546874999 0.8640560046875001 0.8982262562500001 0.8585066578125 0.909925059375 0.8530445359375 0.9099025062500001 0.84442841875 0.9032096218750001 0.8402582828125
1 0.905072721875 0.7711857921874999 0.8953948875 0.7678882437500001 0.8685881203125 0.7677826718749999 0.8555462296874999 0.770687540625 0.8323896187500001 0.7835835515625 0.8232741078125001 0.784886803125 0.862823990625 0.78807459375 0.8925353749999999 0.7866503234375 0.8940969046875 0.7825632265625 0.9056350453125 0.7757865921875 0.905072721875 0.7711857921874999
1 0.8945140328125 0.7016601140625001 0.8534829531250001 0.703216671875 0.8470536140625 0.709634425 0.8216928203125 0.7213594765625 0.8393037421875 0.722111040625 0.84064683125 0.724668290625 0.86156403125 0.7271762953125 0.88356076875 0.7216536625 0.905936615625 0.7108012 0.9031701062499999 0.705029440625 0.8945140328125 0.7016601140625001
1 0.8775837875000001 0.6305933234375 0.8502372499999999 0.6345030703125001 0.827540078125 0.6427265078125 0.8350362796875 0.6534692125 0.8694773609374999 0.6570158890625 0.897421446875 0.641131965625 0.89417295 0.6314166640625001 0.8775837875000001 0.6305933234375
1 0.882293725 0.5679498515625 0.8202298859375 0.5829161265625 0.8277035359375 0.585042715625 0.8254415734375 0.591830615625 0.860181428125 0.589390203125 0.8877464078124999 0.5788361125 0.8902493671875 0.5740199828125 0.882293725 0.5679498515625
1 0.8480513296875 0.4901444078125 0.8142529046875 0.49185578750000003 0.7964235375000001 0.49774856874999995 0.7878703484375 0.503652615625 0.805102165625 0.5097340124999999 0.8389809234375001 0.5086798906250001 0.8468336796875 0.5054766484375001 0.8581533765625 0.505344359375 0.8757417468750001 0.49747980625 0.8731359046874999 0.49302256250000004 0.8480513296875 0.4901444078125
1 0.823946209375 0.410963940625 0.8094808984374999 0.41065430156250005 0.77893096875 0.42208098125 0.7666698453125 0.422942303125 0.7754062515625 0.4269688875 0.805920953125 0.4321171828125 0.8376758578124999 0.43054935937499994 0.853542034375 0.4254573875 0.852578053125 0.41757030312500004 0.823946209375 0.410963940625
1 0.80814060625 0.34909874687500003 0.7866836390625 0.3506060609375 0.7750651656249999 0.3567254390625 0.7583604453125 0.3718198171875 0.8043396656249999 0.36858985781250003 0.8272778328125 0.3623381921875 0.8318243125 0.35737850937500004 0.8218251499999999 0.35145193125 0.80814060625 0.34909874687500003
1 0.7988672265625001 0.290089178125 0.7585365796875 0.2889449328125 0.7563549468749999 0.2963900875 0.7484218578124999 0.29893607499999997 0.7774553609375 0.308828725 0.8049625624999999 0.30623349375000003 0.8165007015624999 0.299456859375 0.8168798078125 0.2941270265625 0.7988672265625001 0.290089178125
1 0.641114459375 0.2978565296875 0.63194116875 0.3071186375 0.616155321875 0.3128678640625 0.62252688125 0.3144089734375 0.6238121890625 0.324925084375 0.67095128125 0.31432174687500003 0.693568121875 0.305441053125 0.688436765625 0.29718381875 0.641114459375 0.2978565296875
1 0.6773383078124999 0.2316734578125 0.64652483125 0.2325122515625 0.6062167359374999 0.23998412187499998 0.6131506171875001 0.24612603125 0.6072610484375 0.2485284625 0.6332870500000001 0.25067758125 0.6659030515625 0.2477234671875 0.687739128125 0.240886321875 0.6900010937500001 0.2340984203125 0.6773383078124999 0.2316734578125
1 0.798870021875 0.23109087343749998 0.7737051171875 0.22755546249999997 0.7410891140625 0.230509578125 0.719092375 0.2360322125 0.72901120625 0.24130153124999998 0.727851334375 0.2486749109375 0.75592085625 0.250680478125 0.7959879578125 0.241236834375 0.7996733390624999 0.23766344374999998 0.798870021875 0.23109087343749998
1 0.6780640906250001 0.1785904671875 0.6579276546874999 0.174038915625 0.6347484921875 0.1783188109375 0.614175171875 0.1870559484375 0.641704925 0.193076834375 0.655929240625 0.191414703125 0.6759627890625 0.18669288125 0.6796481734375 0.1831194890625 0.6780640906250001 0.1785904671875
1 0.7735472484375 0.16724264375 0.7550752296875001 0.1678773703125 0.747440915625 0.16443626875 0.7097386625000001 0.176365384375 0.7415161218749999 0.183413675 0.7741321250000001 0.180459559375 0.7859112578125 0.175654696875 0.784327175 0.17112567343750001 0.7735472484375 0.16724264375
1 0.6593087640624999 0.1010228859375 0.627634190625 0.1032479671875 0.5981863546875 0.115260128125 0.600711865625 0.119060115625 0.6121922265624999 0.1202423390625 0.613075875 0.127472165625 0.6604559640625001 0.11884059843749999 0.67624180625 0.11309137031250001 0.6753581578125 0.1058615453125 0.6593087640624999 0.1010228859375
1 0.7649517484375 0.0969161546875 0.756697334375 0.0968331125 0.7181339859375 0.1101485203125 0.70673395625 0.1096235515625 0.7028879124999999 0.11188242968749999 0.7184092765625001 0.115211415625 0.7210837078125001 0.12585090937500001 0.7727115 0.11824674843750001 0.7853517328125 0.11205559218750001 0.7857308390625 0.1067257609375 0.7649517484375 0.0969161546875
1 0.7790633015624999 0.052173437499999996 0.7784206484375 0.0469153828125 0.7667796234375001 0.0444186421875 0.7320397671875 0.046859056249999996 0.717057240625 0.059180853125 0.71301530625 0.07670019375 0.7223718125 0.077368715625 0.7335082921875 0.067305796875 0.7744364906250001 0.056475862499999994 0.7790633015624999 0.052173437499999996
1 0.706833428125 0.9985655796874999 0.7897508375 0.9927407781250001 0.7881918640625 0.9868841921874999 0.78047721875 0.9827858328125 0.769237853125 0.9835753765625 0.7429708578125 0.9794544875 0.70378740625 0.99612795625 0.706833428125 0.9985655796874999
1 0.7526641609375 0.8985626390625001 0.7500005375 0.9020642546875 0.7399435984375 0.9040965359375001 0.709290784375 0.906249840625 0.706730046875 0.9190248296875 0.7113794109375 0.9233385203125 0.7344204624999999 0.9263602296875 0.7537535796875 0.9243392140625 0.7741662359375 0.9142875593750001 0.773121921875 0.90574321875 0.7526641609375 0.8985626390625001
1 0.7798528296875 0.8343400734375 0.7355958046875 0.8347974515625 0.711635875 0.8411208953125 0.70198059375 0.8464394609375001 0.7004190625 0.85052655625 0.7019228156249999 0.8543983234375 0.7082140406249999 0.8552821734375 0.7081562609375001 0.8632410343749999 0.7376266499999999 0.8598449921875 0.770621759375 0.85156104375 0.7828603328125 0.8420836046875 0.7798528296875 0.8343400734375
1 0.7629451359375 0.771889403125 0.7481584984375 0.7689507375 0.7145207359375 0.7719766296875 0.701340734375 0.7821831015625 0.6885398390625 0.78705974375 0.698779996875 0.7949580921875 0.7274696203125 0.7936055953125 0.749386028125 0.7874257078125 0.7621869234374999 0.782549065625 0.7657116421875 0.7776611609375 0.7629451359375 0.771889403125
1 0.7607789734375 0.6951451609375 0.7140189890624999 0.7004186671875 0.6862130140625 0.7090009890625 0.684490821875 0.7117735703125 0.684731815625 0.713745340625 0.701401309375 0.7152259390625 0.71540718125 0.7202081515625001 0.75517550625 0.716751596875 0.7695379328125 0.7077878625 0.761421628125 0.700403215625 0.7607789734375 0.6951451609375
1 0.7396235734375 0.63166708125 0.6804418 0.6364873953125 0.6696844265624999 0.6412204828125 0.675538765625 0.655393028125 0.7065932390625 0.6565260078125 0.7388879125 0.6509428640625 0.74940429375 0.6442380062499999 0.747498884375 0.63707995625 0.7396235734375 0.63166708125
1 0.731211290625 0.5712712203125 0.7195702671875 0.5687744828125 0.6860931671875 0.5731148890625 0.677861303125 0.5816479640625001 0.656266225 0.5904568796875 0.669089671875 0.5941963578125 0.7063324859375 0.586939815625 0.7167910859375 0.5881938171875001 0.7184329484374999 0.5847639796874999 0.7379845078125 0.5760986171875 0.731211290625 0.5712712203125
1 0.70995300625 0.49851976875000004 0.6809420546875 0.4972432359375 0.65195365625 0.5045828203125 0.6575670031249999 0.5167835953125001 0.6714122109375 0.52045129375 0.678644865625 0.5206061125 0.697335328125 0.513327040625 0.712742065625 0.51290764375 0.71650778125 0.509991509375 0.71664589375 0.50268990625 0.70995300625 0.49851976875000004
1 0.659384996875 0.430478871875 0.6348853 0.4408176328125 0.639374 0.4438168125 0.6609916328125001 0.44362401093750004 0.7014603921875 0.4374666515625 0.7100939140625 0.4322198609375 0.702138271875 0.4261497296875 0.659384996875 0.430478871875
1 0.7017971890625 0.35590628125 0.68190175 0.3533265015625 0.6575401624999999 0.35636365937500003 0.630055515625 0.3675750078125 0.65207480625 0.37066849375 0.6860338968749999 0.370271628125 0.7037025984375 0.36306433125000004 0.705183796875 0.35831997968749996 0.7017971890625 0.35590628125
1 0.6413215296875 0.0466028484375 0.6357307375000001 0.043018190625 0.626615225 0.044321440625 0.6201055578125 0.050081932812499994 0.6081657593750001 0.053572284375 0.5908987171875 0.0640658640625 0.6031598406249999 0.063204540625 0.6350979640625 0.071567346875 0.65072314375 0.06450360468750001 0.6618821765625 0.063056803125 0.668552509375 0.058610821874999997 0.66554500625 0.05086729375 0.6413215296875 0.0466028484375
1 0.6541211140625001 1 0.654881015625 0.9922716421875 0.6492098921875 0.988029728125 0.598741971875 0.988260509375 0.594195490625 0.993220190625 0.5800351796875 1 0.6541211140625001 1
1 0.6325784203125 0.9109758484375 0.6047498921875001 0.9109420531250001 0.5758418265625 0.9189388921875 0.560113759375 0.9167292625 0.599628415625 0.9364920296875001 0.61737745 0.9299419921875 0.6305800031250001 0.9283516359374999 0.6421181421875 0.9215750015624999 0.6414754874999999 0.9163169453125001 0.6325784203125 0.9109758484375
1 0.6152465140625 0.836622775 0.606371996875 0.83989779375 0.5776823734375001 0.8412502875 0.5519199203125 0.8496890562500001 0.5501977250000001 0.8524616359375001 0.5719985734375 0.8621994671875 0.6124095546875 0.8640009687499999 0.6267142 0.86299609375 0.6304799156249999 0.8600799578125 0.63666825625 0.8516904375 0.6356239421875001 0.8431460953125001 0.6152465140625 0.836622775
1 0.6064325734375 0.7729406296875 0.5714517203125 0.7734092718750001 0.5608550109375 0.779456871875 0.5387779390625 0.784322246875 0.582839075 0.799125334375 0.6018508640625 0.7944752890625 0.625409134375 0.7848655609375 0.6238250515625 0.7803365390625 0.6064325734375 0.7729406296875
1 0.5981584 0.705243165625 0.580868803125 0.70712063125 0.56207545625 0.7051263296875 0.5417205796875 0.7072191218749999 0.5339481546875 0.7110796234375 0.5453707343749999 0.7202207078125 0.5624418890625 0.7249875890624999 0.5891683234375 0.72443590625 0.6000863625 0.7210173328125 0.608880546875 0.7170850578125 0.6100404187499999 0.7097116765625 0.5981584 0.705243165625
1 0.6007219328125 0.6334698734375 0.5849938671875 0.63126024375 0.5505753390625 0.6363296828125 0.5241124515625 0.6474692546874999 0.541482378125 0.6462490468750001 0.5523426390624999 0.650789334375 0.5921109640625 0.64733278125 0.6038097687499999 0.641870659375 0.606312725 0.63705453125 0.6007219328125 0.6334698734375
1 0.5926662031250001 0.5591280656250001 0.5486501734375 0.5615572125 0.528076853125 0.570294353125 0.5176985843749999 0.5696976078125 0.5302810375 0.5714653125 0.5299822625 0.577452403125 0.552942984375 0.579816853125 0.5712543375 0.5778676125 0.591988321875 0.5704449859375 0.5964544703125 0.5648280453125001 0.5926662031250001 0.5591280656250001
1 0.59038448125 0.49830154374999996 0.5332462296875 0.502978303125 0.522626965625 0.5004097875 0.5113876015625001 0.5011993328125001 0.5286997484375 0.5079379875 0.537998478125 0.51656536875 0.5464135578125 0.517962925 0.5800513203125 0.5149370328125 0.597559359375 0.506415221875 0.5982597921874999 0.5037144171875 0.59038448125 0.49830154374999996
1 0.59044505625 0.43134438125 0.5644993875 0.4298525171875 0.5138130234375 0.43672764375 0.516338534375 0.44052763125 0.53703729375 0.4496799828125 0.5541084453125 0.45444686562500003 0.559136915625 0.4534307234375 0.5885847515625 0.4414185640625 0.5931312328125 0.43645888125 0.59044505625 0.43134438125
1 0.5817692265625001 0.3603606328125 0.538373296875 0.35943172031250004 0.5094652296875 0.367428559375 0.511990740625 0.371228546875 0.536133884375 0.374835734375 0.54527195 0.3821486046875 0.57119506875 0.37502435 0.582595096875 0.37554931874999997 0.5912286171875001 0.370302528125 0.587119021875 0.36197351875 0.5817692265625001 0.3603606328125
1 0.5308221093750001 0.2976495671875 0.521327490625 0.30428265 0.500111515625 0.3077617328125 0.527801934375 0.31509713281249996 0.5380420921875 0.32299548125 0.54511408125 0.3218357859375 0.5546087015625 0.3152027046875 0.5755836796875 0.30975185 0.578787071875 0.302234915625 0.571072425 0.29813655625 0.5308221093750001 0.2976495671875
1 0.564806546875 0.2468705171875 0.525417328125 0.24499723750000002 0.4919402296875 0.24933764374999998 0.490780359375 0.256711025 0.5035234734375 0.25979324375 0.504085796875 0.2643940421875 0.5084138328125001 0.2660787046875 0.53019213125 0.26720041875 0.5655520875 0.2614019453125 0.57819231875 0.25521079062499996 0.5755864749999999 0.2507535453125 0.564806546875 0.2468705171875
1 0.53044859375 0.1849827921875 0.5118159125 0.1843030046875 0.4855136875 0.196757090625 0.5088760671875 0.2024078265625 0.5491263828124999 0.20289481406249998 0.56569299375 0.1951020375 0.5482201828125 0.187048871875 0.53044859375 0.1849827921875
1 0.5494054 0.1292933046875 0.5477409859375 0.124107025 0.5107743953125 0.116760359375 0.49294502968750004 0.12265314218750001 0.4914638296875 0.1273974953125 0.4949307703125 0.1304684484375 0.5169726156250001 0.14217805156250002 0.520979325 0.1412336875 0.5286714171875 0.1367159296875 0.5447785890625 0.133595728125 0.5494054 0.1292933046875
1 0.513762140625 0.056889468750000005 0.47439547187500003 0.0636323078125 0.4810080265625 0.0671451890625 0.4774833078125 0.07203309375 0.5077570140625001 0.0752096203125 0.5345637812499999 0.0753151921875 0.545080159375 0.0686103359375 0.5474224546875 0.062479693749999995 0.535379771875 0.05669666875 0.513762140625 0.056889468750000005
1 0.44449416406250003 0.9235255328124999 0.43529832031250004 0.924171525 0.4215559984375 0.9297771984375001 0.4109367328125 0.92720868125 0.398858825 0.9380006359375 0.399260484375 0.9412869203125 0.4406354453125 0.9509755046875 0.480564434375 0.9488334640625 0.4880958640625 0.94300119375 0.4881536421875 0.9350423343750001 0.44449416406250003 0.9235255328124999
1 0.47816995 0.8449263578125 0.4660694890625 0.84710219375 0.44192634531249997 0.8434950078125001 0.40250189843750006 0.8581967046875001 0.415325346875 0.8619361812499999 0.41588766875000005 0.8665369796875 0.42712703281250003 0.865747434375 0.4410525734375 0.870072390625 0.4579405125 0.8649086421875 0.480499571875 0.8639868093749999 0.4878703390625 0.856840025 0.48824944375 0.8515101921875001 0.47816995 0.8449263578125
1 0.4754062390625 0.7801562953125 0.4739024890625 0.77628453125 0.458897409375 0.7799902109375 0.442687353125 0.7738370375 0.4365567890625 0.7742676984375 0.43122954375000006 0.7812709296875 0.39675323906250004 0.79429923125 0.4315156453125 0.800474934375 0.468379353125 0.7985482234375 0.4838438703125 0.79016996875 0.4850840734375 0.7834538453125 0.4754062390625 0.7801562953125
1 0.477889440625 0.7077257453125 0.46428522812499995 0.7060298171875 0.430727796875 0.7097129671875 0.4062281 0.7200517296875 0.4101770296875 0.7270662234375 0.4075134078125 0.7305678390625 0.41192177656249995 0.7329097609375 0.4611043890625 0.7221628671875 0.4766717921875 0.7230579875 0.487509496875 0.71898215625 0.48788860312500004 0.7136523234375 0.477889440625 0.7077257453125
1 0.473380984375 0.6371121468750001 0.43581684374999996 0.6417396625 0.41217824218750004 0.6506921328125 0.4323146765625 0.655243684375 0.444518021875 0.662341221875 0.4697407046875 0.6579177734375 0.4872487453125 0.6493959640625 0.48778851406249996 0.645380646875 0.473380984375 0.6371121468750001
1 0.46144398124999997 0.5816041937499999 0.4413075453125 0.5770526421875 0.41490243906249996 0.580233353125 0.40933419843749996 0.5852648125 0.4325584671875 0.598217153125 0.46006566718749997 0.5956219203125 0.4809603125 0.5895138078125 0.4727636765625 0.58147190625 0.46144398124999997 0.5816041937499999
1 0.40057803593749997 0.5136238078125 0.40060058749999994 0.5222399249999999 0.43702741093749997 0.5336019078125 0.46068856406250003 0.5332655546875 0.47883925625 0.5300018 0.4790576984375 0.5233574546875001 0.453169809375 0.51390673125 0.40057803593749997 0.5136238078125
1 0.4469969359375 0.43810685468750005 0.4245985375 0.440343203125 0.398836084375 0.44878196875 0.38657495937499997 0.4496432921875 0.394231825 0.46170051093750003 0.399420959375 0.4619988859375 0.460164265625 0.453091475 0.46895844843749995 0.4491592 0.46721370156250003 0.44331566406249995 0.4469969359375 0.43810685468750005
1 0.46050106093750004 0.3715311046875 0.4110549 0.371690109375 0.3908606859375 0.3750974171875 0.38529244687499997 0.3801288765625 0.3909635703125 0.38437079218750003 0.4111803375 0.38957960156250004 0.44333690312499996 0.391298059375 0.45237208281249996 0.38933755468750003 0.46988011875 0.38081574375 0.46813537343749995 0.374972209375 0.46050106093750004 0.3715311046875
1 0.3975915921875 0.3036942734375 0.37906179375 0.312287859375 0.41043759375000005 0.3160498671875 0.43920755 0.3153546296875 0.44297326562499995 0.31243849375 0.440826859375 0.3033086734375 0.41291800156249997 0.3026176203125 0.3975915921875 0.3036942734375
1 0.3966529609375 0.2454250046875 0.371751603125 0.2524774796875 0.35833060625 0.26071218125 0.36007535156250003 0.26655571875 0.390268728125 0.2690749875 0.43813080624999995 0.26438696093749997 0.440714096875 0.2602280890625 0.4360647328125 0.25591439843749997 0.3966529609375 0.2454250046875
1 0.4027863171875 0.1859960390625 0.378023071875 0.1857469125 0.349596996875 0.1976872953125 0.35102041562499997 0.200901803125 0.3716966203125 0.2014380375 0.38287820625 0.2086073515625 0.424368725 0.20237821562499997 0.4291562015625 0.199390303125 0.4263896921875 0.1936185453125 0.4027863171875 0.1859960390625
1 0.39555645781250004 0.126842915625 0.33355039999999997 0.1338503328125 0.36785336874999996 0.1446986109375 0.40533717812500003 0.139413840625 0.41318993437499996 0.13621059687499998 0.41459080000000004 0.1308089875 0.39555645781250004 0.126842915625
1 0.3595918703125 0.051810054687499996 0.34372569375 0.056902025 0.33737668906249996 0.0639770328125 0.3380193421875 0.0692350875 0.34344947187499997 0.07150523125 0.3990261953125 0.070915565625 0.40128815937500006 0.064127665625 0.39774088750000003 0.0603994546875 0.3595918703125 0.051810054687499996
1 0.28587321875 0.839873659375 0.26301538281250003 0.8467825828125 0.253302321875 0.8600600093749999 0.2877434015625 0.8636066843749999 0.31366652031250003 0.8564824312500001 0.32318369062499996 0.8584654671875 0.3290154796875 0.8640218953125001 0.3307954515625 0.8532904546875001 0.3386482078125 0.8500872125000001 0.33902731406250003 0.8447573796875 0.32894781875 0.8381735453125 0.28587321875 0.839873659375
1 0.3179071421875 0.7647043234375 0.2988150203125 0.7686971125000001 0.281204096875 0.7679455468749999 0.2770592765625 0.7761915140625 0.26417805 0.7804108984375 0.24955207656249997 0.7787867453125 0.263477615625 0.783111703125 0.267346215625 0.7894689406250001 0.3037504828125 0.7922148078125 0.3102601546875 0.7864543140625 0.3230610484375 0.7815776734375001 0.33435819218749996 0.7728292671875 0.3337958703125 0.7682284687500001 0.3179071421875 0.7647043234375
1 0.32165309999999997 0.6941737671875 0.29726895937500003 0.688594809375 0.29049574218749996 0.6837674140625001 0.287591125 0.685297259375 0.29051829375 0.69238353125 0.2880153359375 0.6971996609375 0.260370025 0.7070964953125001 0.25087540625 0.713729575 0.2628955359375 0.7108964828125 0.294351665625 0.715315746875 0.3064521296875 0.7131399109375 0.326945115625 0.7037455140625 0.328345984375 0.69834390625 0.32165309999999997 0.6941737671875
1 0.32539905625 0.6236432125 0.3173856359375 0.625531940625 0.31101407812500004 0.6239908296875 0.30192112031249996 0.6339101953124999 0.2924842796875 0.6325844171874999 0.2813478 0.6426473359375 0.2486740171875 0.6535603125 0.2605560359375 0.6580288234375 0.284297521875 0.658349725 0.3084181125 0.653340796875 0.3324358203125 0.63905849375 0.3338366890625 0.633656884375 0.32539905625 0.6236432125
1 0.3056896296875 0.5719957578125 0.28359000624999997 0.568245015625 0.27485360000000003 0.56421843125 0.2637748984375 0.566322490625 0.2503539015625 0.5745571921875 0.22599231406250003 0.5775943531250001 0.24564675937499997 0.5782023625 0.270673553125 0.5890393765625 0.285919628125 0.5873054671875 0.307675371875 0.5798110624999999 0.30915656875 0.5750667109375 0.3056896296875 0.5719957578125
1 0.291525890625 0.5067007265625 0.25748646875 0.5064403343749999 0.22118508124999997 0.51296784375 0.2206453125 0.5169831609375 0.230082153125 0.518308940625 0.23599427187500002 0.5245226265625 0.25825455937499997 0.52958788125 0.2724788734375 0.527925746875 0.3040505625 0.516427290625 0.3033275765625 0.510511978125 0.291525890625 0.5067007265625
1 0.2991404453125 0.4425274078125 0.2511980359375 0.446558178125 0.22707744531250001 0.4515671078125 0.2220715265625 0.4611993640625 0.25761470000000003 0.46533152187500004 0.296901034375 0.45793142500000006 0.309460934375 0.4510830140625 0.3055923375 0.44472577500000005 0.2991404453125 0.4425274078125
1 0.29487298281249996 0.37388558125000004 0.2529808046875 0.3768284328125 0.22447439687499998 0.38811155625 0.240684453125 0.39426473125 0.237240065625 0.39980989375 0.26789287968750003 0.3976565890625 0.301588421875 0.3866718359375 0.3087181921875 0.37755328125 0.29487298281249996 0.37388558125000004
1 0.2505158703125 0.30607128125 0.23440869687500002 0.30919148125 0.23214673437500002 0.31597938124999997 0.2280596921875 0.31626648749999997 0.22367387500000002 0.322540684375 0.24601449375 0.328263196875 0.2809150109375 0.3271372984375 0.2823962125 0.32239294687500003 0.2963795296875 0.3187590421875 0.297780396875 0.31335743437499997 0.29116784375 0.309844553125 0.2505158703125 0.30607128125
1 0.2413805984375 0.239760109375 0.208626484375 0.250015828125 0.21327585 0.2543295203125 0.23529514218749997 0.257423003125 0.2628023421875 0.254827771875 0.28329533125 0.2454333734375 0.280207496875 0.23703258906250002 0.2413805984375 0.239760109375
1 0.275262153125 0.1797076828125 0.2676278390625 0.176266578125 0.226757421875 0.1791376515625 0.2130954296875 0.1854005828125 0.2018786171875 0.1948062453125 0.2106150234375 0.1988328296875 0.24928125625000003 0.19479079531250001 0.2723800875 0.18985364375 0.2770068984375 0.1855512171875 0.275262153125 0.1797076828125
1 0.26093774999999997 0.1130981375 0.220767765625 0.1132684078125 0.19917268593749998 0.12207732499999999 0.20374171875 0.1257337578125 0.22277605937499997 0.1296998296875 0.252808771875 0.1309045859375 0.2648289015625 0.12807149375 0.2721996671875 0.1209247078125 0.2717176765625 0.1169811671875 0.26093774999999997 0.1130981375
1 0.248840084375 0.056275668749999994 0.214180559375 0.05937334062500001 0.1976365046875 0.07578223125 0.2455789125 0.0717514640625 0.2655321296875 0.0663723859375 0.26032044375 0.05745789531249999 0.248840084375 0.056275668749999994
1 0.34460263750000003 0.932531434375 0.3151322484375 0.9359274781250001 0.29445604375 0.9353912421875 0.287165609375 0.943195284375 0.27334295468750003 0.9481437015624999 0.26578897343749996 0.9453598546875 0.271781425 0.9522307968750001 0.293501940625 0.9613113703125 0.32014804531249996 0.9601024296875 0.3451875109375 0.94574835 0.3484712359375 0.9388886734374999 0.34460263750000003 0.932531434375
1 0.15866478906249998 0.9542109390625001 0.157000375 0.9490246609374999 0.1433158296875 0.9466714749999999 0.099942453125 0.9543586765625 0.0808151046875 0.9749264421875001 0.0883690875 0.9777102875000001 0.128837846875 0.9715529281249999 0.1402378734375 0.9720778984375 0.1425801703125 0.96594725625 0.1524764484375 0.962600459375 0.15866478906249998 0.9542109390625001
1 0.14016313281249998 0.8534240343749999 0.1306459625 0.851440996875 0.12381496562500001 0.8545724640625 0.0910383015625 0.8562120656250001 0.068341128125 0.8644355031250001 0.0627728875 0.8694669625 0.09352858593749999 0.8765870296875 0.1196926984375 0.871434546875 0.1405070125 0.864669178125 0.1430903046875 0.8605103062499999 0.14016313281249998 0.8534240343749999
1 0.1304204359375 0.7652798296875 0.1165174484375 0.7695709890625 0.07682945625 0.7736848000000001 0.0689766984375 0.77688804375 0.0655323109375 0.78243320625 0.0837858890625 0.7884428265625 0.0930620640625 0.7884540921875 0.1040026546875 0.793651634375 0.1336914859375 0.7836112453124999 0.14428819843750001 0.77756364375 0.14757192187499998 0.7707039703125 0.1304204359375 0.7652798296875
1 0.1446024421875 0.6873871578124999 0.124488559375 0.691451721875 0.09878388437499999 0.69193163125 0.057695025 0.7014470515625 0.0986105484375 0.715808209375 0.11619891874999999 0.7079436593749999 0.1364734640625 0.7051936078125001 0.14965346562499998 0.694987134375 0.148850146875 0.688414565625 0.1446024421875 0.6873871578124999
1 0.1353290625 0.6283775890625 0.092093796875 0.6287631890625 0.085825121875 0.636495453125 0.06218652031250001 0.645447925 0.0596032296875 0.649606796875 0.08081920468750001 0.6461277125 0.0970292609375 0.652280884375 0.11722347343749999 0.6488735765625 0.1397599828125 0.639335625 0.14108051875 0.6332767609375 0.1353290625 0.6283775890625
1 0.08755011093750001 0.5747245671875 0.0594453625 0.5892939796875 0.0768956203125 0.5887310296875 0.0886169765625 0.5918850234375 0.131048925 0.58492685625 0.1408423171875 0.572306684375 0.12274940625 0.56761158125 0.08755011093750001 0.5747245671875
1 0.13980080156250002 0.5047640421875 0.090675965625 0.5075520734375 0.05918461093750001 0.5197077875 0.073810584375 0.5213319375000001 0.0746139015625 0.5279045078125 0.1205127890625 0.5240172921874999 0.143049296875 0.5144793421875 0.1443698328125 0.5084204765625 0.13980080156250002 0.5047640421875
1 0.10399687500000002 0.43104569374999996 0.0763290109375 0.4323264125 0.06562941718750001 0.42910063750000005 0.05745533125 0.429674853125 0.066513065625 0.43633046562500005 0.0651121984375 0.4417320734375 0.074709703125 0.44437236718750006 0.085030190625 0.452927971875 0.123696425 0.44888593749999994 0.1353952265625 0.443423815625 0.1325483890625 0.436994803125 0.10399687500000002 0.43104569374999996
1 0.1380390921875 0.37230778125 0.121690925 0.37345621093750003 0.1018983703125 0.3801498046875 0.0757568109375 0.393918403125 0.0920471984375 0.4007288328125 0.11232174531250001 0.3979787828125 0.1372808796875 0.3829674453125 0.1416666953125 0.37669325 0.1380390921875 0.37230778125
1 0.1335531875 0.3103102984375 0.110431803125 0.306631334375 0.08088108125 0.309370121875 0.0623512828125 0.3179637078125 0.056002278125000006 0.325038715625 0.057345365625 0.327595965625 0.067884296875 0.329507225 0.1068718578125 0.32809421875 0.11448361874999999 0.3229192046875 0.13137155625000002 0.31775545781250003 0.1335531875 0.3103102984375
1 0.111755134375 0.24157416406249999 0.07284790468749999 0.243644428125 0.04520259375 0.2535412640625 0.0757976296875 0.25934681875 0.081388421875 0.26293147499999997 0.11352243437500001 0.25603381875000003 0.12546223125 0.2525434671875 0.12592166875 0.24787089375 0.111755134375 0.24157416406249999
1 0.09549009375 0.18438154843750001 0.0711059546875 0.1788025890625 0.052174496875 0.184109890625 0.052897482812499994 0.190025203125 0.039396154687500004 0.1976026484375 0.054263123437500005 0.20119857031250002 0.06975019375 0.2014364328125 0.111642371875 0.19849358125 0.12444326562500001 0.1936169421875 0.11726839062500001 0.1855032625 0.09549009375 0.18438154843750001
1 0.1138042453125 0.123434003125 0.10318498281249999 0.1208654875 0.061051809375 0.1218365671875 0.045265964062500004 0.127585796875 0.0330048390625 0.12844711874999998 0.0417412453125 0.1324737015625 0.072175615625 0.13696474218750002 0.105813378125 0.13393885 0.11382679843750002 0.13205012031250002 0.11624942499999999 0.12657673593750002 0.1138042453125 0.123434003125
1 0.0748194796875 0.06584870625 0.04314490625 0.0680737890625 0.047713940625 0.071730221875 0.0486779203125 0.0796173046875 0.04372978125 0.081290703125 0.047277053125 0.08501891406249999 0.043752334375 0.0899068203125 0.0549917 0.0891172765625 0.060720603124999994 0.0854003296875 0.11070653281250001 0.08122600625000001 0.120281484375 0.0752501828125 0.11216517968749999 0.06786553749999999 0.0748194796875 0.06584870625