1 0.081153759375 0.9492307500000001 0.0879724953125 0.9486869703125 0.0802547625 0.9467279015625 0.074570709375 0.94167700625 0.050409740625 0.9370342703125001 0.006637171875 0.938394378125 0.0034688093750000005 0.9470808843749999 0.013002664062499999 0.953422759375 0.0255417125 0.95668410625 0.055658679687500004 0.9570344421874999 0.077140790625 0.95354575 0.081153759375 0.9492307500000001
1 0.090956403125 0.879557884375 0.0648886625 0.8736467765624999 0.0572978390625 0.8673275031250001 0.03304621875 0.8657992 0.022323295312499998 0.8669206624999999 0.005553721875 0.8754489515625 0.004473429687500001 0.8791749687499999 0.009204096875 0.8835916781250001 0.0507798203125 0.890929378125 0.078935628125 0.891879996875 0.076220509375 0.8849943453125 0.090956403125 0.879557884375
1 0.01026310625 0.813817103125 0.010063678125 0.820668853125 0.029294553125 0.827746628125 0.052556528125 0.8298865125000001 0.0693079703125 0.8219811124999999 0.080948021875 0.8227396125 0.08118370625 0.8146420890625 0.040506981250000004 0.8098072343749999 0.01026310625 0.813817103125
1 0.08952533593749999 0.7617758546875 0.066281490625 0.7590130828125 0.054913384375 0.7489112875 0.0139647125 0.7534197296875 0.009969875 0.7571118421875 0.0108144828125 0.7614833484375 0.0415041125 0.7755484859374999 0.057552242187500005 0.7751120671875 0.07057704687500001 0.7783790640625 0.06503803124999999 0.7683450781250001 0.08952533593749999 0.7617758546875
1 0.006062528125 0.6910180796875001 0.005863103125 0.6978698296875 0.011565284375 0.7022978421875 0.07841853125 0.709306484375 0.07852730937499999 0.7055691671875 0.0604129859375 0.6935196046875001 0.039184690625000004 0.6882878875 0.010057367187500001 0.6873259671875 0.006062528125 0.6910180796875001
1 0.0136320671875 0.6312887953125 0.021222890624999997 0.6376080671875 0.05205755937499999 0.646690115625 0.08505281406250001 0.6483201265625 0.091335146875 0.632815775 0.0663114390625 0.6244244218749999 0.0284586109375 0.6227379046875 0.015683876562499997 0.6275740812499999 0.0136320671875 0.6312887953125
1 0.04014989375 0.5549563015625 0.0293544515625 0.55856930625 0.0272663828125 0.5635297953125 0.031960792187499996 0.5691922796875 0.054196859374999996 0.573189525 0.0745805484375 0.5740497343750001 0.092267246875 0.5674014046875 0.0787566828125 0.5641287578124999 0.075088178125 0.556608915625 0.04014989375 0.5549563015625
1 0.0984013859375 0.49020870156249996 0.07335955 0.48244023125 0.042307325 0.4808328234375 0.030540365625 0.484434528125 0.0332373546875 0.4919430671875 0.0620746046875 0.5028711703125001 0.0984013859375 0.49020870156249996
1 0.0412420046875 0.4172645109375 0.041024450000000004 0.42473914687500003 0.0739109265625 0.430106478125 0.08166491718749999 0.4308197734375 0.1032014171875 0.42546242031250003 0.10133090468749999 0.422948271875 0.10635164687500001 0.41739880156250003 0.072457396875 0.4132659421875 0.0412420046875 0.4172645109375
1 0.052987681249999995 0.3476142484375 0.039259559375 0.3518162375 0.0419384203125 0.3599476625 0.0584360484375 0.3607626703125 0.0718378328125 0.36777263437499996 0.08250636875 0.368519834375 0.09438210625 0.3611808125 0.11188750781250001 0.360761346875 0.0821331328125 0.3479532828125 0.052987681249999995 0.3476142484375
1 0.10915110312500001 0.28782713437499996 0.07432159687499999 0.282437203125 0.061673771875000005 0.2829131734375 0.054746259374999995 0.2871942703125 0.05170480625 0.29152057343750004 0.05641734375 0.2965601671875 0.08827791406249999 0.30378485781250003 0.11645185312499999 0.3041125890625 0.1097056359375 0.3021648234375 0.1120112609375 0.289729696875 0.10915110312500001 0.28782713437499996
1 0.09005462187499999 0.24274199375 0.109484925 0.24296801562499998 0.13122085156250002 0.230758915625 0.1070598796875 0.22611618125000002 0.06720963125 0.22627571875000002 0.05932873281249999 0.22992262812500003 0.06879006875 0.23875605000000003 0.09005462187499999 0.24274199375
1 0.089007434375 0.17855079375 0.081144665625 0.181574815625 0.0937743609375 0.18172173125 0.089007434375 0.17855079375
1 0.10625586406250001 0.12018029374999999 0.0839110171875 0.11992036718750002 0.056491037499999994 0.1270785703125 0.0573175140625 0.1320729625 0.06501711875 0.1346549171875 0.1017352640625 0.1419361109375 0.1097068125 0.1351747703125 0.13516563125 0.12861685 0.121600678125 0.1272128625 0.10625586406250001 0.12018029374999999
1 0.070698015625 0.073034371875 0.06857368750000001 0.0792406328125 0.0771904171875 0.0837025484375 0.0994446140625 0.08707690625 0.119001825 0.082942725 0.12695524375 0.0768042703125 0.109776175 0.06601178125 0.1039652140625 0.0653210890625 0.070698015625 0.073034371875
1 0.1375741546875 0.9473946703125 0.14324007656249998 0.9530684562499999 0.16835443125 0.958345375 0.186776959375 0.9598058703125 0.2190182546875 0.9539499453125 0.186403725 0.93923931875 0.151465440625 0.9375867046874999 0.1406518671875 0.941822596875 0.1375741546875 0.9473946703125
1 0.1951442046875 0.8726695859375001 0.1747786453125 0.8711864890625 0.1483845734375 0.876487334375 0.1453068578125 0.8820594093749999 0.15194429843749999 0.88774449375 0.1741984984375 0.8911188531249999 0.208810446875 0.903983421875 0.20821965625 0.8908915078125 0.21529220625 0.8816273203125 0.1951442046875 0.8726695859375001
1 0.2238695203125 0.8206635640625001 0.22315182031249997 0.8119318515625 0.1659049484375 0.808773540625 0.154174246875 0.8111294703124999 0.14821825 0.81542186875 0.148954078125 0.8235306921875001 0.1604853515625 0.828026509375 0.217768484375 0.8299390515624999 0.227646803125 0.8244460859375 0.22775557968750001 0.8207087671875 0.2238695203125 0.8206635640625001
1 0.19308608437500002 0.743041415625 0.1805107765625 0.7410258390625 0.155196996875 0.74260066875 0.1463445828125 0.7462362765624999 0.146217675 0.7505964828125 0.1577126890625 0.756338071875 0.1595469421875 0.76009799375 0.1877390078125 0.759802840625 0.22481974999999998 0.7546263078125001 0.21609424375000003 0.7539017109375 0.19308608437500002 0.743041415625
1 0.22073110625 0.6947614093750001 0.1957436609375 0.685124284375 0.1891062203125 0.6794391984375 0.15020935625 0.6802329234375 0.1423284578125 0.6838798328125 0.1402222609375 0.6894632078125 0.16231329375 0.6984435437500001 0.1835778484375 0.7024294859375 0.2031169265625 0.6989181921875 0.2041609625 0.6964379484375 0.22073110625 0.6947614093750001
1 0.169937221875 0.6368456 0.20216038749999998 0.6316125625 0.20829768125 0.6210912984375 0.18613413125 0.6146025093749999 0.1599576125 0.61242871875 0.14435898125 0.614116559375 0.14214400625 0.6234372515625 0.169937221875 0.6368456
1 0.1727760921875 0.5726996062499999 0.2058076046875 0.57308384375 0.20307435625 0.566821078125 0.20994748125 0.5644086390624999 0.15000361874999998 0.5537417875 0.1430217171875 0.5598915421874999 0.145809353125 0.56428565 0.1727760921875 0.5726996062499999
1 0.2335507625 0.48804224218750003 0.2249521640625 0.482957440625 0.20759180000000002 0.47839381562499994 0.1755136734375 0.47864376562500005 0.1520704015625 0.48273274062500005 0.1500004640625 0.48707034218749995 0.1673064390625 0.493502628125 0.178011234375 0.49300405312500006 0.1857108375 0.4955860078125 0.21780709374999999 0.49471317499999995 0.2335507625 0.48804224218750003
1 0.20496417500000003 0.4017222875 0.191326703125 0.4028098421875 0.164860109375 0.41060223437500004 0.1646425546875 0.418076871875 0.1800780171875 0.4219950078125 0.2102131140625 0.42172245625000004 0.2385864796875 0.41519844062500005 0.24648550781249998 0.41092864531249995 0.2348273265625 0.4107930296875 0.20496417500000003 0.4017222875
1 0.1881007984375 0.3466935640625 0.179175865625 0.35282071875 0.18390653437499999 0.35723742812500003 0.206124471875 0.3618575578125 0.24984265312499998 0.3623661109375 0.2327361046875 0.349082075 0.221222959375 0.34396337187500003 0.2008211421875 0.3437260484375 0.1881007984375 0.3466935640625
1 0.1877350484375 0.2924798484375 0.188561525 0.297474240625 0.20005654218750002 0.3032158296875 0.22626931875 0.3041438484375 0.252826559375 0.293237025 0.245108828125 0.29127795624999997 0.2423937109375 0.284392303125 0.20439584375000003 0.2876888765625 0.1877350484375 0.2924798484375
1 0.309337603125 0.2882865140625 0.30521585625 0.29633883125 0.32736127656249997 0.3034505078125 0.3728230609375 0.3108334140625 0.3731131359375 0.30086723125 0.37899661562500003 0.2990663796875 0.3635792828125 0.29452535625 0.3540998171875 0.286314821875 0.309337603125 0.2882865140625
1 0.3432468265625 0.22512504375 0.314065115625 0.22603178124999998 0.30231628593750004 0.2290105984375 0.30504953437500004 0.23527336718749997 0.3262778296875 0.2405050828125 0.35734818437500004 0.24148960625 0.3817448390625 0.23803481718750003 0.3759701375 0.23609835 0.3819805234375 0.22993729375 0.3432468265625 0.22512504375
1 0.222670178125 0.22746101875 0.1992087765625 0.23217288125 0.19902748125 0.23840174374999998 0.20282289375 0.24156138125 0.2415022 0.2482422921875 0.26784188593749997 0.24481010468750003 0.2660982828125 0.23793575156250002 0.275005084375 0.2324314859375 0.25374053124999996 0.22844554062500003 0.222670178125 0.22746101875
1 0.3076164609375 0.180470665625 0.3114118734375 0.183630303125 0.3307515265625 0.1869707578125 0.34433460781249997 0.1877518625 0.36981155625 0.180571053125 0.3496091671875 0.17348198125 0.3273368359375 0.17073050781250002 0.30871488281250004 0.1761217640625 0.3076164609375 0.180470665625
1 0.2076773125 0.17494644374999999 0.20657889062499998 0.17929534687499998 0.21812829374999998 0.1831682796875 0.24919864687499999 0.1841528015625 0.27859791562499997 0.175771428125 0.2419341578125 0.16662157500000002 0.2350247734375 0.170279784375 0.217519371875 0.17069925156250002 0.2076773125 0.17494644374999999
1 0.34973291875 0.10245033125 0.31961595 0.102099996875 0.30488005625 0.10753645625 0.30468063125 0.11438820624999999 0.3200979640625 0.1189292296875 0.3656141375 0.1244434734375 0.36581356249999997 0.11759172343749999 0.37655461875 0.1158473796875 0.3786064265625 0.1121326609375 0.34973291875 0.10245033125
1 0.2755714359375 0.11280339843750001 0.2648485125 0.113924859375 0.22724949687499998 0.10351793125 0.21945924687499999 0.1040504078125 0.20069225624999998 0.11442475625 0.20151873281250002 0.11941914687499999 0.21400339218750003 0.12454915312499999 0.263441884375 0.12886283125 0.2650333546875 0.1187040890625 0.2794031078125 0.1147172625 0.2755714359375 0.11280339843750001
1 0.20234205468750002 0.0577420953125 0.2021970171875 0.06272518593750001 0.206945815625 0.0665190109375 0.246560378125 0.0744569953125 0.2579647453125 0.0833130171875 0.2667446390625 0.08216895468749999 0.2613869203125 0.065906103125 0.2461508828125 0.055136215625 0.21311936875 0.054751976562500006 0.20234205468750002 0.0577420953125
1 0.293324775 0.9386137874999999 0.2826381078125 0.9384894734375001 0.2757105953125 0.9427705703125 0.274539653125 0.94961101875 0.2956954296875 0.95733428125 0.3043846765625 0.95930465 0.3502634421875 0.9523611687500001 0.3562556984375 0.946822996875 0.31777581875 0.9332903390625 0.293324775 0.9386137874999999
1 0.3431589640625 0.8625525218749999 0.3140135109375 0.8622134859375 0.30433461875 0.860854703125 0.301510721875 0.8577063671875 0.28281625 0.8655891671875 0.2825805640625 0.8736866890625 0.3027466953125 0.8820215359375 0.321187353125 0.8828591453125 0.3426875921875 0.8787475671875 0.3467005609375 0.874432565625 0.3431589640625 0.8625525218749999
1 0.34556272187500003 0.8133557984375 0.346643015625 0.8096297796874999 0.3448087640625 0.8058698609375 0.33522051875000003 0.8013966453125001 0.31203106406250003 0.7967652125 0.270183396875 0.7987708078125 0.26802281093749997 0.8062228421875 0.280416821875 0.8144672796875 0.3123136515625 0.8204461937499999 0.3404513328125 0.8220197031250001 0.3396973734375 0.8145337640625 0.34556272187500003 0.8133557984375
1 0.3397667359375 0.745370775 0.326419340625 0.73649215 0.29437747187499996 0.735496325 0.28066748124999996 0.7390754281249999 0.278561284375 0.7446588015625 0.2823204375 0.7490642109375 0.29484135624999996 0.75294844375 0.3160877796875 0.7575572734375 0.34330833125 0.757250821875 0.352287653125 0.749255009375 0.3397667359375 0.745370775
1 0.3494968609375 0.6781894562499999 0.34762635 0.6756753093750001 0.3206052234375 0.6691300124999999 0.27596991718749997 0.6667415 0.27582487968749997 0.671724590625 0.26880671718750004 0.6791201203125 0.2831618890625 0.6867642734375 0.321032846875 0.6878279046875 0.3338257109375 0.6823688406249999 0.349442471875 0.680058115625 0.3494968609375 0.6781894562499999
1 0.28341254843749997 0.61137241875 0.28224160625 0.6182128703124999 0.2927651046875 0.6239431578125 0.323762940625 0.6274192281250001 0.3529990421875 0.6246438296875 0.35728395625 0.6109855359374999 0.3467060671875 0.607123903125 0.2903763203125 0.6058455515625 0.28341254843749997 0.61137241875
1 0.3443247703125 0.5553791312499999 0.335798690625 0.547802784375 0.3037930796875 0.5455611874999999 0.293015765625 0.54855130625 0.2870416390625 0.553466590625 0.3062725140625 0.5605443640625001 0.308124896875 0.5636813984375 0.3178944359375 0.5619257515625 0.3537135859375 0.566704096875 0.3654986765625 0.56247950625 0.3443247703125 0.5553791312499999
1 0.35779591875 0.49322610781250004 0.3620264421875 0.48143647187500005 0.333997540625 0.47612564687500003 0.30670447031250003 0.4789236453125 0.30074847031249996 0.48321604531249995 0.3015205609375 0.4900790953125 0.3053341015625 0.492615846875 0.319924959375 0.492162478125 0.338220578125 0.49798317656249996 0.3450393140625 0.49743939687500005 0.35779591875 0.49322610781250004
1 0.3093620453125 0.4210065140625 0.3481320015625 0.4245729921875 0.368570078125 0.4235645453125 0.3725467859375 0.42049531875 0.34849459375 0.41211526562499995 0.30772721718749996 0.4103948453125 0.300745315625 0.41654460000000004 0.3093620453125 0.4210065140625
1 0.298889778125 0.34673612187499997 0.30070589999999997 0.35111893125 0.3180300046875 0.3569283265625 0.35014439375 0.35543260781249997 0.37067311875 0.3513097265625 0.3437245109375 0.3422728859375 0.3204444078125 0.340755884375 0.30187684375 0.34427848125 0.298889778125 0.34673612187499997
1 0.339898346875 0.0730503609375 0.3693338734375 0.0634232125 0.38099205625 0.0635588265625 0.36375860000000004 0.054634995312500004 0.3521729359375 0.0520078375 0.34551736875 0.0469456375 0.33679186250000004 0.0462210421875 0.331825509375 0.049901853125 0.30931749375 0.0552479046875 0.3071569078125 0.0626999375 0.3138487359375 0.06651636562499999 0.324517271875 0.0672635640625 0.339898346875 0.0730503609375
1 0.4547957078125 0.933638028125 0.40710081875000004 0.9361987046875001 0.40211633750000003 0.9405024031250001 0.40380555156250003 0.9492454140625 0.4259147125 0.9576028640625 0.44622588125 0.9609546203124999 0.44928546562499994 0.9560054328125001 0.4883454953125 0.9496057296875 0.4595263765625 0.9380547390625 0.4547957078125 0.933638028125
1 0.44232602187500003 0.8612136921875001 0.41604072499999994 0.8627772203124999 0.40810543906249996 0.8682927890625001 0.40796040156249996 0.8732758781250001 0.4194554140625 0.8790174703125 0.43206698125000004 0.8797872734375 0.44940921562499997 0.8849737843750001 0.48500016874999996 0.8642024890625001 0.47033679375000004 0.8671474031249999 0.44232602187500003 0.8612136921875001
1 0.4689814 0.8135452734375 0.48871990624999995 0.803182228125 0.48684939531250004 0.800668078125 0.461771296875 0.7941453859375 0.43455074531250004 0.7944518406250001 0.425879628125 0.7918585828125 0.4072032859375 0.7991184984374999 0.40696760000000004 0.8072160203125 0.41355065 0.8147697671874999 0.417364190625 0.8173065156250001 0.4309654046875 0.81746473125 0.4689814 0.8135452734375
1 0.4128297953125 0.7393666109375 0.4117313734375 0.743715515625 0.434830178125 0.7514613781249999 0.453198315625 0.7547905328125 0.4935199359375 0.7384359484374999 0.472237253125 0.7350728921874999 0.46169562500000005 0.7299654875 0.428609721875 0.7314499078125001 0.4128297953125 0.7393666109375
1 0.4816591734375 0.678480640625 0.49164626875 0.6692503578125 0.48396479843750007 0.6660455171875 0.4645526234375 0.66519660625 0.4469747046875 0.6681076171875 0.4304770765625 0.6672926109375 0.41964537343749997 0.6721513890625 0.421388978125 0.6790257421875 0.4300419640625 0.682241884375 0.44065611406249994 0.6848577421875001 0.465951765625 0.6839057984375 0.4816591734375 0.678480640625
1 0.43641179062499996 0.59695165625 0.42174841562500004 0.5998965703125 0.4167820640625 0.6035773843750001 0.4195697 0.607971490625 0.43110097343750003 0.612467309375 0.46897193281250005 0.6135309421875 0.478832121875 0.6086608609375 0.49534787812500003 0.6088529796875 0.46937078593750003 0.599827440625 0.43641179062499996 0.59695165625
1 0.49457263281249997 0.5353184859375 0.48482122343749995 0.536451246875 0.46461883281249994 0.529362171875 0.42282555312500003 0.529499109375 0.41974784062500003 0.535071184375 0.42446037968750006 0.5401107796875 0.44469902968749997 0.54595408125 0.462168171875 0.5467803890625 0.48365028125 0.543291696875 0.482841934375 0.5376744171875 0.49457263281249997 0.5353184859375
1 0.49451509062500004 0.4705157015625 0.4838284234375 0.47039138906250005 0.4740226234375 0.47339280937500006 0.4196359078125 0.4721370578125 0.412672134375 0.47766392812499997 0.4135711296875 0.4801667734375 0.43085897656250005 0.4872219453125 0.46290084687500005 0.48821776874999995 0.47072735468750004 0.48643952031250004 0.478753290625 0.47780951875 0.49451509062500004 0.4705157015625
1 0.438073409375 0.4063032234375 0.4136948828125 0.40913512656249995 0.4116068140625 0.41409561406249995 0.4163374828125 0.418512325 0.44521099218750004 0.4281946546875 0.45005043593750005 0.428874046875 0.4657578453125 0.42344888750000004 0.4845067078125 0.41369742656249997 0.48655851562499997 0.4099827125 0.438073409375 0.4063032234375
1 0.48252426249999997 0.3482491546875 0.48457607031250005 0.3445344390625 0.4565653 0.338600728125 0.4156528875 0.341863396875 0.4107409234375 0.34367555 0.4075906921875 0.3517391703125 0.4162074203125 0.356201084375 0.42693034531249996 0.355079625 0.45204469999999997 0.36035654687499996 0.46003437812500003 0.35297232031250003 0.48252426249999997 0.3482491546875
1 0.4626556921875 0.29630096250000004 0.48816889999999996 0.28787438125000003 0.46782147343749997 0.285768396875 0.4582694890625 0.280049409375 0.42028974999999996 0.2827230953125 0.41336223906249997 0.2870041921875 0.41704887187499995 0.2939011484375 0.4373419125 0.2978757890625 0.4468938953125 0.3035947796875 0.45367637031249997 0.304296771875 0.4626556921875 0.29630096250000004
1 0.4806036921875 0.24728505781250001 0.48073059999999995 0.24292485312499998 0.4924975609375 0.23932314843750002 0.49075395625 0.23244879531249998 0.45874834687500005 0.23020719843749998 0.4217038640625 0.2341379609375 0.41186180625 0.238385153125 0.40979186875 0.24272275312499997 0.422276528125 0.2478527609375 0.4561889078125 0.2513627328125 0.4766632421875 0.24910851093750003 0.4806036921875 0.24728505781250001
1 0.432651834375 0.1918946984375 0.4706315703125 0.1892210125 0.49220432968749994 0.1826178859375 0.4662634953125 0.17234657343749998 0.448721834375 0.1740118109375 0.43211543125 0.17693412343749998 0.4163173734375 0.1854737140625 0.432651834375 0.1918946984375
1 0.4786724828125 0.11329668125 0.46131211875 0.10873305625 0.42703714374999996 0.1176808109375 0.4259205921875 0.12265260156249999 0.43066938906249996 0.1264464234375 0.4461592421875 0.1284959015625 0.453822584375 0.1323236296875 0.45769051406249994 0.1329917203125 0.4774834109375 0.12076001562500001 0.48048860312499997 0.11767948749999999 0.4786724828125 0.11329668125
1 0.49100894687499996 0.056738334375 0.4532286375 0.052560270312500004 0.43279056093749996 0.0535687203125 0.421922596875 0.059673270312500006 0.42467397656249994 0.06531315 0.435197475 0.0710434421875 0.46051125624999995 0.0694686125 0.48883023124999997 0.06481325624999999 0.485071078125 0.0604078453125 0.49100894687499996 0.056738334375
1 0.6413553796875 0.9682092421874999 0.6326661328125 0.9662388734375 0.6280079828125 0.9593306171875 0.636878528125 0.9550721234375 0.6379588203125001 0.9513461062499999 0.5699346328125 0.9511779109375 0.56401489375 0.9542245359375 0.5618724375 0.9610536843749999 0.5713881640625 0.9680184453124999 0.5878132703125 0.9713249984375001 0.6248577515625 0.9673942375 0.6413553796875 0.9682092421874999
1 0.6268413734375 0.8658524578125 0.617035575 0.8688538781249999 0.6035612687499999 0.8643354578125001 0.5948176328125 0.8642337484375 0.5545866609375001 0.8774739 0.555340621875 0.8849598375 0.562967703125 0.8900333375 0.6008749234375 0.8898511953125 0.6391084765625 0.8784571015625 0.639199125 0.8753426687499999 0.6268413734375 0.8658524578125
1 0.5933715921875 0.8137460484375 0.6061463265625 0.808909871875 0.6168329906250001 0.809034184375 0.6169599 0.80467398125 0.6287449890625 0.8004493874999999 0.5902107187500001 0.7887853890625001 0.5677208328125001 0.793508553125 0.5560989109375 0.7921271640625 0.54715585 0.79887720625 0.5479823265625 0.8038715984374999 0.5555731515625 0.8101908703125 0.5769646140625 0.8098166093750001 0.5933715921875 0.8137460484375
1 0.5948475828124999 0.7296450859375 0.5891997875 0.7233484156250001 0.5833706984375 0.7232806093749999 0.5685985453125 0.7299628421875 0.5540983359375 0.7273017796875 0.5530180437500001 0.7310277968750001 0.5441656296875 0.734663403125 0.5459273640625 0.7409148703125 0.5612721781250001 0.7479474374999999 0.5962648515625 0.74773139375 0.6285605359375 0.740006809375 0.5948475828124999 0.7296450859375
1 0.6127955828125 0.6806291828125001 0.6099716859375001 0.677480846875 0.61308565625 0.6706630015624999 0.589033465625 0.66228295 0.557009725 0.6606642390624999 0.5443075125 0.66300886875 0.5353825796875 0.669136021875 0.5362090578125 0.6741304140625 0.5468050734375 0.677369159375 0.5614321906249999 0.6756700171875 0.608837003125 0.683075525 0.6127955828125 0.6806291828125001
1 0.529477815625 0.6048883171874999 0.53034055 0.6086369359375 0.547628396875 0.61569210625 0.5718437562500001 0.6184661828125 0.582747978125 0.6111158578125 0.60136993125 0.605724603125 0.5782529953125 0.5986016249999999 0.5423613265625 0.5963148234375 0.529477815625 0.6048883171874999
1 0.5380551265625 0.5439245609375 0.5310188375 0.5519429765625 0.5512937453125 0.55654050625 0.577506521875 0.557468521875 0.59830719375 0.5440023468749999 0.5926050109375 0.539574334375 0.5673818765624999 0.5380347328124999 0.5487599234375 0.5434259875 0.5380551265625 0.5439245609375
1 0.52779293125 0.4958266953125 0.5452258140625 0.4978987765625 0.5676069203125 0.49691293124999997 0.60101915625 0.4842165546875 0.6002833265625 0.4761077328125 0.5506272796875 0.479268690625 0.5270027109375001 0.4895865328125 0.52779293125 0.4958266953125
1 0.5711528484375 0.40847436718749996 0.5497976453125 0.40760285625000003 0.5311575625 0.4136169984375 0.5300228796875001 0.41921167343750004 0.5386758687500001 0.422427815625 0.596839865625 0.42746608906250005 0.601715571875 0.42689970937500005 0.607889125 0.4151326734375 0.5962309453125 0.4149970609375 0.5711528484375 0.40847436718749996
1 0.602992134375 0.3496504984375 0.597289953125 0.3452224875 0.5779140390624999 0.34312780468750004 0.531190665625 0.34569978125 0.5242812812500001 0.349357990625 0.5231466 0.35495266718749996 0.5404344453125 0.3620078375 0.5491418218749999 0.3633553203125 0.5793675687500001 0.35996833906250003 0.5980076515625 0.353954196875 0.602992134375 0.3496504984375
1 0.5425556171875 0.2891301328125 0.546369159375 0.29166688125 0.5736078421874999 0.2907375421875 0.6029164609375 0.28547060156250004 0.5846571 0.278404128125 0.5700843734375 0.2782346109375 0.543780946875 0.280421025 0.5425556171875 0.2891301328125
1 0.54411476875 0.23556190625 0.5401018 0.2398769046875 0.542907565625 0.24364812656249998 0.5885325171875 0.24542505312500001 0.6168333640625 0.2413925828125 0.617968046875 0.23579790625000002 0.6045662593750001 0.22878794062500002 0.5804234203124999 0.22352232187499999 0.54411476875 0.23556190625
1 0.592778015625 0.16634108593750002 0.5694072640625001 0.16793851875000002 0.5477801171875 0.17641030156249998 0.5456739203125001 0.1819936765625 0.5504589765625 0.184541728125 0.5902004468750001 0.18811950625 0.6001331546875 0.1807578828125 0.619617846875 0.1791152453125 0.620680009375 0.1760121171875 0.592778015625 0.16634108593750002
1 0.6302288375 0.1150596609375 0.5710389359375 0.11187874687499999 0.553406625 0.1166584140625 0.55520461875 0.1216641078125 0.5629042203125 0.12424606406250001 0.598777759375 0.1271557515625 0.6302288375 0.1150596609375
1 0.5631367515625 0.049477095312500004 0.560113428125 0.0531805125 0.5628466765625 0.059443278125 0.615399140625 0.056939109375 0.6203292328125001 0.05450406875 0.6204742703125 0.049520978125 0.6138549624999999 0.043213007812499996 0.5984195 0.0392948703125 0.5631367515625 0.049477095312500004
1 0.7036966875 0.7963364875 0.71251284375 0.7939466515625 0.7376271984375 0.7992235734375 0.7698503624999999 0.793990534375 0.7595081625 0.7820313796875 0.7373083515625 0.7767883624999999 0.6964684578125 0.7775594859375 0.6875253953125 0.7843095265625 0.6883518734375 0.78930391875 0.696051475 0.7918858734375 0.6986759453125 0.8018859578124999 0.7036966875 0.7963364875
1 0.7095770124999999 0.727864190625 0.7162325796875 0.732926390625 0.750380646875 0.7283388390625001 0.7534764890625001 0.7221438796874999 0.7662512234375 0.717307703125 0.7525774921874999 0.7196410328125 0.7400384437499999 0.7163796859375 0.735398425 0.7088485437500001 0.7188282796875 0.7105250828125 0.7004420125 0.707818815625 0.685742375 0.7120095015625 0.68561546875 0.7163697078125 0.6970560953125 0.723979959375 0.7095770124999999 0.727864190625
1 0.7183537515625 0.660048684375 0.7476805015625 0.6541588546875 0.7592842937500001 0.6561631296875 0.7497323109375 0.650444140625 0.7227474421875 0.642653071875 0.71995980625 0.6382589624999999 0.7221022625 0.631429815625 0.7192239765624999 0.6301501390625 0.7132498484375 0.6350654234374999 0.690705575 0.641657246875 0.6847495765625 0.6459496453125 0.68654756875 0.6509553390625 0.70673183125 0.6586672984375 0.7183537515625 0.660048684375
1 0.7452448140625 0.6042827421875 0.75607651875 0.5994239625 0.72425220625 0.5909535015625 0.7128478406250001 0.5820974796875 0.704049815625 0.583864428125 0.694588478125 0.5750310078124999 0.688705 0.576831859375 0.6809691375 0.575495678125 0.673878459375 0.5853827515625001 0.67567645 0.5903884453125 0.6996198640625 0.6025058140625 0.722845578125 0.605891475 0.7452448140625 0.6042827421875
1 0.7708273875 0.5266931734375 0.7475472828124999 0.525176171875 0.734145496875 0.5181662078125 0.7234950921875 0.5167961203125 0.7155960625 0.5210659171875001 0.6950492078125 0.5258116828125 0.692044015625 0.5288922109375 0.6938601359375001 0.53327501875 0.7150703015625 0.5391296203125 0.7296248984375 0.539922025 0.7523142093749999 0.5283471109375 0.7708273875 0.5266931734375
1 0.7705522859375 0.469365025 0.7696895484375 0.46561640468750004 0.7348237828124999 0.461472246875 0.7026912656250001 0.46359085312500004 0.6918776906249999 0.46782674531249996 0.6917145234375 0.4734327234375 0.7225491921875 0.48251476875000004 0.7361322734375 0.4832958703125 0.7567153875 0.47730433281250007 0.761754259375 0.47113197500000004 0.7705522859375 0.469365025
1 0.683957378125 0.4060479828125 0.6808615359375 0.41224294375000003 0.693328065625 0.417995834375 0.731090246875 0.422796784375 0.76430305625 0.4169521609375 0.75872778125 0.4081639453125 0.7355020671875 0.404778284375 0.6898589875 0.40362424375000006 0.683957378125 0.4060479828125
1 0.6751018078125 0.3430121453125 0.68263824375 0.351200078125 0.7154340718750001 0.359681840625 0.7445795265624999 0.36002087656250004 0.7408385015625 0.35499257968750003 0.7556106546875 0.3483103484375 0.72769053125 0.3392622046875 0.6878584125 0.33879885625 0.6751018078125 0.3430121453125
1 0.7300036421875 0.293179915625 0.7506048843750001 0.2865654890625 0.7459104765625 0.28090300468749996 0.7420244171875 0.2808578 0.73929116875 0.274595034375 0.7238013140625 0.27254555625 0.6857309296875 0.278333675 0.6797930609375 0.28200318593749996 0.6815910546875 0.2870088796875 0.6951197484375 0.2896586421875 0.69693586875 0.29404145000000004 0.7300036421875 0.293179915625
1 0.7076918984375 0.225002771875 0.7339046765624999 0.22593078906250003 0.7544334015625 0.221807909375 0.75844636875 0.217492909375 0.7266039265625001 0.209645334375 0.689686353125 0.20921589062499998 0.6875076375 0.21729081093749997 0.7076918984375 0.225002771875
1 0.6962299890625 0.1513439640625 0.689320603125 0.1550021734375 0.6881859218749999 0.1605968515625 0.69293471875 0.16439067499999999 0.71518891875 0.16776503125 0.7520702328125 0.1694402484375 0.7599692625000001 0.1651704546875 0.748546765625 0.15693731718749998 0.7350905921875001 0.15179600937499999 0.6962299890625 0.1513439640625
1 0.734960528125 0.08948477031249999 0.696998921875 0.09153557031250001 0.6871568625 0.095782765625 0.687048084375 0.0995200828125 0.6946389078124999 0.10583935468750001 0.7062427 0.107843628125 0.7345072859374999 0.10505693125 0.752139596875 0.10027725937500001 0.756134434375 0.096585146875 0.734960528125 0.08948477031249999
1 0.7364471609375001 0.0384080890625 0.703433778125 0.0374009640625 0.6926927218750001 0.039145309375 0.688552846875 0.0478205140625 0.707874371875 0.05178385625 0.7535174515625 0.052937895312500004 0.7364471609375001 0.0384080890625
1 0.7655504765625001 0.874943159375 0.758659221875 0.8779784828125001 0.7451667890625 0.8740829484375 0.7375940937500001 0.8671407906249999 0.7181094046875 0.8687834265625 0.6899717234375 0.8672099187500001 0.6868758828125 0.8734048781249999 0.690580646875 0.8796789484374999 0.715495575 0.89180761875 0.740773096875 0.8914785625 0.760493475 0.8817384046875001 0.7655504765625001 0.874943159375
1 0.75626610625 0.9601994843749999 0.7486934109375001 0.9532573234375 0.7086437359375 0.9602686125 0.7064650203125 0.968343534375 0.714110234375 0.9727941484375 0.7238072546875001 0.9735300453125 0.7324421140624999 0.9773690734375 0.7557766046875 0.977017415625 0.773390784375 0.9728606328125 0.7677973796875001 0.9646953015624999 0.75626610625 0.9601994843749999
1 0.9230084421875 0.8742824015625 0.8813601999999999 0.8694362468750001 0.8686398546874999 0.8724037625 0.8675233015625 0.877375553125 0.8741063515624999 0.8849292984374999 0.8837489859375 0.8875338546875 0.8865003640625 0.8931737359374999 0.8972232890624999 0.892052275 0.9359932437499999 0.8956187531250001 0.9428844984375001 0.8925834296874999 0.9230084421875 0.8742824015625
1 0.922795215625 0.7814384296875 0.8916886046875 0.7816996781250001 0.8849605171875 0.779129025 0.8761443640625 0.781518859375 0.87400190625 0.7883480078125 0.8768076734375001 0.7921192296874999 0.897064453125 0.79733964375 0.9222331968749999 0.8007479046875 0.9506609515625 0.79235523125 0.9449587671874999 0.7879272203125 0.922795215625 0.7814384296875
1 0.9236910578125 0.7172698296875 0.9404062421875 0.7106102015625 0.9366652171875 0.7055819062500001 0.928965615625 0.7029999515625 0.8911127859375 0.7013134328125 0.877602221875 0.6980407843750001 0.8618766843750001 0.7040888296875 0.8655814484375 0.7103628984375 0.8761230781249999 0.7154703015625 0.905050975 0.7232839734375001 0.9149292921875001 0.7177910078124999 0.9236910578125 0.7172698296875
1 0.8767182 0.628243609375 0.8573604171874999 0.6255260390624999 0.8534380968749999 0.62672660625 0.8532568015625 0.632955471875 0.8666041953124999 0.641834096875 0.8859982390625 0.6433058921875 0.903304215625 0.6497381765625 0.9406931578125001 0.6339725765625001 0.9010423375000001 0.6272803640625 0.8767182 0.628243609375
1 0.9315293859375 0.5815258078125 0.9084124499999999 0.5744028296875 0.9018112703125001 0.5674719734375 0.86093511875 0.5694888687499999 0.8559325046874999 0.5744154531250001 0.85771236875 0.580044034375 0.8798396593750001 0.587778596875 0.8992155734375 0.589873278125 0.9139877249999999 0.583191046875 0.9343351546875001 0.5852970281250001 0.9315293859375 0.5815258078125
1 0.861160159375 0.5283670671875 0.9018550171875 0.532579034375 0.9126504609375001 0.5289660296875 0.9291843468750001 0.5285352609375 0.901354875 0.5163726875 0.8674787531250001 0.5116169421875 0.850799828125 0.5170308 0.861160159375 0.5283670671875
1 0.8418536124999999 0.45710939531249994 0.8436334750000001 0.462737975 0.8657607640625 0.4704725390625 0.909460815625 0.4716039765625 0.9096421109374999 0.4653751125 0.923315840625 0.4630417828125 0.8924993046875 0.4533368515625 0.8458484484375 0.45341728281250004 0.8418536124999999 0.45710939531249994
1 0.9108642874999999 0.3899945609375 0.9090662921874999 0.38498886875 0.917037840625 0.378227528125 0.9092657187500001 0.3781371171875 0.899441790625 0.381761425 0.8731927531249999 0.3820791796875 0.846744290625 0.389248684375 0.8446199640625001 0.3954549453125 0.8561512359375 0.399950765625 0.8930325515625 0.40162598125000004 0.902030003125 0.39300728125 0.9108642874999999 0.3899945609375
1 0.8328317203125 0.33300809375 0.8375261265624999 0.338670575 0.8624229265625001 0.35142213437500003 0.8818169703125 0.3528939296875 0.89660725 0.34558880937500003 0.870702678125 0.3340717265625 0.8514174125 0.3288626125 0.8358731718750001 0.3286817921875 0.8328317203125 0.33300809375
1 0.902596353125 0.2733791953125 0.8843369937500001 0.26631272500000003 0.8561811859375 0.2653621046875 0.834662815625 0.2700965703125 0.8373779328125 0.27698222499999997 0.8537849124999999 0.28091166093750003 0.8614301265625001 0.285362275 0.8983839578125 0.284545946875 0.9081716296875 0.2821674125 0.9092156625 0.27968716875 0.902596353125 0.2733791953125
1 0.836385134375 0.21092236562500002 0.837229740625 0.21529387187500001 0.8488154046874999 0.2179210296875 0.8797769796875 0.22264287343750003 0.884743334375 0.218962059375 0.9131348265625 0.21181515625 0.8861499609375001 0.2040240859375 0.8492142578124999 0.20421753125 0.836385134375 0.21092236562500002
1 0.9002844187499999 0.1524714328125 0.9004475859375001 0.14686545625 0.8820975765625001 0.1429134171875 0.8595533046874999 0.14950524062499998 0.8390789671875 0.15175946093749998 0.833014190625 0.1597891765625 0.845535109375 0.1636734109375 0.8853672296875 0.16413675781249998 0.8999762140625001 0.163060503125 0.9137043328125 0.1588585125 0.9002844187499999 0.1524714328125
1 0.9020067375 0.09329722968750001 0.8865894031250001 0.08875620625 0.8467028937500001 0.0901615171875 0.8368970953125 0.0931629375 0.8348634171875 0.0962547671875 0.837632925 0.10127176093750001 0.8453687875 0.10260794375 0.8774106546875 0.10360376874999999 0.9057658906249999 0.0977026375 0.91366491875 0.09343284375000001 0.9020067375 0.09329722968750001
1 0.8894389171875 0.0576344890625 0.9001255828125 0.057758801562499996 0.89636643125 0.0533533921875 0.8993897531249999 0.0496499796875 0.8945684375 0.0483477 0.89478599375 0.0408730625 0.8987808312500001 0.037180951562499995 0.8686638640625001 0.0368306140625 0.8335624125000001 0.040783978124999995 0.8265442500000001 0.0481795046875 0.8361143640625001 0.053275609375 0.883700475 0.05445225 0.8894389171875 0.0576344890625
1 0.871531940625 0.9733791625 0.8831176015625 0.976006321875 0.8947757828125 0.9761419359374999 0.9150325640625001 0.9813623515625001 0.9306493234375001 0.9790516234375 0.9268720406250001 0.9752691015625 0.9289057203125 0.9721772718749999 0.9367322296875 0.970399021875 0.9370766937499999 0.9585641796875001 0.9167473953125 0.9558353109375 0.8904802281249999 0.956775953125 0.8847236562499999 0.9542166015625 0.872974825 0.9571954187499999 0.8670188281250001 0.9614878156250001 0.86678314375 0.9695853390625 0.871531940625 0.9733791625