1 0.9869411328125001 0.106012665625 0.9893247046875 0.1139739453125 0.98955781875 0.1069808234375 0.9938030734375 0.10293686718749999 0.9959365921875 0.0846038109375 0.9937722593749999 0.0474134171875 0.9906096515625 0.037064496875000005 0.983632359375 0.027159456250000002 0.9748514625 0.030257601562500003 0.9755459656250001 0.07518784843750001 0.981475453125 0.1000845390625 0.9869411328125001 0.106012665625
1 0.9100723703125 0.028016098437499998 0.90210455 0.04508559375 0.9014640890625 0.0560779765625 0.90419531875 0.0810119125 0.911056453125 0.08892104843750001 0.9183813984375 0.1157987453125 0.9232671140625 0.1007624046875 0.9304775171875 0.103674325 0.9281536359375 0.074741128125 0.91862015625 0.031911075 0.9138522046875 0.0269734515625 0.9100723703125 0.028016098437499998
1 0.8442438640625 0.062736115625 0.8511606593750001 0.10459801093750001 0.8594761359374999 0.104501171875 0.8581395609375001 0.0925331828125 0.8654677312500001 0.0754711375 0.8621549296875 0.05154260468750001 0.8539572156249999 0.031665478125 0.8469210437499999 0.0317474171875 0.8442438640625 0.062736115625
1 0.7849909453125 0.0344658859375 0.782312959375 0.0764395171875 0.793244315625 0.088295771875 0.7971967703125 0.11221685625 0.8027810203125 0.087186084375 0.8133639140625 0.0930546171875 0.809381615625 0.07961949375 0.8090629984375 0.063145815625 0.793132190625 0.0313751875 0.7885965500000001 0.030429378125 0.7849909453125 0.0344658859375
1 0.7168393625 0.02926776875 0.719221321875 0.059198918749999996 0.72561623125 0.0810943 0.7388730828125001 0.099913878125 0.74271099375 0.09986918593750001 0.732307165625 0.031084896875 0.7274811406249999 0.0251493203125 0.7204449671875001 0.0252312609375 0.7168393625 0.02926776875
1 0.6556650687500001 0.03397469375 0.651302853125 0.0470076796875 0.65484715625 0.0859129609375 0.664672634375 0.111762909375 0.680315475 0.1055889609375 0.6770615546875 0.071673446875 0.6662479640625001 0.039843228125000005 0.6593868296875 0.031934090625 0.6556650687500001 0.03397469375
1 0.585360609375 0.0467769796875 0.5821615437500001 0.0577991625 0.5855316171875 0.0937105828125 0.59343975 0.0976130078125 0.5974510875 0.11154710937500001 0.603441875 0.093502009375 0.6015826078125001 0.0725524375 0.5964089265625 0.04964420625 0.590361671875 0.044721482812500005 0.585360609375 0.0467769796875
1 0.509180709375 0.0906052109375 0.5183665359375 0.1164626078125 0.5296503828125 0.0793819046875 0.517033990625 0.0495699390625 0.509183934375 0.0466654671875 0.50604294375 0.058685603125 0.509180709375 0.0906052109375
1 0.4380051 0.0884381984375 0.44387570312499997 0.1233218703125 0.4493421875 0.11826506249999999 0.45201695 0.1202311734375 0.45649612656249994 0.0982091578125 0.455391859375 0.0902329796875 0.4483000265625 0.056362159375 0.44062419999999997 0.056451546875 0.4380051 0.0884381984375
1 0.37322842343749996 0.053241889062500006 0.3695639375 0.067265378125 0.3713062453125 0.0972039796875 0.38589967187499996 0.12799155 0.38549393906249996 0.1100209421875 0.39247283906249997 0.0979561125 0.39119434218750004 0.0869860734375 0.3833450921875 0.07309666718749999 0.3817181328125 0.056138910937499995 0.37322842343749996 0.053241889062500006
1 0.307517684375 0.0679879390625 0.3034466578125 0.07502575624999999 0.30356200625 0.0880065984375 0.3107699921875 0.12387332656250001 0.31286317812500003 0.1268448390625 0.3255400671875 0.12469995 0.3278655625 0.131663275 0.32618133125000004 0.10272262968749998 0.31722861875 0.069872109375 0.3118210171875 0.0649419359375 0.307517684375 0.0679879390625
1 0.245470625 0.0796954359375 0.24721212656249997 0.120618971875 0.2531416140625 0.14551566093749999 0.26465696250000004 0.1234117046875 0.2634954234375 0.10345263906249999 0.258379821875 0.0815423609375 0.24884392187499998 0.071667115625 0.245470625 0.0796954359375
1 0.2001706734375 0.09320516250000001 0.19743702968750002 0.101226034375 0.200925675 0.1061785546875 0.2001706734375 0.09320516250000001
1 0.1369031953125 0.094940575 0.1382389640625 0.117893503125 0.14620436718750002 0.1337788140625 0.148296746875 0.1477352625 0.15382292343749998 0.1217065359375 0.1603944796875 0.1136409703125 0.1511513828125 0.07580068281249999 0.14812815937499998 0.0678468546875 0.142952865625 0.0669084921875 0.1369031953125 0.094940575
1 0.0817172734375 0.1145572078125 0.0827053859375 0.120537478125 0.09462485625 0.1383740046875 0.10055676093749999 0.13031588593750001 0.1038727890625 0.11030467656250001 0.0993387578125 0.08738899375 0.0943385015625 0.0784595578125 0.0880581328125 0.0805299578125 0.0817172734375 0.1145572078125
1 1 0.18458972812500002 0.9964730015625 0.170812590625 0.9903676718750001 0.1648919109375 0.9847850328125001 0.1679528140625 0.9809463140625001 0.17898244375 0.9843163890625 0.21489386562499999 1 0.246623753125 1 0.18458972812500002
1 0.9137812343749999 0.20173446875 0.916280153125 0.22267659062499998 0.9264548984375001 0.2435293234375 0.9356431421875 0.23643191406250003 0.9491339109375 0.2372734359375 0.9342501015625 0.201496096875 0.9297160703125 0.1785804171875 0.9235526640625 0.1716617859375 0.917970025 0.1747226859375 0.9137812343749999 0.20173446875
1 0.8510388640625 0.17949665312500002 0.8491771781249999 0.1915018890625 0.855162325 0.25035133906249996 0.8641755328125 0.2512450046875 0.864407840625 0.2552368203125 0.86824575 0.255192125 0.8734218515625001 0.24514555 0.868716009375 0.1862812015625 0.8635415203125 0.17435790625 0.855167965625 0.1734567890625 0.8510388640625 0.17949665312500002
1 0.7839342765625 0.170291825 0.7806190578125001 0.17931809999999998 0.7802101015625 0.2052872328125 0.7828840578125 0.21823827968749998 0.795151990625 0.242062525 0.7963143328125 0.25103665468749997 0.799864278125 0.2130473875 0.7988197 0.1840992921875 0.794865634375 0.18214808124999998 0.7884118421874999 0.17023968125 0.7839342765625 0.170291825
1 0.716247309375 0.17307733281249998 0.71729108125 0.21301036562500003 0.7234544890625 0.219928996875 0.734559271875 0.24576404687500003 0.73549091875 0.22877649375 0.7379914515625 0.22774874375 0.740667825 0.20774498281249998 0.7355522203125 0.18583470468750002 0.7252613218749999 0.1629860640625 0.71962060625 0.1650490140625 0.716247309375 0.17307733281249998
1 0.6469898484375001 0.1818729109375 0.6504768796875 0.208795303125 0.6582091703125 0.23167373750000003 0.66873479375 0.22555938437499998 0.672575125 0.192559884375 0.6574582 0.163775665625 0.6479795734375 0.1658833109375 0.6469898484375001 0.1818729109375
1 0.5861656281250001 0.170597684375 0.6000008296875 0.232351603125 0.6021529 0.225336134375 0.608723653125 0.22825550312499998 0.6067490359375001 0.194325090625 0.5968074062500001 0.1664792359375 0.592155609375 0.1635375203125 0.5861656281250001 0.170597684375
1 0.5101615703125 0.1954499015625 0.5114384578125 0.228389809375 0.5169614078125 0.24630082656250002 0.5226013171874999 0.2552228140625 0.5287082578125 0.2391736234375 0.528071021875 0.20622626249999998 0.5250478000000001 0.198272434375 0.52504860625 0.1872874984375 0.5176067 0.1693988296875 0.5132452890625 0.1714468796875 0.5101615703125 0.1954499015625
1 0.43293709218750004 0.21033003749999998 0.4324708640625 0.22431628125 0.44322637968749995 0.2551485484375 0.44392330312499995 0.2671239859375 0.44793625312499996 0.2590882171875 0.45328819375 0.23006562968750002 0.4521274625 0.199121628125 0.4473603171875 0.1831990703125 0.4396844921875 0.183288459375 0.43293709218750004 0.21033003749999998
1 0.3726347609375 0.219021325 0.3738543765625 0.2399783453125 0.37966851562500004 0.25189419218750003 0.39414659375 0.26970092343749996 0.39153313125 0.224793021875 0.3857197984375 0.20189223906249998 0.38095184843749996 0.196954615625 0.37507802031250004 0.20601068749999998 0.3726347609375 0.219021325
1 0.315182225 0.22168764843750002 0.3136093125 0.2606525234375 0.3208197171875 0.26356444375 0.3232032875 0.27152572343750003 0.33314895 0.24444689999999997 0.33094121875 0.21750960937500002 0.324487428125 0.20560121250000002 0.319312134375 0.20466285 0.315182225 0.22168764843750002
1 0.3209278109375 0.3754097078125 0.32982405625 0.3852924015625 0.33523085468749997 0.4012075109375 0.3368013484375 0.3951974453125 0.34703578125 0.395078259375 0.3372699921875 0.34825639375 0.3288980515625 0.32538540625 0.32081488125 0.32947405625 0.3209278109375 0.3754097078125
1 0.25702390468749997 0.333212825 0.2574869078125 0.3631663234375 0.2642875484375 0.4030323125 0.2703356078125 0.39697010312500003 0.272603025 0.40293547500000004 0.274989015625 0.377941946875 0.2724909 0.3460148890625 0.2660959921875 0.324119509375 0.25952524062500004 0.3212001390625 0.25702390468749997 0.333212825
1 0.25784665156250003 0.2153649453125 0.25412328125 0.2393754171875 0.25662139375000004 0.27130247343749997 0.2617369984375 0.293212753125 0.266971175 0.28416413125 0.2741235015625 0.2860780984375 0.2763933375 0.2590886625 0.267673740625 0.219245021875 0.264243171875 0.2152904546875 0.25784665156250003 0.2153649453125
1 0.2054451984375 0.326823078125 0.200791790625 0.345851234375 0.2046861671875 0.36877436406249997 0.21294195624999998 0.38964944375 0.21910778125000002 0.36361326875 0.21765505312500003 0.3496493703125 0.213295253125 0.32972755 0.20986468593750002 0.3257729828125 0.2054451984375 0.326823078125
1 0.195508403125 0.233067609375 0.1959141359375 0.25103821875 0.1924827609375 0.2580685875 0.20364481250000002 0.295886525 0.21085763281249997 0.2658436375 0.2083595203125 0.23391658125 0.2038246859375 0.2219858359375 0.1994051984375 0.2230359328125 0.195508403125 0.233067609375
1 0.129849290625 0.3366910984375 0.131649675 0.3676276515625 0.1429867640625 0.397454515625 0.14670852343750002 0.39541391406250004 0.14798863281250002 0.38441408125 0.15502480624999998 0.384332140625 0.14717797500000002 0.337487928125 0.1417711796875 0.32157281875 0.13473500624999998 0.3216547578125 0.129849290625 0.3366910984375
1 0.127065628125 0.2338646609375 0.1268905921875 0.24185573593749998 0.139390025 0.28065673125 0.1387495671875 0.291649115625 0.14090083281250002 0.29561858124999996 0.1443133828125 0.280932271875 0.1546835984375 0.2794799984375 0.14788376406249998 0.2286290734375 0.142011546875 0.2157152734375 0.136836253125 0.2147769125 0.127065628125 0.2338646609375
1 0.083745128125 0.21539518750000003 0.0786279109375 0.21545477812499997 0.07606849843749999 0.22646951249999997 0.0780431140625 0.26039992500000003 0.08984642968749999 0.27624054375 0.10682584531249999 0.2820345875 0.1075824578125 0.273038109375 0.0979304046875 0.2611669578125 0.0878734265625 0.22034025937499999 0.083745128125 0.21539518750000003
1 1 0.3075589359375 0.99919616875 0.30559588125000003 0.9922180734375001 0.306675775 0.9881470484375001 0.3137135921875 0.98878589375 0.324691078125 0.9844809484375 0.349706953125 1 0.3888712640625 1 0.3075589359375
1 0.9059795828125001 0.331647178125 0.9093520749999999 0.33460379218749997 0.9112121484375001 0.344568428125 0.9129544562499999 0.374507028125 0.9253401531250001 0.3783573078125 0.9295854109375 0.3743133515625 0.9327852828125 0.3523062359375 0.93104216875 0.3333525703125 0.9215070765625001 0.3124923890625 0.9131915984375001 0.3125892265625 0.9059795828125001 0.331647178125
1 0.8438776718750001 0.298416978125 0.8438163703124999 0.34135876718749997 0.8496877812499999 0.3652575046875 0.8547461171874999 0.37518489375 0.8587001828125 0.37713610468750003 0.8624800171875 0.376093459375 0.863410859375 0.3700908390625 0.8711447625 0.3709994046875 0.868181228125 0.34207365625 0.860507821875 0.3092082390625 0.85143734375 0.2963316828125 0.8438776718750001 0.298416978125
1 0.7829937640625 0.3081136703125 0.779968928125 0.3221297109375 0.7825251171875001 0.3550547234375 0.7922933249999999 0.36892178124999997 0.7968862359375 0.38185048125 0.8046790234375001 0.37277206406249996 0.8036925203124999 0.3448219203125 0.7979372640625 0.322919090625 0.7933443515625 0.3099903921875 0.7886344796875 0.30605072031249997 0.7829937640625 0.3081136703125
1 0.7083875828124999 0.301992090625 0.712978078125 0.34787559687499997 0.721000753125 0.3757437984375 0.7236755140625 0.377709909375 0.725594471875 0.3776875625 0.7272238484375 0.3616905125 0.732225715625 0.34865007812500004 0.7293210640625001 0.30973734531249997 0.7207740859375 0.29485743593749997 0.7135047984375 0.3019324984375 0.7083875828124999 0.301992090625
1 0.6464566781250001 0.31569549375 0.65046479375 0.3735693375 0.65494155 0.384502128125 0.6687815890625 0.3803464359375 0.6702375421875 0.350370590625 0.6651808203125 0.31847332968750003 0.6587851046875 0.30756288593750003 0.65180700625 0.30864277812499996 0.6464566781250001 0.31569549375
1 0.5876667624999999 0.3173787609375 0.5851073484375 0.32839349375000004 0.5889428437500001 0.36130360625 0.5971413609375 0.3701957984375 0.605455225 0.3920688296875 0.6092358671875 0.38004124687499996 0.60260945625 0.34316911875 0.60394764375 0.33316723593750003 0.6006332296875 0.3312085765625 0.59243551875 0.3113314484375 0.5876667624999999 0.3173787609375
1 0.5167226515625 0.3301885 0.5151505453125 0.3581684390625 0.5219519921875 0.3870494921875 0.5338730765624999 0.38291614375 0.5375956390625001 0.3698906078125 0.537828753125 0.3628974859375 0.5309684234375001 0.344003415625 0.5307369203125 0.32902666406250003 0.5279460046875 0.3250646484375 0.5208517546875 0.3241486359375 0.5167226515625 0.3301885
1 0.4500213796875 0.3719090859375 0.4597887796875 0.3967610828125 0.4627547328125 0.392732021875 0.462814421875 0.3717601046875 0.457293084375 0.3318792171875 0.45229282812499993 0.32294978125 0.446302846875 0.33000994375000003 0.4500213796875 0.3719090859375
1 0.37803510937499996 0.3228159203125 0.3753006578125 0.341821728125 0.3779738078125 0.3657577109375 0.38855509062500004 0.39359611562499996 0.3918130390625 0.372586953125 0.3918154578125 0.3396321453125 0.3850132046875 0.3217360265625 0.38041948593749997 0.3197922625 0.37803510937499996 0.3228159203125
1 0.07675736250000001 0.3482943078125 0.073209834375 0.35332876875 0.074372178125 0.3623029 0.079895934375 0.36922898125 0.0831514640625 0.381174625 0.0931519796875 0.3990334984375 0.09245505625 0.38705805625 0.10094718124999999 0.357000271875 0.0942610828125 0.3411000609375 0.092982584375 0.33013002343750003 0.08873813281250001 0.32318904375 0.0811784625 0.32527433906250003 0.07675736250000001 0.3482943078125
1 1 0.4373030765625 0.9959301609375 0.4364544 0.99174298125 0.4414963125 0.991390490625 0.4904332703125 0.9961584406249999 0.49537089375 1 0.5040081468750001 1 0.4373030765625
1 0.9166705734375 0.4493609765625 0.9163196953125 0.4763280640625 0.92376079375 0.50520166875 0.9214336875000001 0.5202082140625001 0.9410910890625 0.484028625 0.9349284875 0.46612505625 0.9335338343749999 0.45315911406250003 0.92708004375 0.44125071406250005 0.9219628265625 0.44131030625 0.9166705734375 0.4493609765625
1 0.84421485 0.4581937984375 0.8472961515625 0.46714558124999994 0.848282653125 0.495095725 0.8561891749999999 0.5209680203125 0.8588639359375 0.5229341296875 0.8685764828125 0.502848428125 0.8707890484374999 0.46387610625000003 0.8699759703125001 0.449904759375 0.8671850546875 0.44594274375 0.8591026906250001 0.4390464578125 0.8507872125 0.4391432953125 0.84421485 0.4581937984375
1 0.782226675 0.45991431250000003 0.7822823343749999 0.493867071875 0.788038396875 0.5047849671875 0.79251435 0.5267026953125 0.8074038015625 0.48558548281249997 0.8031020812499999 0.46666161562499997 0.7940324078125001 0.4428001234375 0.789612921875 0.4438502203125 0.782226675 0.45991431250000003
1 0.716342509375 0.46068156718750003 0.71796946875 0.477639325 0.71581659375 0.495639728125 0.717617784375 0.515591346875 0.7212806609375 0.5235377296875 0.7302946718750001 0.513446459375 0.7351223109375 0.49741216406250005 0.7348916140624999 0.4714504796875 0.731694159375 0.46050278906250003 0.72797320625 0.45155845625 0.7208208796875 0.4496444890625 0.716342509375 0.46068156718750003
1 0.6466212375 0.45050858125 0.64429413125 0.46551512656250005 0.6488273546875 0.49941574375000003 0.6593505609375 0.5262561953125 0.6583632546875 0.5092909890625 0.6628997 0.4992518640625 0.6599950484375 0.46033913281250005 0.6548205609375 0.44841583749999997 0.6501687656249999 0.4454741203125 0.6466212375 0.45050858125
1 0.5742824734374999 0.4503523734375 0.5761401296875001 0.4932718171875 0.5843959187500001 0.514146896875 0.5836973828125 0.5241413265625 0.5855590703125 0.5121360921875 0.591374015625 0.513067003125 0.593934234375 0.4910673359375 0.592249196875 0.47311162500000004 0.5852727140625 0.4522216453125 0.5798651125000001 0.447291471875 0.5742824734374999 0.4503523734375
1 0.5151440984375 0.446047921875 0.5190360593750001 0.501925859375 0.516418565625 0.5119426390624999 0.5170574125 0.522920125 0.5238040078124999 0.5068634828125 0.5322945203125 0.49877556875 0.5337488625 0.4907695953125 0.5311926703125 0.457844584375 0.5231111125 0.439963365625 0.520494428125 0.43899520625 0.5151440984375 0.446047921875
1 0.4500746203125 0.43881665312499996 0.44832828437499994 0.4638027328125 0.4544303890625 0.513663153125 0.45815215 0.5116225515624999 0.467283121875 0.492542253125 0.472110759375 0.476507959375 0.47118072343749995 0.471525640625 0.45984363437500003 0.44169877812499997 0.455075684375 0.4367611546875 0.4500746203125 0.43881665312499996
1 0.38099219687499997 0.43962115468749996 0.3795935125 0.48157988749999997 0.3870346140625 0.5104534921874999 0.390756371875 0.5084128906250001 0.3945378203125 0.48540037187499996 0.40174902812499996 0.47732735625 0.3951218125 0.4514401640625 0.3957622703125 0.44044777812499997 0.3907620140625 0.431518340625 0.38262076718750004 0.434609040625 0.38099219687499997 0.43962115468749996
1 0.319466215625 0.4822801 0.3258038546875 0.4921925921875 0.3289424265625 0.513127265625 0.33638755625 0.48707619218750003 0.3441803421875 0.47799777343749994 0.34313414999999997 0.47101955 0.3367965140625 0.461107059375 0.331738984375 0.4401947328125 0.3244705046875 0.43628486093749996 0.320399478125 0.4433226765625 0.319466215625 0.4822801
1 0.2705066140625 0.44390370468749996 0.268235971875 0.481878075 0.27207146875 0.5147881859375001 0.27922379375 0.516702153125 0.282364784375 0.50468201875 0.2868423484375 0.504629875 0.2885289984375 0.500615715625 0.289867990625 0.47962889999999997 0.28463703906250004 0.44473777812500004 0.27876482187499996 0.4318239765625 0.2744034109375 0.43387202656249996 0.2705066140625 0.44390370468749996
1 0.2099703625 0.47057305156250007 0.2090967921875 0.48855855937500003 0.22089930156249998 0.5153841140625001 0.22665778281249999 0.4933472 0.227591040625 0.454389775 0.2202072125 0.437499059375 0.212181315625 0.4535706015625 0.2099703625 0.47057305156250007
1 0.15606696874999998 0.44623504374999995 0.151007828125 0.44729258906249997 0.1434457390625 0.482332690625 0.1489686890625 0.5002437078125 0.15356240625 0.5021874703125 0.1565864375 0.49915636562500004 0.168217940625 0.47904831718749996 0.1673459796875 0.475063953125 0.1630434515625 0.467125021875 0.1601952640625 0.451180115625 0.15606696874999998 0.44623504374999995
1 0.0852962828125 0.47302357656250005 0.0913991953125 0.5118990609375 0.09488864531249999 0.505866646875 0.0995985171875 0.509806315625 0.103031503125 0.480806078125 0.10344045937499999 0.45483694531249996 0.09704474375 0.4439264984375 0.0911136453125 0.44099968125 0.0853559703125 0.4520516578125 0.0852962828125 0.47302357656250005
1 0.926717075 0.6329918375 0.92723976875 0.6419734171875 0.9325304093750001 0.65589261875 0.92991291875 0.6659093984375 0.9402627000000001 0.6787710546875 0.9434609609375 0.6787338093749999 0.9533493500000001 0.6396720984375001 0.9517240031249999 0.60074446875 0.9461421703124999 0.5928204359375 0.9384082671874999 0.591911871875 0.926717075 0.6329918375
1 0.8507178546875 0.5919344421875 0.8526940812499999 0.6038949828125 0.848912634375 0.626907503125 0.8627494484374999 0.6666915515625 0.8665300890625 0.65466396875 0.87100765625 0.654611825 0.8703688093749999 0.6436343375 0.874731025 0.630601353125 0.86990580625 0.6136808406250001 0.8692677640625 0.59171841875 0.862406628125 0.5838092828125 0.857231334375 0.582870921875 0.8507178546875 0.5919344421875
1 0.787741565625 0.5876746859375 0.7839617296875 0.58871733125 0.7873914906249999 0.6036568359375 0.7812264718749999 0.618708075 0.7815749328125 0.6246957953125001 0.788319915625 0.6306090249999999 0.8005870421875001 0.66541820625 0.8069859828125001 0.632388909375 0.8055348640625001 0.596455140625 0.7975694609375 0.5805698265625 0.791056784375 0.5786484109375001 0.787741565625 0.5876746859375
1 0.717380640625 0.577509146875 0.7155770328125 0.5905123375 0.718772875 0.6234298984375 0.7285402765625 0.64828189375 0.7354022171875 0.6452060937499999 0.738774709375 0.6481627078125001 0.741101009375 0.6441410984375 0.73121906875 0.5953233250000001 0.7322668703125 0.5803316781250001 0.7284297625 0.5693914375 0.72325446875 0.568453078125 0.717380640625 0.577509146875
1 0.6487055609375 0.5743143859375001 0.6527733609374999 0.6112163125000001 0.66120338125 0.63508525 0.6658567890625 0.616057096875 0.6728937671875 0.604990221875 0.6688832359375 0.580071184375 0.660801678125 0.5621899640625 0.6569056890625 0.5612367046875 0.6487055609375 0.5743143859375001
1 0.594625515625 0.5799373250000001 0.5899721078125 0.5989654796874999 0.5927614140624999 0.6248973671875 0.5975874390625 0.63083294375 0.610440171875 0.6097120453125 0.6082324406249999 0.582774753125 0.6025352609375 0.561869878125 0.5946263234375 0.5689523890625 0.594625515625 0.5799373250000001
1 0.5278653624999999 0.6316448953125 0.536238915625 0.6325460078125 0.5476969953124999 0.5984591640625 0.547640528125 0.5754913421875 0.5446761890625 0.557550528125 0.5382215921875 0.5566270656250001 0.5287413515625 0.580704578125 0.5278653624999999 0.6316448953125
1 0.4550071296875 0.5785673640625 0.456924475 0.6005148890625 0.46483099687499996 0.6263871828124999 0.46552791875 0.6383626234374999 0.477332846875 0.6322333718750001 0.47768211406249994 0.6272361546874999 0.46971993437500004 0.5674111015625 0.4659989828125 0.558466765625 0.46030019062500005 0.559531759375 0.4550071296875 0.5785673640625
1 0.39046195781250004 0.558347803125 0.390051390625 0.6062868078125 0.393131884375 0.6262235281249999 0.3979579109375 0.632159103125 0.40214509062500003 0.6271171921875001 0.4074381515625 0.6080815890625 0.409475678125 0.5771003421875001 0.40767368125000003 0.5681336609375001 0.3995921234375 0.550252440625 0.39389333125000003 0.551317434375 0.39046195781250004 0.558347803125
1 0.32381795625 0.612051278125 0.3319575921875 0.630930453125 0.335972153125 0.6009248109375 0.335625303125 0.5729672203125 0.3328343875 0.5690052031249999 0.32393733281250003 0.5701074421875 0.32294680468750003 0.5970819796875 0.32381795625 0.612051278125
1 0.2671801109375 0.606719078125 0.2737492515625 0.63160831875 0.2815985015625 0.645497725 0.2872972921875 0.6444327296875 0.290090628125 0.615439940625 0.286081709375 0.5685510328125 0.2820695640625 0.5656018656249999 0.27782430625 0.569645825 0.2671801109375 0.606719078125
1 0.20949607656250002 0.594408653125 0.20897096406250001 0.6183818796875 0.22024997656249998 0.6472107890625 0.22339016250000002 0.646175590625 0.22414757968750001 0.626194178125 0.23124263437499998 0.6161252546875 0.22566322187500001 0.5752464140625 0.2228142265625 0.5702864453125 0.2171735125 0.5723493937499999 0.20949607656250002 0.594408653125
1 0.1519273875 0.5950790703125 0.1580286890625 0.655924428125 0.16896326875 0.6238409390624999 0.164255815625 0.5869464609375 0.1612325890625 0.57899263125 0.15599921875 0.57705631875 0.1519273875 0.5950790703125
1 0.0785980921875 0.6218973984375 0.0833652375 0.63781995625 0.09016829531250001 0.6447311390625 0.0952855125 0.644671546875 0.0975537359375 0.6396519828125 0.09761584375 0.5857252578125001 0.091045090625 0.582805890625 0.0873814109375 0.58584444375 0.0785980921875 0.6218973984375
1 0.8436099046875001 0.777762334375 0.8500628906250001 0.8006556687499999 0.8628551265625 0.8114916234375 0.8666954562500001 0.7784921203125 0.8600682390625 0.7526049265625 0.8621041546875 0.74359355 0.8675706375000001 0.7385367421875 0.857161975 0.7356620687500001 0.8541387515625001 0.7277082375 0.8489634578125 0.726769878125 0.8424499765625001 0.735833396875 0.8436099046875001 0.777762334375
1 0.770925096875 0.7386636 0.7745871671875 0.7575949171875 0.7736555187499999 0.7745824703124999 0.781621728125 0.7794828468749999 0.7855749875 0.7924189968750001 0.78382945625 0.8064201375 0.788191675 0.7933871515625001 0.7944139640625 0.7903188015625 0.7974984875 0.75533084375 0.791974734375 0.7484047625 0.7873818203125 0.7354760625 0.7790090734375 0.7235900125 0.7745315078125 0.7236421562500001 0.770925096875 0.7386636
1 0.7024250515625 0.7274777625 0.6967246484375 0.7505126296875 0.69195589375 0.7565599421875 0.6934094281250001 0.7595389031249999 0.700329446875 0.75746105625 0.7049812421875 0.7604027734375001 0.7142832234375 0.7882560765625 0.7206208609375 0.7981685671875 0.7180049796875 0.7862154765625 0.7226591921875001 0.7562023859375 0.720682965625 0.74424184375 0.7117875265625 0.7233742140625 0.70655415625 0.7214379 0.7024250515625 0.7274777625
1 0.6339250078124999 0.7162919234375 0.6356689265625 0.724260653125 0.6340984328125 0.7302707203125001 0.64363433125 0.7401459671875 0.6422380671875 0.7491498937500001 0.65189011875 0.761021046875 0.662122134375 0.7938566687499999 0.6666005046875 0.7828195890625 0.667183690625 0.759844315625 0.6625915874999999 0.7359306796875 0.6489862734375 0.71112338125 0.643752903125 0.7091870671875 0.6339250078124999 0.7162919234375
1 0.583507840625 0.7298612453125 0.5796102390625 0.7508778578124999 0.575597290625 0.758913628125 0.577515440625 0.769876215625 0.5853646921875 0.783765621875 0.588037840625 0.8077016031250001 0.5888533359375 0.7887181421875 0.5996709546875 0.7656236843750001 0.5981601484375 0.750661834375 0.5911255875 0.728773903125 0.5865318703125 0.7268301390625 0.583507840625 0.7298612453125
1 0.5198910921875 0.7365938734374999 0.5192490234375 0.769556128125 0.52517770625 0.8054377531249999 0.52907369375 0.8063910125 0.530469959375 0.7973870859375001 0.5365760953125001 0.7923228265625 0.541753 0.771291315625 0.5403002703124999 0.75732741875 0.5294866796875 0.7254972000000001 0.5237298109374999 0.7255642421874999 0.5198910921875 0.7365938734374999
1 0.4576133390625 0.722339684375 0.4609826078125 0.7692360421875 0.46557471093749997 0.7931496765625 0.474878303125 0.7990331078125 0.479300209375 0.765028203125 0.47255764375 0.72616016875 0.4660457765625 0.7132538187499999 0.45982348437500004 0.71632216875 0.4576133390625 0.722339684375
1 0.3908572140625 0.719122575 0.39323836874999996 0.7600386609374999 0.4038777265625 0.7888750203125 0.41004274687500003 0.7738237812500001 0.4153922703125 0.7777560015625 0.41364996249999997 0.7478174015625 0.4033598703125 0.7139838265625 0.3945797765625 0.7060970375 0.3908572140625 0.719122575
1 0.3244471328125 0.75484799375 0.3272953203125 0.7707929 0.333866071875 0.7737122671875001 0.3340983796875 0.7777040796875 0.34014563125 0.7826268062499999 0.3459621890625 0.761587846875 0.345266878125 0.7276425359375 0.3406731609375 0.7256987734375 0.33730147499999996 0.711757221875 0.3320681046875 0.7098209093750001 0.32857865468749997 0.715853321875 0.3244471328125 0.75484799375
1 0.25990034687499997 0.756598303125 0.2694927125 0.789441375 0.27373796875 0.7853974171875 0.27699591875 0.7643882546875 0.2747881890625 0.7374509625 0.265892746875 0.7165833328125 0.257693425 0.718676078125 0.25990034687499997 0.756598303125
1 0.2019275390625 0.717328240625 0.198496165625 0.7243586078125 0.2008192421875 0.764276740625 0.2067495359375 0.7781884953125 0.2157619375 0.7900670984375 0.2197748859375 0.7820313265625 0.2162886578125 0.7441239984375 0.2117546296875 0.7212083171875 0.20762633125000002 0.7162632453125 0.2019275390625 0.717328240625
1 0.1370314859375 0.7240757671875 0.1367378796875 0.7630257421875 0.1450517453125 0.784898775 0.14865735 0.7808622671875 0.15272918124999998 0.762839515625 0.15424321093749999 0.7338616234375 0.15162733281250002 0.72190853125 0.144766196875 0.7139993953125 0.1409282828125 0.7140440906250001 0.1370314859375 0.7240757671875
1 0.08167214218749999 0.729713603125 0.08428640937500001 0.7636365671875 0.10004379062499999 0.7814283984375 0.0966745234375 0.7345320421875 0.091675071875 0.71461766875 0.0829522515625 0.71871376875 0.08167214218749999 0.729713603125
1 0.93432756875 0.730768915625 0.93729110625 0.7596946625000001 0.9365336875000001 0.7796760765624999 0.9440344749999999 0.7875777640625 0.9486854640625 0.8015044171874999 0.9458937437499999 0.8085273359375 0.95263953125 0.8034556296875 0.9617124265625 0.783377378125 0.960842078125 0.757423140625 0.9471786890624999 0.7316178859375 0.9405498609375 0.727700565625 0.93432756875 0.730768915625
1 0.953271125 0.9132975359375 0.9482119843750001 0.9143550812499999 0.945768725 0.9273657203125 0.9527435953125 0.9702255687499999 0.972513121875 0.9909665656250001 0.97530484375 0.983943646875 0.96978350625 0.944062759375 0.970423965625 0.9330703765624999 0.9644928671875 0.93014355625 0.9613534874999999 0.92019381875 0.953271125 0.9132975359375
1 0.8551131640625 0.9204324140625 0.8530772499999999 0.9294437890625 0.8560423953124999 0.9363996671875 0.8572612046874999 0.9683416234375001 0.8649934953124999 0.9912200578125001 0.8698195203125 0.9971556343750001 0.8770904187499999 0.9681107015625001 0.872382159375 0.9422011593749999 0.8660453265625 0.9213037328125001 0.862033184375 0.9183545671875001 0.8551131640625 0.9204324140625
1 0.7693417078125 0.9204326375 0.7733530453124999 0.9343667375000001 0.77689735 0.9732720203125 0.779920571875 0.9812258484375 0.7852700968749999 0.985158071875 0.7913189609375 0.9681109234375 0.7914359234375 0.9591218953125 0.7966120234375 0.9490753203125 0.7871938890625 0.919226109375 0.7814378265624999 0.9083082156250001 0.7748089984375001 0.9043908937499999 0.7693417078125 0.9204326375
1 0.693806296875 0.8983438046875 0.6975264421875 0.9182730734375 0.6976990609375 0.9432368062500001 0.7064767359374999 0.9840784015624999 0.7209007671875 0.9459624968749999 0.7134588625 0.928073828125 0.7110180203125 0.908129659375 0.7012498125 0.8942626015625 0.6948532921874999 0.8943370921874999 0.693806296875 0.8983438046875
1 0.6363537625 0.901010128125 0.636234384375 0.9429539625000001 0.6436770953125001 0.9498576968749999 0.6521071140625 0.9737266359375001 0.6561192578124999 0.9766758015624999 0.6529806875 0.9557411296874999 0.65914570625 0.940689890625 0.6560652109375 0.9207531703124999 0.647053615625 0.8978896328125 0.6411805921875 0.89596076875 0.6363537625 0.901010128125
1 0.583666759375 0.9415688812499999 0.5975043796875 0.97036799375 0.5971567234374999 0.9533953390625 0.600355790625 0.942373159375 0.594078646875 0.9005038125 0.5819260640625 0.8896604109374999 0.5771565015625 0.9066926593750001 0.583666759375 0.9415688812499999
1 0.5162750109375 0.88343454375 0.51842305 0.9313437515625 0.52987629375 0.963166521875 0.531621825 0.9491653796874999 0.538018346875 0.9490908890625 0.53476523125 0.9041904374999999 0.5257536390625 0.8813269 0.5198806171875 0.8793980359375 0.5162750109375 0.88343454375
1 0.4442250203125 0.910237975 0.4451534453125 0.9371901640625 0.4418963015625 0.947214390625 0.44236091718750004 0.95519801875 0.448932475 0.94713245 0.45416584687499995 0.9490687640625 0.45684141250000004 0.9400499390625001 0.4652738515625 0.930964071875 0.46178762500000003 0.8930567437500001 0.4566131359375 0.8811334484375 0.45033277031249996 0.8832038453125 0.4442250203125 0.910237975
1 0.3875315171875 0.8709530125 0.388460746875 0.8869202671874999 0.39473950156250004 0.906819740625 0.407821315625 0.933630396875 0.41462598906250003 0.9185717078125 0.412185146875 0.8986275390625 0.397882103125 0.872829734375 0.39183485 0.8679070093749999 0.3875315171875 0.8709530125
1 0.3272299890625 0.8686593671875 0.3233904640625 0.8906739312499999 0.325714346875 0.9196071296874999 0.33385398125 0.9384863031249999 0.340657040625 0.9453974859375001 0.3431575734375 0.9443697343749999 0.3451354109375 0.93436040625 0.34420779375 0.8964232828125 0.3392656140625 0.8884917984375 0.3344403921875 0.8715712859375 0.3272299890625 0.8686593671875
1 0.26018186875 0.8824223609375 0.261749140625 0.9203520359375 0.27105111875 0.9482053421875 0.2770427125 0.9191753078125 0.280590240625 0.9141408453125001 0.2742542140625 0.8822584828125001 0.2709986828125 0.8703128390625 0.26646304062500004 0.869367028125 0.26018186875 0.8824223609375
1 0.20441517656250002 0.8920594609375 0.198714771875 0.9150943281249999 0.203656146875 0.9340107453125001 0.20941301406249999 0.9339437046875 0.2166226125 0.9478405593750001 0.2202871 0.93381706875 0.22069524999999998 0.9188328718750001 0.218314096875 0.8779167843750001 0.21372118437499998 0.8649880874999999 0.20575416875000002 0.8710726453125 0.20441517656250002 0.8920594609375
1 0.1453945640625 0.86778104375 0.14277707343749999 0.8777978234375 0.1432392734375 0.9187362578125 0.1486460671875 0.934651365625 0.149342990625 0.94662680625 0.1533559390625 0.9385910359375 0.1580682296875 0.9095758999999999 0.1555120390625 0.8766508890625 0.15376811875000002 0.8686821609375001 0.1484766703125 0.86574789375 0.1453945640625 0.86778104375
1 0.088986609375 0.8993954656250001 0.09078699375 0.9303320171875 0.0943925984375 0.9262955078124999 0.10206842499999999 0.9262061203125 0.10363811249999999 0.9311809890625 0.10730179531249999 0.9281424359375 0.1120116671875 0.9320821046875001 0.1113728203125 0.9211046171874999 0.10782609843749999 0.9151541421875 0.10434067656249998 0.8662618796875 0.098642690625 0.856341940625 0.0913734046875 0.8634170015624999 0.088986609375 0.8993954656250001