1 1 0.380151140625 0.9948786953125 0.3790834453125 0.9863424999999999 0.3943865390625 1 0.40140142812499996 1 0.380151140625
1 1 0.459793453125 0.996729846875 0.45913594687500003 0.9772726265625 0.46320467968749995 0.9911031250000001 0.46890217187500005 0.9940386218749999 0.477441190625 1 0.4786711171875 1 0.459793453125
1 1 0.5364695515625 0.9612654671875 0.5435768375000001 0.9866897968749999 0.5559323859374999 1 0.558739759375 1 0.5364695515625
1 0.9790876718750001 0.6290200328125 0.99473634375 0.6294770656249999 0.9966316140625 0.6165857609375001 0.9796383421874999 0.6110215906249999 0.9715566984375 0.6089800046875 0.94820283125 0.611047303125 0.949862809375 0.6140092953125 0.9438866750000001 0.6190257296875 0.9790876718750001 0.6290200328125
1 0.9843288734375 0.7002668703125 0.9864228109375001 0.6860242703125 0.9741157046875 0.6770913703125 0.962967403125 0.6745293484375 0.9495473859375 0.680292709375 0.931051315625 0.6778238546875001 0.9608178203125 0.6962768625 0.9843288734375 0.7002668703125
1 0.9609479265624999 0.7666563078124999 0.9743328968749999 0.7682577703125 0.9766076234375 0.75278548125 0.9488825468750001 0.741826334375 0.9192381781250001 0.7367954578125 0.9261053703125001 0.73997108125 0.9221386265625 0.7526992984375 0.9249169390624999 0.7551810109375 0.9609479265624999 0.7666563078124999
1 0.9614975375 0.8270558953125 0.9658747609375 0.8257885328125001 0.9667013515624999 0.8201662093750001 0.961375403125 0.8136337640625 0.939463259375 0.805894684375 0.9190188687499999 0.8024251124999999 0.89460773125 0.8116837578125 0.9194904171875 0.8205970328125 0.9614975375 0.8270558953125
1 0.9326300578125 0.8737522625 0.9412883921875 0.871871296875 0.927999534375 0.8696160765625001 0.9326300578125 0.8737522625
1 0.93075076875 0.9364199265625001 0.9498921828125001 0.9344992578125 0.951485309375 0.9236630859374999 0.9146926265624999 0.9102422796875 0.9054576031250001 0.916045796875 0.877822625 0.9187267 0.8919414703124999 0.9224629156249999 0.9072397171875 0.9324299187499999 0.93075076875 0.9364199265625001
1 0.9388754265625 0.9880540046874999 0.9418810171875001 0.981863375 0.933353846875 0.9757257578124999 0.9103233703125 0.96846695625 0.889206171875 0.9695736953124999 0.8800672625000001 0.974723453125 0.8968332578125 0.9889599656250001 0.9028704609375 0.9906545937500001 0.9388754265625 0.9880540046874999
1 0.9066215671875 0.124220415625 0.9278959499999999 0.12917098437500002 0.9563609171874999 0.1279710765625 0.9602926125 0.122607684375 0.9540021125000001 0.1155095078125 0.9309716359375001 0.10825070625 0.89609403125 0.08893030468749999 0.8950978328125 0.102832715625 0.88650056875 0.11142474531249999 0.9066215671875 0.124220415625
1 0.8699257421875 0.17427874375000002 0.8696023500000001 0.18360484375 0.92952885 0.1964551140625 0.9421799468750001 0.195921821875 0.9489860703125 0.1923863828125 0.9492133484374999 0.18371404062500002 0.93761951875 0.1770559875 0.877500790625 0.1655132359375 0.86641355625 0.1696622765625 0.8658368640624999 0.1735848296875 0.8699257421875 0.17427874375000002
1 0.8927629312500001 0.26124308749999997 0.9057634421874999 0.2654595875 0.932629496875 0.268008753125 0.942406165625 0.2656475078125 0.9430789718750001 0.2610711984375 0.931677371875 0.2531056265625 0.9302096234375 0.24883611718749998 0.9004691390625 0.244458996875 0.8607597546875001 0.243750640625 0.8698636171875 0.24596570468749998 0.8927629312500001 0.26124308749999997
1 0.85766601875 0.30755234374999996 0.8828020000000001 0.321869165625 0.8890925015625 0.32896734375 0.9301735171875001 0.33459897031249997 0.9389279671875 0.3320642453125 0.9418374421875001 0.326527375 0.9196720031250001 0.3133847453125 0.8977598625000001 0.305645665625 0.8767387765624999 0.3060986453125 0.875332096875 0.308540203125 0.85766601875 0.30755234374999996
1 0.9040232828124999 0.37706598125 0.8694249984375 0.37722501875000003 0.8616577218750001 0.38729804218749997 0.8842076234375 0.3978256375 0.9115192078125001 0.404470834375 0.92816306875 0.4052852171875 0.9316492359374999 0.39582579375 0.9040232828124999 0.37706598125
1 0.8931012015625001 0.44422964687500005 0.8583457343750001 0.4383313734375 0.860451240625 0.445389396875 0.8529112421875 0.4467900828125 0.91475101875 0.4680058921875 0.9228677078124999 0.46268265625 0.9204738562499999 0.457585909375 0.8931012015625001 0.44422964687500005
1 0.81860024375 0.5233858671875 0.8270313 0.5301772453125 0.844758446875 0.5378761703125 0.8785878125 0.542947203125 0.9037938890625 0.5425343796875 0.9065111343750001 0.538305025 0.8890723328125001 0.528644825 0.8777318015625 0.5273903203125 0.8699385062499999 0.5233874562499999 0.8360130265624999 0.5189701796875 0.81860024375 0.5233858671875
1 0.83804738125 0.6191558781250001 0.8525506859374999 0.6202770609375 0.8814001125 0.61646211875 0.8825534953125 0.6086170171874999 0.8667746734374999 0.6019188062499999 0.8349897468749999 0.5971947296875 0.8042881109375 0.5993551953125 0.7954375484375 0.602543678125 0.8077041828124999 0.6046254203125 0.83804738125 0.6191558781250001
1 0.8490114203125 0.679982734375 0.8591725484375001 0.6750064546875 0.8547342562500001 0.6695627515625 0.8318960109375 0.66099643125 0.7858961265625 0.6531898968750001 0.8022776625000001 0.6700414421875001 0.813775375 0.67735325625 0.8352419875000001 0.68099630625 0.8490114203125 0.679982734375
1 0.8426938390625001 0.7372066937499999 0.842440540625 0.7318031453125 0.8310389406249999 0.7238375734375 0.8035351265624999 0.71849989375 0.774205121875 0.7255836296875 0.782094534375 0.7289327343750001 0.7841039265624999 0.736644515625 0.824547184375 0.7394876265625 0.8426938390625001 0.7372066937499999
1 0.714051346875 0.7214057 0.7193897234375 0.7136007515625 0.6969359374999999 0.7024193984375 0.6499488796875 0.6870745609375 0.6484110390625 0.6975347000000001 0.641989375 0.6984551031249999 0.65767208125 0.705807071875 0.6666447828125001 0.7160407203125 0.714051346875 0.7214057
1 0.6705143515625 0.782364290625 0.7013731703125 0.7862611312500001 0.71412038125 0.7850740796875 0.712014875 0.7780160578124999 0.6902949640625 0.7689694593749999 0.6576800515625 0.7627643859375 0.63154786875 0.762349975 0.637392840625 0.765352121875 0.630298371875 0.7708488375 0.6705143515625 0.782364290625
1 0.797846278125 0.79995308125 0.823148471875 0.798886496875 0.824109625 0.7923489125 0.8205013203125 0.7883862046875 0.780573684375 0.7749094750000001 0.7523970656250001 0.7741481046875001 0.7533842374999999 0.7816864078125 0.743319225 0.7860089296874999 0.7652313640624999 0.793748009375 0.797846278125 0.79995308125
1 0.702534521875 0.8353733406250001 0.6989262187499999 0.831410634375 0.6789624015625 0.82467226875 0.6647474421874999 0.8215898109375 0.6370163484375 0.8249244703124999 0.65742569375 0.8357588671875 0.680552284375 0.8423639078124999 0.7008394953125 0.8397761718750001 0.702534521875 0.8353733406250001
1 0.8071503375000001 0.8578179453124999 0.8088453640625 0.8534151124999999 0.79715541875 0.84741081875 0.76454050625 0.8412057453124999 0.7325283046875 0.845154009375 0.7700270375 0.8608988156249999 0.7777592671875 0.8581906140625 0.7962553359375 0.86065946875 0.8071503375000001 0.8578179453124999
1 0.6485130046875 0.9106343109375 0.680201815625 0.9160121468750001 0.6964001453125 0.912730496875 0.6974574109375 0.9055391515625001 0.6817747046875 0.898187184375 0.6344993015625 0.8848036234375 0.6334420328125 0.8919949687500001 0.6219092734375 0.892047978125 0.6192881421875 0.8956235734375 0.6485130046875 0.9106343109375
1 0.7279317703125 0.9120510265625 0.73936841875 0.9126517734374999 0.7776971406250001 0.9298775765625 0.7859710125 0.9306116453125 0.8070271453125001 0.9227938421875 0.8067738468749999 0.9173902921874999 0.7942539125 0.9099050046875 0.7426974015625001 0.89713504375 0.7397645609375 0.907581796875 0.7241312390625 0.9093958359375 0.7279317703125 0.9120510265625
1 0.7982806640625 0.9822858812499999 0.7990495875 0.9770558109374999 0.7945151781249999 0.972265865625 0.7537575546874999 0.9573081406249999 0.74283653125 0.9460737765625 0.733444325 0.9458199875 0.7370786484375 0.9638585828125 0.751800203125 0.9777481375000001 0.786555671875 0.9836464109374999 0.7982806640625 0.9822858812499999
1 0.7494179921875 0.1102730875 0.7800845828125 0.11547744374999999 0.7901145484375001 0.11851974843749999 0.79270063125 0.12230897656249999 0.813372303125 0.1171062078125 0.8146218 0.10860734375 0.7944046828125 0.09646543125 0.7750786265625 0.09251558125 0.7519169875 0.0932753625 0.747155303125 0.0971577578125 0.7494179921875 0.1102730875
1 0.7408026750000001 0.16174654375 0.7392037640625 0.16549561562499998 0.7406715109374999 0.16976512500000002 0.750220903125 0.176076221875 0.7740813671875 0.18481601875 0.8184212734375 0.18966056250000002 0.8216190953125 0.182162415625 0.8095797375 0.17140833125 0.776711525 0.15979970937500002 0.7472593843750001 0.153461315625 0.747128225 0.1614798984375 0.7408026750000001 0.16174654375
1 0.7385038796875001 0.234394065625 0.7514693421875001 0.2459753875 0.7851064765625 0.2523539375 0.799994240625 0.2508600875 0.8029037171875 0.24532321562499998 0.7994876453125 0.2400529921875 0.7867754812500001 0.23387521875 0.764959453125 0.225482378125 0.7362411875 0.2212787375 0.7257917140625 0.2282162921875 0.7385038796875001 0.234394065625
1 0.7199456843750001 0.303612171875 0.7216056625 0.30657416406250004 0.7492666609375 0.31796915000000003 0.7960004203125 0.327910440625 0.796769340625 0.32268037031249996 0.8050782609375 0.31604961875000004 0.7908983468749999 0.3056023359375 0.751127896875 0.2981829125 0.7369740046875 0.30181151875 0.7202340296874999 0.301650896875 0.7199456843750001 0.303612171875
1 0.7813128515625001 0.385054090625 0.7833923375 0.3780362234375 0.773012959375 0.3702441328125 0.74078250625 0.361424025 0.7096353390625 0.35948846093750003 0.703431928125 0.37317723593749996 0.714099653125 0.379008053125 0.773292278125 0.38972356874999997 0.7813128515625001 0.385054090625
1 0.7102109734375001 0.4339639359375 0.71825756875 0.4433703453125 0.7517024718750001 0.4510564171875 0.7634274640625 0.4496958859375 0.7703297015625 0.4455066890625 0.7509425765625 0.43484577187499995 0.7493787140625 0.431230021875 0.7388681703125 0.4314565109375 0.70171885 0.42046149374999997 0.6887794078125 0.42295606250000006 0.7102109734375001 0.4339639359375
1 0.6883328203125 0.4972580578125 0.682417753125 0.508985559375 0.711293203125 0.51924650625 0.7403959296875 0.5208351140625 0.747202053125 0.5172996750000001 0.7472371 0.5099348515625 0.7435326812499999 0.5066259015625 0.728103271875 0.50467748125 0.7095461359375 0.4954975609375 0.7022944828125001 0.4949369703125 0.6883328203125 0.4972580578125
1 0.7304350000000001 0.581461190625 0.6900267890625 0.5712532546875 0.6683679453125 0.5689177234375 0.663798490625 0.5714926015625 0.6881044859375 0.584328428125 0.73084548125 0.59292204375 0.73896216875 0.587598809375 0.7304350000000001 0.581461190625
1 0.7322861484375001 0.66151369375 0.730914515625 0.656590425 0.7133795984375 0.6475839828125001 0.67935800625 0.6438204671875 0.6572185859374999 0.6447537265625 0.6844951234375001 0.6587637484375 0.7088361640625 0.6642347515625 0.7288350296874999 0.6636082921875001 0.7322861484375001 0.66151369375
1 0.6552400078125 0.9432692328125001 0.6230355765625 0.9485250125 0.610768940625 0.9464432703125001 0.62782328125 0.95871850625 0.6397054578125 0.963415284375 0.6460920734375 0.9698597031249999 0.655195934375 0.9720747671875 0.6608837234375 0.969019609375 0.6852598125 0.967125790625 0.688457634375 0.9596276421875001 0.6818787875 0.9544907390624999 0.670730484375 0.9519287171874999 0.6552400078125 0.9432692328125001
1 0.644767128125 0.0951933078125 0.67265540625 0.097915953125 0.6816981984375 0.093419953125 0.6824671203125 0.088189884375 0.6710655203125 0.0802243140625 0.6578727796875 0.0773153328125 0.6402417484375 0.06896265 0.600173925 0.084945215625 0.6159877953125 0.0842786015625 0.644767128125 0.0951933078125
1 0.61078855 0.14102228125 0.5887102 0.14866660781250002 0.5903701781249999 0.1516285984375 0.6159867359375 0.162676628125 0.6447050015625 0.16688026875 0.65352051875 0.17105661249999998 0.6740960734375 0.1665076015625 0.6753455703125 0.1580087390625 0.669343415625 0.148949284375 0.6656389984375 0.14564033437499999 0.651327921875 0.1432116359375 0.61078855 0.14102228125
1 0.660780140625 0.2285745171875 0.662475165625 0.22417168593749998 0.6390952750000001 0.21216309687499998 0.620153678125 0.205598209375 0.5756475640625001 0.21613707343750002 0.5976558187500001 0.22322239531250002 0.6081313125000001 0.23036072812500002 0.6431751265625001 0.23429772343750002 0.660780140625 0.2285745171875
1 0.58073158125 0.281326603125 0.5690676578125 0.2893981984375 0.5767648390625 0.2940548203125 0.597113115625 0.29817815 0.615993646875 0.2980319703125 0.633275265625 0.3016348640625 0.645288603125 0.2983130609375 0.64430143125 0.2907747578125 0.635582028125 0.2859446578125 0.6247220734375001 0.2814213578125 0.5979521328125 0.278218434375 0.58073158125 0.281326603125
1 0.6183253718749999 0.3748156796875 0.63413924375 0.3741490640625 0.6398270328125 0.37109390625 0.6374331796875 0.365997159375 0.62583935 0.35933910625 0.5860688984375 0.3519196828125 0.57507778125 0.3554149671875 0.5577000484375 0.35246583125000003 0.5839543640625 0.366302371875 0.6183253718749999 0.3748156796875
1 0.5494251171875 0.4301297875 0.5598395421875 0.43055705624999996 0.5802488890624999 0.44139145312499994 0.62430045 0.4481972734375 0.6282321453125 0.4428338796875 0.62388996875 0.43673641874999997 0.6032883906250001 0.42720953906250003 0.5849845546875 0.4234331671875 0.5619190296875 0.423539190625 0.5620762125 0.4295964984375 0.5494251171875 0.4301297875
1 0.5414735796875 0.498467646875 0.55271799375 0.5003759109375 0.563420765625 0.49884190312500004 0.6205689515625 0.5092104625 0.628589525 0.504540984375 0.62795176875 0.5017524703125 0.6106090796875 0.4914385109375 0.5769719484375 0.485059959375 0.5685058421875 0.48563340625 0.558982475 0.4933982 0.5414735796875 0.498467646875
1 0.5930030093750001 0.57555974375 0.6190390781249999 0.576627915625 0.6218524375000001 0.571744803125 0.6174141453125 0.5663010984375 0.5881892843750001 0.5512903625 0.5831743015625 0.5497692109375001 0.56595375 0.55287738125 0.5449937328125001 0.560041428125 0.5423726046875 0.5636170218750001 0.5930030093750001 0.57555974375
1 0.5389905203125 0.6293800015625 0.5363693890625 0.6329555953125 0.5651487234375 0.643870303125 0.6086586390625001 0.6472338515625 0.614058084375 0.6461399671875 0.6183742390625 0.638161540625 0.6098470687499999 0.6320239234375 0.5984104234375 0.631423175 0.5726016328125 0.6216826640625001 0.5632704937499999 0.628139940625 0.5389905203125 0.6293800015625
1 0.5535017953125 0.6874584984375 0.5255784703125 0.6921006765625 0.5467567375 0.6977050046875 0.556113896875 0.7053236171874999 0.596461040625 0.7088204874999999 0.604289384375 0.705458528125 0.6012577718750001 0.69757326875 0.58036785 0.690007665625 0.571010690625 0.6823890515625 0.56395126875 0.6805209421875 0.5535017953125 0.6874584984375
1 0.5285309609375 0.7361562968750001 0.5278581546875001 0.7407326078125 0.5150148296875 0.7425734171875 0.5160020015625 0.75011171875 0.5494469046875 0.7577977875 0.5889640578125 0.7598136640625001 0.5998590609375001 0.7569721375 0.6025763046875 0.7527427859375 0.5900563703125 0.7452574937499999 0.5547592578125 0.7359169515625 0.532908184375 0.734888934375 0.5285309609375 0.7361562968750001
1 0.5722060296875 0.8025344671875001 0.5318588875 0.7990375953125 0.5083127875 0.8024124125000001 0.5343748765624999 0.8175564734374999 0.553063175 0.8187178093749999 0.570921484375 0.818398153125 0.5886226109375 0.8120211890625001 0.5722060296875 0.8025344671875001
1 0.5139995171875 0.8777552796875 0.531726665625 0.8854542046875 0.56894608125 0.8817195765625 0.5707372234375 0.876662984375 0.566202815625 0.8718730390625 0.5501356453125 0.8671361078125001 0.5425345796875 0.8618257265624999 0.538541815625 0.860478053125 0.516175121875 0.8700836546874999 0.512627884375 0.8728320140625 0.5139995171875 0.8777552796875
1 0.49400862187500005 0.9353390546875 0.533298496875 0.946027271875 0.554957340625 0.9483628046874999 0.5671629078125 0.94373348125 0.5649612859375 0.9373292187500001 0.5545819078124999 0.9295371234375001 0.52771585 0.926987959375 0.4973025578125 0.9271871484374999 0.5007186296875 0.9324573734375001 0.49400862187500005 0.9353390546875
1 0.45092985468749996 0.059617343749999996 0.461632628125 0.0580833359375 0.475270896875 0.06508834687500001 0.48447087343749995 0.0666496546875 0.5284964125 0.0593795859375 0.528627575 0.051361003125000006 0.5212187390625 0.0447431046875 0.48125605781249997 0.0386312 0.4395633046875 0.044286950000000005 0.4390827265625 0.0475557421875 0.45092985468749996 0.059617343749999996
1 0.479752203125 0.120124540625 0.46569442656250004 0.1230993890625 0.4544500109375 0.1211911234375 0.45377720468750005 0.1257674359375 0.4408377625 0.128262003125 0.479996475 0.1469688015625 0.50427645 0.14572874062500002 0.5163508546875 0.149118 0.5266080984375 0.1434879625 0.5263548 0.138084415625 0.51913819375 0.130159 0.496553246875 0.126996228125 0.479752203125 0.120124540625
1 0.46779887656249997 0.20855543906250001 0.47297104218749997 0.216133896875 0.47910435937500007 0.2171747671875 0.49549492187500005 0.2125856015625 0.51044375625 0.2178028140625 0.512042665625 0.2140537421875 0.521819334375 0.21169249687499997 0.5207360453125001 0.204807953125 0.5054377999999999 0.19484094999999998 0.4685417765625 0.1892494796875 0.4335590296875 0.1920235515625 0.46779887656249997 0.20855543906250001
1 0.44282804374999996 0.2572532375 0.4454141265625 0.2610424671875 0.4412902015625 0.2677133765625 0.46559619531249996 0.280549203125 0.4991372140625 0.2875815140625 0.5128105296875 0.2872217 0.5229716578125 0.2822454203125 0.5227183609375 0.2768418734375 0.51195451875 0.271664815625 0.49633287968750006 0.2710239125 0.44730138437500006 0.2553321171875 0.44282804374999996 0.2572532375
1 0.5212495546875 0.350970390625 0.520804025 0.3468743609375 0.5034613375 0.3365604015625 0.4782903078125 0.329608403125 0.465892509375 0.335545240625 0.44560529843749996 0.33813297656249997 0.46908130468750003 0.349487809375 0.5066150859375 0.3578677921875 0.5212495546875 0.350970390625
1 0.5046747296875 0.41382438906249996 0.5130797640625 0.406539878125 0.4922859578125 0.3983205171875 0.46478214375000004 0.3929828359375 0.44120099531249996 0.4037224765625 0.44666150781249997 0.40933965937499994 0.4730469890625 0.4151576203125 0.49333419687499996 0.41256988437500003 0.5046747296875 0.41382438906249996
1 0.5095404968749999 0.46624555 0.49142889062500006 0.461161659375 0.46772560781249994 0.4584791703125 0.4309517203125 0.46630983125 0.43072444218749995 0.4749821703125 0.48343433593749996 0.47990702656249995 0.5096015656249999 0.47295661562499997 0.5095404968749999 0.46624555
1 0.4530550328125 0.551139421875 0.47544775 0.555609709375 0.495831075 0.5523682140624999 0.4977183328125 0.5466578656250001 0.48899893125 0.541827765625 0.4283385578125 0.5268427390625 0.42313134531249996 0.5266291062499999 0.4151718390625 0.5380096484375 0.42743847500000004 0.540091390625 0.4530550328125 0.551139421875
1 0.4122352828125 0.6078686578125 0.4176957953125 0.6134858390625 0.43785184375 0.6189166890625 0.4873989609375 0.6239748656249999 0.495131190625 0.6212666640625 0.497018446875 0.6155563125 0.47967575937499995 0.6052423546875 0.47066801406250003 0.60237353125 0.43840251406249997 0.600918246875 0.4180191890625 0.604159740625 0.4122352828125 0.6078686578125
1 0.4684302859375 0.6817321187500001 0.46472586875 0.67842316875 0.43591148750000003 0.6748732859375 0.4043798609375 0.6755527578125 0.4227447671875 0.6860401953124999 0.4380780625 0.6886423749999999 0.46606245468749996 0.690711259375 0.4684302859375 0.6817321187500001
1 0.46016438125 0.7379553640625 0.4649260671875 0.734072965625 0.46243609843750005 0.7296299796875 0.41458400624999997 0.7201689703125 0.384266828125 0.7197144 0.382379571875 0.7254247515625 0.3956333796875 0.735044796875 0.42041995 0.7446118296875001 0.46016438125 0.7379553640625
1 0.40033294062499997 0.8028493624999999 0.42515455625 0.8050515703125001 0.4489890015625 0.7997154796875 0.45189847812500006 0.7941786078125 0.447171840625 0.79069618125 0.40574141093750005 0.7803147671875 0.39436583125 0.786425084375 0.37363309375 0.7849167875 0.372130296875 0.788012103125 0.40033294062499997 0.8028493624999999
1 0.3545332546875 0.8506926234375 0.416504190625 0.8638898515625 0.4356730671875 0.8617823953125001 0.43439755 0.8562053703125001 0.42660425156250004 0.8522025062499999 0.38916658437499996 0.843168765625 0.3545332546875 0.8506926234375
1 0.41711487031249994 0.931000503125 0.4207582203125 0.9275983875 0.41865271406250004 0.9205403625 0.3629722765625 0.9144413140625 0.35747671875 0.9161889562500001 0.3567077984375 0.921419025 0.3629021828125 0.9291709625 0.3786810046875 0.9358691703125 0.41711487031249994 0.931000503125
1 0.361357928125 0.120134221875 0.35177349062499996 0.12118795 0.3259647015625 0.1114474375 0.29136641874999997 0.1116064734375 0.3007846453125 0.1259361515625 0.32352677500000004 0.135156228125 0.3666522296875 0.141134809375 0.376909475 0.135504771875 0.3766561765625 0.13010122500000001 0.36886287812499996 0.1260983625 0.3673340625 0.11511778749999999 0.361357928125 0.120134221875
1 0.3466963828125 0.19135375937500002 0.340309765625 0.1849093421875 0.30376315625 0.1840676609375 0.2997353453125 0.19008481093750002 0.28567757031249996 0.193059659375 0.3003731046875 0.192873325 0.313181384375 0.1983973390625 0.3171391 0.20710983593750001 0.33480518125000003 0.208097696875 0.3538428921875 0.2140088234375 0.36984899375 0.21203469218749998 0.3705218 0.20745838125 0.3594085453125 0.19753153437499998 0.3466963828125 0.19135375937500002
1 0.329064290625 0.2613991046875 0.2974365484375 0.262732334375 0.285458259375 0.25868931562499997 0.2948154203125 0.266307928125 0.3222841890625 0.2790104328125 0.324678040625 0.2841071796875 0.3215763359375 0.2909515671875 0.3244507625 0.2927795203125 0.3313530015625 0.2885903234375 0.3559213203125 0.2853889859375 0.3627274453125 0.2818535453125 0.36145192812500004 0.27627651875 0.3411386953125 0.26478836562499997 0.329064290625 0.2613991046875
1 0.293836215625 0.3157269421875 0.281822878125 0.3190487453125 0.3143066296875 0.33327240156250004 0.325227653125 0.344506765625 0.3347159734375 0.3441067984375 0.343592559375 0.3549942046875 0.35001422187500003 0.3540738 0.35799975 0.35676914531250004 0.3666931296875 0.34752335625 0.36541761093749997 0.3419463296875 0.34168830781250004 0.3251879515625 0.3176356125 0.317755671875 0.293836215625 0.3157269421875
1 0.2572885484375 0.3932832890625 0.2816295890625 0.398754290625 0.294883396875 0.4083743375 0.3059355828125 0.41159012031250003 0.314786146875 0.4084016359375 0.33702167968749996 0.4068146171875 0.34056891562499997 0.40406626093750003 0.3391972828125 0.3991429921875 0.3175734859375 0.38944263437500004 0.3023363078125 0.38618669687499996 0.2769990671875 0.3946181046875 0.2572885484375 0.3932832890625
1 0.2504903921875 0.4537760421875 0.2509359203125 0.45787207187499995 0.2871591375 0.4680398546875 0.321276846875 0.4711496125 0.33319406875 0.468481565625 0.33405910625 0.4625977375 0.3026936890625 0.4478938015625 0.288478728125 0.4448113421875 0.2660509640625 0.44770587968750003 0.2599787140625 0.45337607343749997 0.2504903921875 0.4537760421875
1 0.33390086406249997 0.5349384578125 0.337928675 0.5289213078125 0.32550485625 0.5207822578125 0.2863110953125 0.5094402828125 0.250594475 0.5100795984375 0.25538218125 0.520273090625 0.279434878125 0.5277053703125001 0.32738308437499997 0.536512621875 0.33390086406249997 0.5349384578125
1 0.3354376484375 0.602876346875 0.32850938749999997 0.59298965625 0.295003415625 0.578592521875 0.264336828125 0.5733881656250001 0.2676567859375 0.5793121484375 0.2512662234375 0.583901315625 0.2795649796875 0.598084815625 0.3214759859375 0.6051974375 0.3354376484375 0.602876346875
1 0.27143023906249997 0.6462894765625 0.248906359375 0.6498377718749999 0.2531524203125 0.65658899375 0.2572413 0.6572829078125 0.25934680781249997 0.6643409296875 0.27541397500000003 0.6690778640625 0.3162416921875 0.6693059406249999 0.32295170156249997 0.666424259375 0.321676184375 0.660847234375 0.3077495703125 0.6558034984375001 0.30637793750000003 0.6508802328125001 0.27143023906249997 0.6462894765625
1 0.286509178125 0.7218861359375001 0.2590053609375 0.71654845625 0.23686594218749998 0.717481715625 0.23210425781250002 0.7213641140625 0.26468412343750003 0.7349340093750001 0.303528471875 0.7415261953125001 0.30682240625 0.7333742890625 0.286509178125 0.7218861359375001
1 0.2894786625 0.801458359375 0.297210890625 0.7987501578125 0.29909814687499997 0.79303980625 0.2945637390625 0.7882498609375 0.2715332625 0.7809910624999999 0.2328811453125 0.7730913578124999 0.22403058437499998 0.776279840625 0.2350477234375 0.7868604453125 0.24858987500000002 0.794519215625 0.2894786625 0.801458359375
1 0.24102279843750002 0.8602420390625 0.2812738265625 0.8643926671875001 0.292168828125 0.8615511421875001 0.29274551875 0.857628590625 0.2855289140625 0.8497031749999999 0.2735506234375 0.8456601578124999 0.243425678125 0.8438980718750001 0.22425680468750003 0.8460055265624999 0.21959123281249998 0.8492341640625 0.24102279843750002 0.8602420390625
1 0.23314135625 0.9138502484375 0.2678007078125 0.920402278125 0.2793334703125 0.9203492687500001 0.284767959375 0.911890559375 0.264900259375 0.9044984375 0.2169520515625 0.8956911859375 0.23314135625 0.9138502484375
1 0.305905828125 0.026964803125 0.313541940625 0.0249103609375 0.32727632500000003 0.0312616140625 0.334396815625 0.0398407859375 0.3551295546875 0.0413490828125 0.38458169375 0.0476874765625 0.3886095046875 0.0416703265625 0.385481778125 0.034438825 0.36073025468750003 0.0175069671875 0.33405642812499997 0.013650285937500001 0.3120741921875 0.0206408515625 0.305905828125 0.026964803125
1 0.19534035 0.002272990625 0.140491621875 0.00163476875 0.1832044234375 0.013512198437500001 0.1969738546875 0.0124986265625 0.1987649953125 0.007442035937499999 0.19534035 0.002272990625
1 0.128667284375 0.099406784375 0.1614744265625 0.104304340625 0.1682455046875 0.1081337265625 0.17782994218749998 0.1070799984375 0.18093164687500002 0.1002356109375 0.1784416796875 0.095792621875 0.1577439890625 0.08691950312499999 0.131646853125 0.0791402671875 0.10065687187500001 0.083262009375 0.10611738281250001 0.0888791921875 0.128667284375 0.099406784375
1 0.119789640625 0.16691740625 0.1013546390625 0.17115961562499998 0.104674596875 0.1770836 0.11246789374999999 0.1810864640625 0.1521422296875 0.18915964375 0.16597272968750001 0.1948571375 0.18328939375 0.1910952078125 0.18016166718749999 0.18386370624999998 0.1696861734375 0.17672537500000002 0.1401729640625 0.1636759125 0.1290857328125 0.1678249546875 0.119789640625 0.16691740625
1 0.1582744890625 0.2685985421875 0.1783344203125 0.27468315 0.18261553125000002 0.27406954687499996 0.1835766828125 0.26753195937499996 0.17061121875000002 0.25595063749999997 0.15035905624999998 0.25117354999999997 0.1329202546875 0.2415133484375 0.0915769125 0.25191888906250004 0.1325267671875 0.265569096875 0.1582744890625 0.2685985421875
1 0.09474765625 0.30874287968749997 0.11822365937499998 0.3200977109375 0.12432193124999999 0.32850340624999996 0.16763961562500002 0.3331744734375 0.1735196375 0.3288117953125 0.1723402328125 0.322581009375 0.1499825640625 0.3107458984375 0.129826515625 0.3053150515625 0.1134359546875 0.30990421874999996 0.09225768906250001 0.30429989218750003 0.09474765625 0.30874287968749997
1 0.16231823437499998 0.37649602187500003 0.1199617015625 0.365287371875 0.10814059375 0.3673016578125 0.09066674531249999 0.36500628125 0.118484925 0.3824585734375 0.1535898078125 0.393106634375 0.17183257968750001 0.39017194375 0.16231823437499998 0.37649602187500003
1 0.1738499390625 0.45484103749999993 0.1726705375 0.448610253125 0.150312865625 0.4367751421875 0.104409096875 0.42831484687500004 0.10344794531249998 0.43485243437500004 0.0887524109375 0.43503876874999997 0.1200217109375 0.4503964625 0.16918436875 0.4580696765625 0.1738499390625 0.45484103749999993
1 0.0928402296875 0.514130709375 0.09411574843750001 0.5197077375 0.0848807234375 0.5255112546875 0.09305848125 0.5268990828125 0.10385736875 0.5247113156250001 0.1315534140625 0.5287414796875 0.1603067265625 0.5255802968750001 0.16331231875000002 0.5193896671875 0.15171848906250002 0.5127316125 0.11306637343749999 0.5048319109375 0.10252078125 0.5124232234375 0.0928402296875 0.514130709375
1 0.168011875 0.5871942328124999 0.163765815625 0.5804430109375 0.1391104078125 0.5628573968749999 0.11885824375000001 0.55808030625 0.10237156875 0.5633232328125 0.128241425 0.5797748109375 0.147916896875 0.58847445 0.1642724109375 0.5912501078125 0.168011875 0.5871942328124999
1 0.08713333125 0.6384653234375001 0.10549823750000001 0.6489527609375 0.13504649062500002 0.6546373984375 0.1583042453125 0.6532238578125 0.156294853125 0.6455120765625 0.139493809375 0.6386403890625 0.131988859375 0.63267625 0.0929522828125 0.62739158125 0.0823456234375 0.6282718296875001 0.08093894375 0.6307133859375 0.08713333125 0.6384653234375001
1 0.1491733046875 0.71533093125 0.148823890625 0.710581140625 0.136941715625 0.7058843640625 0.10490349218749999 0.6957567375 0.099215703125 0.6988118984375 0.0684179515625 0.7016261234375001 0.09588672031249999 0.714328628125 0.1348271828125 0.7202670546875 0.1491733046875 0.71533093125
1 0.07462030625 0.7663353749999999 0.07375526875 0.7722192031249999 0.0926007515625 0.779437846875 0.11716907031249998 0.776236509375 0.1390201421875 0.777264525 0.14640295781249998 0.769806534375 0.13369079374999998 0.7636287609375 0.09177978906249999 0.7565161390624999 0.0762542640625 0.755221478125 0.0612703828125 0.7573690890625 0.07462030625 0.7663353749999999
1 0.06548936562499999 0.8284424484375 0.0811720734375 0.8357944156249999 0.1233714234375 0.8409457609375 0.1340741953125 0.839411753125 0.1365992125 0.8364899171875001 0.1343014734375 0.8307394109375 0.126315946875 0.8280440671875 0.0926788140625 0.8216655140625001 0.0620732921875 0.8231722234375001 0.05322272812499999 0.82636070625 0.06548936562499999 0.8284424484375
1 0.07432187500000001 0.8681353906249999 0.0630774609375 0.8662271265625 0.0664935328125 0.8714973515625 0.0628501828125 0.8748994671875 0.06776905 0.8770743796874999 0.0666156671875 0.8849194812500001 0.061950098437500004 0.8881481203125 0.0936389078125 0.8935259562500001 0.13111161875 0.8951948734374999 0.139420540625 0.8885641203124999 0.1299672640625 0.8815992640625 0.0799746171875 0.8724450562499999 0.07432187500000001 0.8681353906249999