1 0.7727760234375001 0.093892890625 0.798607775 0.09467458437500001 0.80717639375 0.09923865625 0.83030465625 0.09622077500000001 0.8401218374999999 0.09319142968750001 0.8539330312500001 0.0820647328125 0.854099734375 0.0783520125 0.848650790625 0.0750563734375 0.8079271406249999 0.07578075625 0.781263015625 0.08006134375 0.7853806203125 0.0860561015625 0.7727760234375001 0.093892890625
1 0.8635369421875 0.1410569015625 0.8621647906250001 0.13455820937500002 0.8424896171875 0.1314190875 0.8201517640624999 0.1336782 0.8062158296874999 0.144214109375 0.7951092734375 0.1456390609375 0.79673090625 0.15331933281250001 0.8360404453125 0.1503997671875 0.8635369421875 0.1410569015625
1 0.8009278406250001 0.204712353125 0.8233904328125 0.20304403125 0.8363681046875 0.21048093125 0.873806525 0.1986995109375 0.8767186828125 0.19448285625 0.87493034375 0.19051530156250002 0.842901203125 0.1828932296875 0.8279259515625 0.1862556671875 0.8149477046875001 0.185569425 0.82243446875 0.194014196875 0.8009278406250001 0.204712353125
1 0.8954321437500001 0.25609875 0.8940599921875 0.24960005624999998 0.887695896875 0.246472396875 0.8233030546875 0.2521550125 0.8240515015625001 0.2556997546875 0.843809453125 0.26373317812499997 0.8649407078125 0.264763971875 0.892519984375 0.26031540625 0.8954321437500001 0.25609875
1 0.9019163796875 0.31382248281249997 0.8933477578125 0.3092584109375 0.8623165453125001 0.306362659375 0.8309519249999999 0.3108923484375 0.8285795421875 0.32666997656249996 0.8539951078125 0.3299828078125 0.8899354859375 0.324613225 0.9008345234374999 0.317703184375 0.9019163796875 0.31382248281249997
1 0.8943807500000001 0.390689146875 0.9036989656250001 0.38529664218750004 0.904531340625 0.3802343640625 0.898832915625 0.37575714374999997 0.8770359921875001 0.3760759078125 0.857693075 0.379012665625 0.8425925078125 0.3885349734375 0.8560283296875 0.389137225 0.8611858265624999 0.39555479375 0.8943807500000001 0.390689146875
1 0.8543997953125 0.4624648765625 0.87969061875 0.4651869171875 0.9092249375 0.4609931859375 0.9194583062499999 0.4554327015625 0.915215959375 0.4488471546875 0.8856408265625 0.4438430765625 0.8543997953125 0.4624648765625
1 0.9246939812500001 0.5207498546875 0.9231970890625 0.513660371875 0.89108401875 0.5146453203125 0.8836380687500001 0.5153983578125 0.8646274125 0.524410996875 0.8669566796874999 0.5264382000000001 0.86350359375 0.53259520625 0.8962823296875 0.5302606984375 0.9246939812500001 0.5207498546875
1 0.92951346875 0.588598146875 0.941452396875 0.5821109156250001 0.937085309375 0.5749345781249999 0.9214029984375 0.577199421875 0.9072187328125001 0.5730524296875 0.897027328125 0.574309403125 0.88754240625 0.5834146265625 0.8711944265625 0.5870290312499999 0.9020589328125 0.5936375015625 0.92951346875 0.588598146875
1 0.8903648859375 0.6553115968750001 0.9243082578124999 0.6539906921875 0.93608048125 0.6512161796875 0.941613353125 0.6459048000000001 0.9434856187499999 0.6412653328125 0.937911934375 0.637378903125 0.9063397921874999 0.6364235015624999 0.8798004109375 0.641294878125 0.886580690625 0.6418914 0.8872452093750001 0.6540431609375 0.8903648859375 0.6553115968750001
1 0.91856441875 0.6943209453125 0.9002613953124999 0.6976805140625 0.882622890625 0.713191846875 0.9063748578125 0.713127915625 0.943771315625 0.7056500078125 0.9503440781249999 0.7007614359375001 0.9394461906249999 0.694170159375 0.91856441875 0.6943209453125
1 0.9341582015625001 0.7546684031249999 0.94085570625 0.750370625 0.928958740625 0.7525543453125 0.9341582015625001 0.7546684031249999
1 0.9312414421874999 0.8128903421875 0.9522899203125 0.8090268359375001 0.976417259375 0.7972339546875 0.97450418125 0.7926756125 0.9666840062500001 0.791656278125 0.9305361109374999 0.7915407703125 0.924587053125 0.799383290625 0.9021652734375 0.8102494265625 0.9152268749999999 0.8090793062499999 0.9312414421874999 0.8128903421875
1 0.9753727671875 0.850816428125 0.9759556593750001 0.8445725671875 0.9668461125000001 0.8419488421875 0.9451739296874999 0.8428583968750001 0.92774409375 0.8503534984375 0.9216702953125001 0.8576052296875 0.9402636140625 0.8646250500000001 0.9458792624999999 0.86420796875 0.9753727671875 0.850816428125
1 0.7135464296875 0.038486471875 0.7069328515625 0.03417723125 0.68214099375 0.033818350000000004 0.6645036390625 0.0358283625 0.6355510609375 0.047279554687499996 0.6695352453125001 0.0551564609375 0.7027301687499999 0.0502908140625 0.71192364375 0.044307518750000004 0.7135464296875 0.038486471875
1 0.6764764828125001 0.1195468671875 0.6959441375 0.11720089843749999 0.71953055 0.10734836406249999 0.7211533328125 0.10152731718750001 0.71362460625 0.0973860546875 0.6919524234375001 0.09829560937500001 0.656512159375 0.09252703281249999 0.660046875 0.1047656484375 0.65551193125 0.11480335312500001 0.6764764828125001 0.1195468671875
1 0.6613305 0.1738766453125 0.663992025 0.1819797296875 0.7184849078125 0.174432159375 0.7289677578125 0.17005325468750002 0.7335854765625001 0.1649098515625 0.7310486921875 0.1573975578125 0.7191936906249999 0.1552777671875 0.664950290625 0.164006921875 0.656921446875 0.17100381874999998 0.6576698921874999 0.174548559375 0.6613305 0.1738766453125
1 0.70791353125 0.241423365625 0.7201847203125 0.2410120140625 0.7436044265625 0.23487220312499998 0.7510923390625 0.22981565312500002 0.7502191515625001 0.22568012343750002 0.73811466875 0.22237875312500002 0.7355359203125 0.21916996875 0.709121278125 0.2246321359375 0.675468203125 0.2363324328125 0.6838293046875 0.23541141406250002 0.70791353125 0.241423365625
1 0.6929342515625 0.292040421875 0.7185992999999999 0.2965348359375 0.7261280265625001 0.3006760984375 0.7624845921875 0.29277537656249997 0.7690573546875 0.28788680625 0.7697649859375 0.2822337390625 0.7469701343749999 0.2778261796875 0.7260883625 0.2779769671875 0.7085337875 0.28488127812499997 0.7081175984375 0.28741241875 0.6929342515625 0.292040421875
1 0.7538285953125 0.337322284375 0.724751275 0.3481826875 0.721380965625 0.35923399375 0.7436768546875 0.361278390625 0.768760159375 0.358515340625 0.7830283546875 0.3540553140625 0.7829875390625001 0.34485750312499996 0.7538285953125 0.337322284375
1 0.765761771875 0.39834165781249997 0.7346466328125 0.40405292812500004 0.7386394968750001 0.4094568953125 0.732732403125 0.4129959046875 0.7914676328125 0.41203388125 0.79662628125 0.40495012968750005 0.7930076390624999 0.4013185328125 0.765761771875 0.39834165781249997
1 0.7279422296875 0.4893586328125 0.73717651875 0.49257314843750005 0.7545224265625 0.493685065625 0.7845976734375 0.487550984375 0.8056881140625001 0.47938396718750004 0.8066452296875 0.4749124796875 0.788925096875 0.472028190625 0.7789831765625 0.47446674531250005 0.7711630015625001 0.47344741093750004 0.7412124953125 0.4801722828125 0.7279422296875 0.4893586328125
1 0.774441334375 0.5655123734374999 0.7870039671875 0.5619790921875001 0.8100914156250001 0.5497634 0.808594521875 0.5426739171875 0.7932036578125 0.54181683125 0.7649587125 0.54761495625 0.7397914796875 0.5589850249999999 0.7333434609375 0.5644643859375 0.7443252734375 0.56244864375 0.774441334375 0.5655123734374999
1 0.8028064203125 0.6143103234375 0.80979536875 0.6068906125 0.8043464281249999 0.6035949734375 0.7824247609375 0.6033229484375 0.741242959375 0.61088198125 0.7603352421875 0.6202649640625 0.7723149859375 0.62297554375 0.791533159375 0.6194479953124999 0.8028064203125 0.6143103234375
1 0.8154891953125001 0.665373115625 0.813576115625 0.6608147718749999 0.8014716328124999 0.6575134031250001 0.7766378078125 0.66145803125 0.7541740671875 0.6766276765625 0.7618695 0.67705621875 0.765987103125 0.6830509765625 0.8009295546875 0.6729550718749999 0.8154891953125001 0.665373115625
1 0.7022179687500001 0.6916875421875 0.7042569390625 0.6833353546875001 0.6818363093750001 0.68070016875 0.6374520546875 0.68209646875 0.6394479125 0.6915491109375 0.634331228125 0.694329353125 0.649846834375 0.6957772265625 0.6606199796875 0.701777715625 0.7022179687500001 0.6916875421875
1 0.68474156875 0.7574914390624999 0.7119466234375 0.751270503125 0.72230473125 0.746300809375 0.7183118656249999 0.7408968406249999 0.6971806109375 0.739866046875 0.6677710343750001 0.7446505703125 0.6456407015625001 0.7523947734374999 0.65150583125 0.7531592734375 0.6472623359375 0.7600750484375001 0.68474156875 0.7574914390624999
1 0.79747186875 0.7331173609375 0.8184375671874999 0.724359553125 0.81719015625 0.7184516515625 0.8129058468749999 0.7161696140625 0.7750523890625 0.716980853125 0.751091753125 0.7250610140625 0.7542942078125 0.7312237500000001 0.7471805171875 0.73805266875 0.7680622890625 0.7379018828125 0.79747186875 0.7331173609375
1 0.728373928125 0.7930543609375 0.7240896203125 0.7907723234375 0.705162890625 0.79117794375 0.6922260328125 0.792938853125 0.669928996875 0.8043957781250001 0.690519321875 0.8073669203125 0.7120667640625 0.8058665749999999 0.728331965625 0.797357871875 0.728373928125 0.7930543609375
1 0.8235076875 0.7798881046874999 0.82354965 0.7755845953125 0.811819390625 0.774055596875 0.7824098125 0.77884011875 0.7567016515625 0.7921505375 0.7932237718749999 0.7940384171875 0.7988813828125 0.7893178265625 0.8152293640625 0.785703421875 0.8235076875 0.7798881046874999
1 0.7065701062499999 0.8743810515625 0.7349397921875 0.8691737171874999 0.7475443921875 0.8613369265624999 0.7461722390625 0.8548382328124999 0.7306566328125 0.8533903593750001 0.6866465984375 0.856559028125 0.68801875 0.8630577203125 0.6783263125000001 0.8666778546874999 0.6772444546874999 0.870558553125 0.7065701062499999 0.8743810515625
1 0.77387625625 0.8509804609374999 0.7836934375 0.8479511140625 0.821380190625 0.850852596875 0.8285766562499999 0.848917978125 0.84384393125 0.8356829515624999 0.8419308531249999 0.8311246078125001 0.8290359593750001 0.8285820062499999 0.7816148015625 0.8336041703125 0.7824320390625 0.843477715625 0.769841428125 0.8498800031249999 0.77387625625 0.8509804609374999
1 0.8551953687499999 0.8894448640625001 0.854197440625 0.8847185421875 0.8488732375 0.8820136921874999 0.8098551468749999 0.8818113296875 0.797126959375 0.8755560078125001 0.78914008125 0.8782493953125 0.79787425625 0.892602071875 0.8146372718749999 0.8999578484375 0.8457524125000001 0.894246578125 0.8551953687499999 0.8894448640625001
1 0.5692428390625001 0.0754064671875 0.579309503125 0.0735587046875 0.584842375 0.0682473234375 0.5843853718750001 0.0615806515625 0.562755153125 0.058186696875 0.5541445703125001 0.057926132812499996 0.512629359375 0.07291060625 0.508261121875 0.0792355890625 0.5474867296875 0.08492304375000001 0.5692428390625001 0.0754064671875
1 0.5397435828125 0.1563046171875 0.5671981171875 0.15126526093749998 0.5765991125000001 0.1507670546875 0.579968271875 0.1532170703125 0.5957345093749999 0.14234520625 0.5941128765625 0.1346649328125 0.5732730671875 0.1305122078125 0.5557604546875 0.1331130109375 0.536500315625 0.14094406875 0.5337128984375 0.145751515625 0.5397435828125 0.1563046171875
1 0.5486829765625 0.203145021875 0.548516271875 0.20685774375000002 0.5510950203125 0.2100665265625 0.5611197203125 0.21252227499999998 0.5839565375 0.2126263203125 0.622809071875 0.20304008437499999 0.62314248125 0.19561464374999998 0.60962388125 0.190118090625 0.5783012234375 0.1903442703125 0.5515123578125001 0.1940340671875 0.5539244015625 0.20095557031250003 0.5486829765625 0.203145021875
1 0.5696009640625 0.2661973296875 0.5841594546875 0.2721166953125 0.614484184375 0.2671641953125 0.626547853125 0.261267753125 0.6272554875 0.2556146828125 0.62272169375 0.2521510671875 0.610076284375 0.250790046875 0.5890697703125001 0.2503500421875 0.563570278125 0.2556442296875 0.55695555 0.264836309375 0.5696009640625 0.2661973296875
1 0.5757517890625 0.33134650468750004 0.5780810546875 0.3333737078125 0.6049527 0.33457821249999997 0.6474238765625 0.3286235703125 0.6464259484375 0.32389725 0.6513351125 0.3156319171875 0.636110953125 0.31106211093749997 0.600295315625 0.3170224828125 0.5895210203125 0.3245233171875 0.575377565625 0.329574134375 0.5757517890625 0.33134650468750004
1 0.653034925 0.3822117734375 0.6525779234375 0.375545103125 0.641388590625 0.3720757546875 0.6114800484375 0.374497115625 0.5846492171875 0.3824904234375 0.58373291875 0.39615972187500004 0.5945480265625 0.3978566984375 0.6477515359375 0.3887047359375 0.653034925 0.3822117734375
1 0.6085621406249999 0.44622037499999995 0.61829539375 0.4517980515625 0.64886960625 0.4480271296875 0.6583125640625 0.443225415625 0.662805540625 0.4374912234375 0.643130365625 0.4343521015625 0.640676359375 0.43173410624999997 0.6318990703125 0.4351862640625 0.597165290625 0.43726593593749996 0.5870566625 0.4434172109375 0.6085621406249999 0.44622037499999995
1 0.6100544343750001 0.5073151421875 0.6087639078125 0.519212071875 0.6363012218749999 0.5190670140625 0.6613017484375 0.5114096640625 0.6659194671875001 0.5062662625 0.6636321640625 0.4999355484375 0.6594725968749999 0.4982443015625 0.6458700687500001 0.5013547703125 0.6273595265624999 0.49922924999999996 0.6210782109374999 0.5009958890624999 0.6100544343750001 0.5073151421875
1 0.6719875171874999 0.5665211359375 0.6347577640625001 0.570286325 0.6157890734375 0.5749954546875 0.6127521734375 0.5786213203125 0.6372525859375 0.58210213125 0.6759384171875 0.5762286125 0.6810970640625 0.5691448609374999 0.6719875171874999 0.5665211359375
1 0.6987286703125 0.634641453125 0.6960251796875 0.630841878125 0.6784297875 0.6285483796875 0.6486040234375 0.6358640421875 0.6302590375 0.6435271234375 0.6576296453125 0.6470947875 0.6798427546875 0.6442448828125 0.6964821796875 0.6375085515625 0.6987286703125 0.634641453125
1 0.7224996 0.900300428125 0.6970409203125 0.9147924281250001 0.6860591078125 0.9168081703125001 0.704278203125 0.9220556203125 0.7157589828125 0.9224030390625 0.72316296875 0.9259535109374999 0.7315240703125 0.9250324937500001 0.7353513796875 0.9206478625000001 0.7552771875000001 0.9114672421875 0.755610596875 0.9040418015625 0.7484560921875001 0.9016729109374999 0.7382646890625 0.902929884375 0.7224996 0.900300428125
1 0.4186998984375 0.109789596875 0.46291859999999996 0.098604696875 0.46662116718749996 0.09362927343750001 0.463044490625 0.085694165625 0.440374378125 0.0818773984375 0.42053250000000003 0.082450996875 0.418784975 0.0876812546875 0.3835510796875 0.10089908750000001 0.4132509546875 0.10649395625 0.4186998984375 0.109789596875
1 0.446897128125 0.1758015859375 0.47123198750000006 0.1694937953125 0.4774305265625 0.1628328546875 0.47643259843749997 0.15810653125000002 0.464328115625 0.1548051625 0.45230640781250003 0.1563980921875 0.43483575781250006 0.154695384375 0.4061315125 0.18082947968750002 0.419235075 0.1753558515625 0.446897128125 0.1758015859375
1 0.43270826093750003 0.225659875 0.41652583437499996 0.2390628796875 0.41885510156250005 0.24109008437499999 0.44389644375000004 0.2426305453125 0.46939593437499993 0.23733635625 0.478131259375 0.2381877109375 0.49402223906250003 0.2279066359375 0.4924006046875 0.2202263625 0.48449765312500004 0.21431272968749998 0.48033808593750005 0.2126214828125 0.46752596874999997 0.21497318281250002 0.43270826093750003 0.225659875
1 0.502336778125 0.2852944125 0.502378740625 0.280990903125 0.4789182203125 0.2779329046875 0.4609066421875 0.278170546875 0.426753453125 0.30100899999999997 0.44751048281249994 0.30026742500000003 0.458575075 0.3031459828125 0.4893159921875 0.29566234062499996 0.502336778125 0.2852944125
1 0.45154071093750003 0.3553731640625 0.4442603171875 0.365914803125 0.45220523281249997 0.3675249265625 0.47063299687500004 0.364756146875 0.4864820109375 0.35877858125 0.5021643234375001 0.3565137375 0.51123305625 0.3499396515625 0.508030603125 0.343776915625 0.49917053749999996 0.342334771875 0.48860490937499995 0.3418193734375 0.4650604609375 0.3473683953125 0.45154071093750003 0.3553731640625
1 0.5125994578124999 0.423944946875 0.5257030203124999 0.4184713203125 0.5295303312499999 0.41408668593750003 0.5259116875000001 0.4104550890625 0.5140566875 0.40833529999999996 0.4782410515625 0.4142956703125 0.47008746874999996 0.42070177812500004 0.454529896875 0.4235574140625 0.4809853546875 0.42729305625 0.5125994578124999 0.423944946875
1 0.47199479687499996 0.4927667265625 0.48089682656250005 0.4899053609375 0.5014871515625 0.49287650312500003 0.5407139125 0.4850626375 0.542336696875 0.4792415890625 0.5367630109375 0.4753551609375 0.51642216875 0.473565596875 0.4998247046875 0.47599842031249995 0.4804398265625 0.4832386890625 0.48247764687499994 0.4883878234375 0.47199479687499996 0.4927667265625
1 0.48679817031250006 0.5538729546875001 0.496864834375 0.552025190625 0.5053926390625 0.5473914546875001 0.5567658468750001 0.5385754453125 0.562049234375 0.5320824859375 0.5606351203125 0.5298873015625001 0.542790246875 0.5264122234374999 0.5124655171875 0.531364725 0.50551853125 0.534480921875 0.49994369843750003 0.5440958140625 0.48679817031250006 0.5538729546875001
1 0.55443083125 0.604054846875 0.5766859046875 0.5969014328125 0.577518278125 0.591839153125 0.572069334375 0.5885435140624999 0.5427436828125 0.584721015625 0.5380431859375 0.58497011875 0.5245234375 0.5929748874999999 0.509131421875 0.6056191234375 0.508049565625 0.609499821875 0.55443083125 0.604054846875
1 0.525889840625 0.6669801843750001 0.5248079828125001 0.67086088125 0.5524700359375 0.6713066171875 0.5901579406249999 0.660706778125 0.5943594734375 0.6580945140625001 0.5954832921875 0.6499103078124999 0.5863737437500001 0.64728658125 0.5765565625 0.6503159265625 0.5517647046875 0.6499570453125 0.5459403875 0.6583903546875 0.525889840625 0.6669801843750001
1 0.5563766734375 0.712320246875 0.53432911875 0.7249587515625 0.553921515625 0.7232035734375 0.5641956968749999 0.7268409015625 0.5992628890625 0.7173357874999999 0.6047957578125 0.7120244062500001 0.599763003125 0.706197628125 0.5797963796875 0.706180434375 0.5695222 0.7025431078125 0.5629914015625 0.7031281671875 0.5563766734375 0.712320246875
1 0.5506736484375 0.761848309375 0.5515468343750001 0.7659838437500001 0.5413134687500001 0.7715443265624999 0.544515921875 0.7777070609375001 0.575090134375 0.7739361421875001 0.6089926906249999 0.763417425 0.617271015625 0.7576021078124999 0.6182281296875 0.7531306203125 0.6053332359375 0.7505880203124999 0.5726792406250001 0.753513315625 0.5539600296875 0.759404025 0.5506736484375 0.761848309375
1 0.608323571875 0.8052709468750001 0.5732563828125 0.8147760609375 0.55449520625 0.8249702796875 0.581200146875 0.8298875046875 0.5972986437500001 0.8250915203125 0.6122325078124999 0.819281934375 0.6251285515625 0.808323215625 0.608323571875 0.8052709468750001
1 0.5829838859375001 0.8878603406250001 0.6003297921875 0.8889722593749999 0.6304889671875 0.8742311578124999 0.6304061890625 0.86933685625 0.6250819890625 0.8666320093750001 0.610065346875 0.8675472937500001 0.6019956921875 0.86534638125 0.59821034375 0.865427503125 0.58240214375 0.8806028796875 0.5802803953125 0.884060765625 0.5829838859375001 0.8878603406250001
1 0.5842686593749999 0.9434700171875001 0.6207080015625001 0.9404635953125 0.6396766953124999 0.9357544656250001 0.648495946875 0.9279987999999999 0.644627821875 0.9231856234375 0.6334384890625 0.9197162750000001 0.6100187828125 0.9258560859375 0.5844773265625001 0.9354537859375001 0.5890111203124999 0.9389174046875001 0.5842686593749999 0.9434700171875001
1 0.23558918593749997 0.11148835937499998 0.2441997703125 0.111748921875 0.250147678125 0.117407721875 0.24278450468749999 0.1230550609375 0.24261780000000002 0.1267677796875 0.306553640625 0.1144184921875 0.3114208421875 0.110456671875 0.3118789921875 0.103622021875 0.3013553296875 0.0988031125 0.2851740546875 0.09870479843749999 0.251271496875 0.1092235140625 0.23558918593749997 0.11148835937499998
1 0.27251944375 0.20535434375 0.2810472484375 0.20072060937499997 0.294732553125 0.2025044390625 0.3029689125 0.20099263281250002 0.3377458078125 0.181108128125 0.3353337625 0.17418662499999998 0.3270146265625 0.1708041296875 0.2914484703125 0.1779460828125 0.2581276546875 0.1957222609375 0.2587513609375 0.19867621093750001 0.27251944375 0.20535434375
1 0.31581839375 0.2483427078125 0.30491935625 0.2552527484375 0.29485269375 0.2571005125 0.2957258796875 0.2612360453125 0.2856172546875 0.26738731875 0.3244686390625 0.27130240156249996 0.3445191890625 0.262712575 0.355750484375 0.2618784125 0.36261469218750003 0.25386791406250003 0.3607016140625 0.24930957031249998 0.35213299375 0.24474549531249998 0.332124409375 0.2490318140625 0.31581839375 0.2483427078125
1 0.3335735875 0.3279314109375 0.3403119046875 0.3328314421875 0.3458028140625 0.3318235703125 0.35815792968750004 0.3228052015625 0.3723841609375 0.32264868281250003 0.372550865625 0.3189359625 0.3800387796875 0.313879415625 0.3769610671875 0.3083074703125 0.36094649687499997 0.30449643437499996 0.32812579531249997 0.31113445156249997 0.299547440625 0.324358015625 0.3335735875 0.3279314109375
1 0.32787056406250004 0.377459475 0.331239721875 0.3799094890625 0.32986641875 0.38691211718749996 0.3543668328125 0.3903929296875 0.384816303125 0.3860312171875 0.39621430625 0.38148433593750003 0.40320325468749996 0.3740646265625 0.401290175 0.36950628281250003 0.39059980781250003 0.3684000953125 0.3772467625 0.37269214375000004 0.33103220312500004 0.3744244 0.32787056406250004 0.377459475
1 0.42337279531250005 0.43357219375 0.421709196875 0.4301954296875 0.4038643234375 0.4267203515625 0.3804865796875 0.42855665312499996 0.3719168109375 0.43749390000000005 0.3556516078125 0.44600260468749997 0.3789873875 0.44846981250000006 0.413222203125 0.44402697812499997 0.42337279531250005 0.43357219375
1 0.4291913625 0.49264548750000003 0.433975784375 0.48378936406250006 0.413884425 0.48318138125 0.38905059999999997 0.487126009375 0.3725767296875 0.5036509453125 0.3789408234375 0.5067786046875 0.4029842375 0.50359274375 0.4192494390625 0.495084040625 0.4291913625 0.49264548750000003
1 0.4497782375 0.5361205921875001 0.43293129218750004 0.5373718359375 0.41213229843750004 0.542416921875 0.383636721875 0.5605347859375 0.38617350625 0.56804708125 0.4320977703125 0.5559354359374999 0.4519407984375 0.541860515625 0.4497782375 0.5361205921875001
1 0.42893037968750003 0.6264771140625001 0.4491884453125 0.6233723765625 0.46532890781249997 0.6142728843749999 0.4651213875 0.6087877921875 0.45626132343750003 0.6073456484374999 0.4004790640625 0.6132888265625 0.39602805 0.614719509375 0.39290722499999997 0.6269523968749999 0.40388903750000005 0.6249366546874999 0.42893037968750003 0.6264771140625001
1 0.41241109375 0.6878095203125 0.4187751890625 0.69093718125 0.4374524359375 0.68934998125 0.4807559859375 0.6783330624999999 0.48641359843750004 0.6736124703125 0.4862060796875 0.6681273796875 0.4683612078125 0.6646523015625 0.45987536249999994 0.6649825265625 0.43225412343749997 0.6737346015625 0.41611366250000004 0.6828340984375 0.41241109375 0.6878095203125
1 0.48295591250000003 0.7337747578125 0.4787963421875 0.7320835109375 0.4534215921875 0.7379684906249999 0.4270897265625 0.7483249578125 0.4458497515625 0.751632059375 0.45957701875 0.74911238125 0.483787134375 0.7422138015625 0.48295591250000003 0.7337747578125
1 0.49368364375 0.7845827187500001 0.49647106093750004 0.7797752734375 0.4929771609375 0.77673446875 0.4497155734375 0.7834478781249999 0.42404937656249997 0.7924547859375 0.4242568953125 0.797939878125 0.4384411640625 0.8020868703125 0.46231787031250005 0.8026137296875 0.49368364375 0.7845827187500001
1 0.4637273859375 0.85881419375 0.4853167921875 0.8530103390624999 0.5037037421874999 0.8410437500000001 0.504411375 0.8353906796875 0.49933665468750005 0.8338674109375 0.4611917515625 0.8378005796875 0.45353713281249997 0.8465698484375 0.4356083328125 0.8517017890625 0.43531688749999997 0.85482371875 0.4637273859375 0.85881419375
1 0.440220303125 0.9140649890624999 0.4965434875 0.9061814609375001 0.51201828125 0.898431525 0.5091900500000001 0.8940411609375 0.5013698765625 0.893021828125 0.46701031718749997 0.896873871875 0.440220303125 0.9140649890624999
1 0.51816910625 0.9635807 0.5201661140625 0.9595320218750001 0.51617325 0.9541280562500001 0.46737879062500004 0.9661528468749999 0.463302 0.9693559 0.464299928125 0.9740822234375001 0.47195339843750006 0.9788142750000001 0.4873442625 0.979671359375 0.51816910625 0.9635807
1 0.21614854218750001 0.2850479859375 0.208411146875 0.2889229546875 0.1836192875 0.2885640734375 0.15454196874999998 0.299424478125 0.16697871250000001 0.308801728125 0.18902511718749998 0.3096645453125 0.227211984375 0.301427865625 0.2340761921875 0.293417365625 0.2321631140625 0.288859025 0.22434294062500001 0.2878396921875 0.2196016296875 0.2788909828125 0.21614854218750001 0.2850479859375
1 0.22620945625000002 0.350706828125 0.21880547031250003 0.3471563546875 0.18777310625000002 0.35776192500000004 0.186275065625 0.3641737640625 0.1753760265625 0.37108380625000004 0.1876891796875 0.36636894531249997 0.2002098515625 0.3671391765625 0.2062825 0.37338876718749997 0.22146584531250002 0.3687607609375 0.23935268125000003 0.36793233125 0.2522067609375 0.3612771203125 0.251333575 0.3571415890625 0.23885486718750001 0.3520678484375 0.22620945625000002 0.350706828125
1 0.23340017500000002 0.4162788125 0.20719305000000002 0.42722607031250004 0.19583701250000002 0.42746944375 0.20611119531250002 0.43110677031250005 0.23323232031250002 0.433492853125 0.23685095937499998 0.43712445000000005 0.23639281093750003 0.44395909843750003 0.239387746875 0.4446367453125 0.243880725 0.438902553125 0.26355705 0.428540353125 0.26817476875 0.42339695156249996 0.2653465390625 0.41900658437500005 0.24463147031250002 0.41544465312499995 0.23340017500000002 0.4162788125
1 0.22083293906249998 0.47381737656249995 0.21176420624999998 0.4803914609375 0.243585828125 0.48252844375 0.2563140171875 0.48878376562500003 0.2641761546875 0.4854995875 0.2750740421875 0.492090865625 0.28019072500000003 0.4893106234375 0.287761415625 0.48914837499999997 0.2921716171875 0.4785198828125 0.2893433859375 0.47412951718749996 0.2640945265625 0.46710396562499995 0.24150719375000002 0.4681814984375 0.22083293906249998 0.47381737656249995
1 0.21446194531249999 0.551697640625 0.2366750546875 0.5488477359374999 0.2508593234375 0.5529947296875 0.26117546875 0.552328546875 0.267623490625 0.5468491859375 0.2858437359375 0.5385953171875 0.287965484375 0.5351374296875 0.2852619953125 0.5313378546874999 0.264006 0.5297162703125 0.2501539921875 0.5316451578125 0.23147559375 0.5467336781250001 0.21446194531249999 0.551697640625
1 0.22776842656250001 0.6057143859375 0.22943202343750002 0.6090911484375 0.2631259140625 0.6065886625 0.2928269375 0.5986822109375 0.3020204125 0.592698915625 0.30089774375 0.5873818046875 0.26986652968749997 0.5844860546875 0.2569296734375 0.5862469609375001 0.2389589078125 0.5956824140625 0.2356305640625 0.6024302078125 0.22776842656250001 0.6057143859375
1 0.3235212890625 0.6495073640625 0.32501933125 0.6430955265625 0.31199969843750003 0.6399621343749999 0.2754356140625 0.642377765625 0.245567884375 0.6539969375 0.2528051671875 0.6612601296875 0.27539250000000004 0.660182596875 0.3185293453125 0.652878396875 0.3235212890625 0.6495073640625
1 0.3461868 0.7073294140625 0.33724395625 0.7009929703125 0.3045071828125 0.6990239671875 0.2770526484375 0.7040633203125 0.28171118125 0.7081177296875001 0.269356065625 0.7171361 0.297641825 0.7205357859375 0.3351630234375 0.713648665625 0.3461868 0.7073294140625
1 0.3059575109375 0.7644222421875 0.288111490625 0.7744484843749999 0.293809915625 0.778925703125 0.2974705203125 0.7782537890625 0.301463384375 0.78365775625 0.31648002656249996 0.7827424703125 0.3509235109375 0.77028340625 0.35566597187500004 0.76573079375 0.3528377421875 0.761340428125 0.33952665937500004 0.761328965625 0.33682317031250003 0.75752939375 0.3059575109375 0.7644222421875
1 0.3424330671875 0.8246189156250001 0.317599246875 0.8285635453125 0.299254259375 0.8362266265624999 0.296466840625 0.841034071875 0.3281637234375 0.8425802625 0.36293946718750003 0.8361970796874999 0.3631481359375 0.8281808484375001 0.3424330671875 0.8246189156250001
1 0.36996463125 0.8919804640625 0.3756222421875 0.887259875 0.3754147234375 0.8817747828125 0.3700905234375 0.8790699343749999 0.3484183390625 0.8799794875 0.3133931125 0.8851810921875 0.306945090625 0.890660453125 0.3195485390625 0.89632498125 0.333358584375 0.8986996046875 0.36996463125 0.8919804640625
1 0.34766299375 0.9574426718750001 0.382854925 0.9485283484375 0.39113325 0.9427130312499999 0.3903848015625 0.9391682906250001 0.3818161828125 0.9346042156250001 0.37046014375 0.9348475890625 0.3445444671875 0.942672915625 0.3290696734375 0.9504228515625 0.326157515625 0.95463950625 0.34766299375 0.9574426718750001
1 0.39118516406250003 1 0.3988240828125 0.9971468578125 0.40073831249999997 0.9882038812499999 0.38168684062499997 0.9880187093749999 0.3385499953125 0.9953229078125 0.34711288906250004 1 0.39118516406250003 1
1 0.1401559328125 0.2222857890625 0.1459382859375 0.2181559890625 0.1594988484375 0.21934903125 0.16819220937499998 0.22450389531249998 0.186121009375 0.21937195312500002 0.2129098765625 0.21568215781250002 0.21440791875 0.20927031875000002 0.209499903125 0.20403432968750002 0.1833358921875 0.1971767578125 0.159666703125 0.202134990625 0.1433595359375 0.2149472046875 0.1401559328125 0.2222857890625
1 0.1294724640625 0.140171678125 0.13816582500000002 0.14532654218750002 0.1741901296875 0.131349940625 0.1743987984375 0.12333371093750001 0.1662044015625 0.12054200468750001 0.1569281484375 0.1216310015625 0.1479433421875 0.119598065625 0.1261044546875 0.12422034062500001 0.11050492187500001 0.131379484375 0.1176174625 0.1380518875 0.1294724640625 0.140171678125
1 0 0.25127814531250003 0.03262509375 0.24877392812500002 0.04389835625 0.2436362546875 0.043815578125 0.238741953125 0.0359126265625 0.23282831874999999 0.02626215 0.23214494531250002 0.0223940265625 0.2273317671875 0.012576845312500001 0.23036111250000002 0 0.23163305781250002 0 0.25127814531250003
1 0 0.338126115625 0.013732279687500001 0.33938528125 0.0428923765625 0.333419178125 0.049797400000000006 0.3346064890625 0.0575347953125 0.330731521875 0.05799294687499999 0.3238968734375 0.05449904531250001 0.320856065625 0.0342829421875 0.31965729375 0.0098653078125 0.321070784375 0 0.32630025156250003 0 0.338126115625
1 0.027495760937500002 0.400068696875 0.01331034375 0.409423025 0.0179688765625 0.41347743125 0.0257890484375 0.41449676406249997 0.0617294265625 0.40912718281249993 0.07516524999999999 0.409729434375 0.0885602578125 0.4011338765625 0.0836522421875 0.3958978875 0.0725876515625 0.39301932968750003 0.043636221875 0.39096920156250003 0.03560738125 0.3979661 0.027495760937500002 0.400068696875
1 0.091881703125 0.47539400625 0.11068369062500001 0.474397596875 0.1140948125 0.4725441015625 0.11284740156249999 0.46663620000000006 0.0982889109375 0.46071683593749996 0.07973640625 0.4628948265625 0.062016273437500005 0.4600105375 0.030483798437499997 0.4817542671875 0.0692524046875 0.4807750484375 0.091881703125 0.47539400625
1 0.0510287109375 0.5295328828125 0.07436448906250001 0.5320000921875 0.0821427 0.537322934375 0.12008008437499999 0.527904675 0.1236579109375 0.5223384609374999 0.12070493906249999 0.51735730625 0.0981595703125 0.5141313281250001 0.0794823234375 0.5157185281250001 0.0671272078125 0.5247369 0.0475348078125 0.5264920765625 0.0510287109375 0.5295328828125
1 0.129228146875 0.5667288515625 0.09004335 0.5702392093750001 0.080725134375 0.5756317140625 0.06529230625 0.579078140625 0.0942017703125 0.5854317765625 0.127105246875 0.5836880609375 0.1415401484375 0.5755153125 0.129228146875 0.5667288515625
1 0.16358195312499998 0.6303834125 0.16062898125 0.6254022578125 0.1380836109375 0.6221762796875 0.09677706875 0.6291445234374999 0.09802447812500001 0.635052425 0.0857113265625 0.6397672859375 0.11686727968749999 0.6432538265625001 0.1606697953125 0.63460006875 0.16358195312499998 0.6303834125
1 0.11403329843750001 0.706370065625 0.11686152968750001 0.71076043125 0.11091247343749999 0.718602953125 0.11823368125 0.7172591234375 0.1266367484375 0.7120345968749999 0.15122108750000002 0.7069083875 0.174433275 0.6952834828125 0.1750161671875 0.6890396234375 0.163161165625 0.6869198359375 0.1281359390625 0.6921214375 0.12164595468749999 0.7019043078125 0.11403329843750001 0.706370065625
1 0.20030239062500002 0.7457669484375 0.1946039640625 0.7412897296875001 0.1683152140625 0.7338413671875 0.149762709375 0.73601935625 0.1375323328125 0.7456285171875 0.16448675468750001 0.751727321875 0.18378770625000002 0.753094071875 0.1984301234375 0.750406415625 0.20030239062500002 0.7457669484375
1 0.14834169375 0.8148320984374999 0.16710171875 0.8181392000000001 0.19376584218749998 0.8138586125 0.21290123906249997 0.8054367640625 0.20878363437499997 0.79944200625 0.1924776171875 0.7987529 0.184283221875 0.795961196875 0.149756959375 0.8035259609375001 0.14110441093749998 0.80756890625 0.1406882234375 0.8101000468749999 0.14834169375 0.8148320984374999
1 0.2247516390625 0.8615618375 0.22296330156250002 0.857594284375 0.21148252343750001 0.8572468640625001 0.1813244984375 0.8584866453125001 0.1774971890625 0.862871278125 0.15245469843749998 0.8748321390625 0.179575825 0.877218225 0.214226828125 0.87024425 0.2247516390625 0.8615618375
1 0.17803236718749998 0.9284375328125 0.1791550375 0.9337546453125001 0.19729135625 0.934107796875 0.21696767968750003 0.9237455984375 0.23568689062499998 0.9178548875000001 0.2395561640625 0.90916674375 0.2269107515625 0.9078057218750001 0.18938955468750002 0.9146928421875 0.1759117703125 0.9183941000000001 0.1639728390625 0.9248813312499999 0.17803236718749998 0.9284375328125
1 0.18988276875 0.9845626062499999 0.205398375 0.9860104812499999 0.24254535000000002 0.9773509921875 0.25107315625000004 0.9727172562499999 0.252279753125 0.9694273484375 0.248536371875 0.9652049609375 0.2409656796875 0.965367209375 0.21064095 0.9703197093749999 0.1853489765625 0.9810989890625 0.17890095625 0.9865783499999999 0.18988276875 0.9845626062499999
1 0 0.1690559265625 0.00417953125 0.168079034375 0.010169403125 0.169434325 0.020527509375 0.16446463125 0.0251452328125 0.159321228125 0.023523596875 0.1516409546875 0.018199395312499998 0.14893610625 0.006718615625 0.1485886875 0 0.149821909375 0 0.1690559265625